Date,Low,Open,Volume,High,Close,Adjusted Close
31-10-1995,3.4749999046325684,3.4749999046325684,15479500,4.199999809265137,4.074999809265137,4.074999809265137
01-11-1995,3.875,3.9000000953674316,3056500,3.950000047683716,3.9000000953674316,3.9000000953674316
02-11-1995,3.9000000953674316,3.950000047683716,1185500,4.224999904632568,4.175000190734863,4.175000190734863
03-11-1995,3.8499999046325684,4.175000190734863,1823500,4.224999904632568,4.0,4.0
06-11-1995,3.875,3.9749999046325684,339500,4.0,3.9000000953674316,3.9000000953674316
07-11-1995,3.75,3.875,627500,3.9749999046325684,3.799999952316284,3.799999952316284
08-11-1995,3.5999999046325684,3.700000047683716,1214000,3.825000047683716,3.825000047683716,3.825000047683716
09-11-1995,3.825000047683716,3.825000047683716,831000,4.074999809265137,4.050000190734863,4.050000190734863
10-11-1995,4.050000190734863,4.074999809265137,458500,4.150000095367432,4.099999904632568,4.099999904632568
13-11-1995,4.099999904632568,4.125,251500,4.199999809265137,4.150000095367432,4.150000095367432
14-11-1995,4.125,4.175000190734863,365500,4.199999809265137,4.150000095367432,4.150000095367432
15-11-1995,4.050000190734863,4.125,593500,4.125,4.099999904632568,4.099999904632568
16-11-1995,4.074999809265137,4.099999904632568,426500,4.125,4.099999904632568,4.099999904632568
17-11-1995,4.099999904632568,4.099999904632568,80500,4.150000095367432,4.150000095367432,4.150000095367432
20-11-1995,4.199999809265137,4.199999809265137,253500,4.300000190734863,4.300000190734863,4.300000190734863
21-11-1995,4.300000190734863,4.300000190734863,707000,4.349999904632568,4.300000190734863,4.300000190734863
22-11-1995,4.275000095367432,4.275000095367432,235500,4.425000190734863,4.400000095367432,4.400000095367432
24-11-1995,4.449999809265137,4.474999904632568,29500,4.525000095367432,4.525000095367432,4.525000095367432
27-11-1995,4.5,4.5,189000,4.925000190734863,4.849999904632568,4.849999904632568
28-11-1995,4.949999809265137,4.949999809265137,700500,5.349999904632568,5.324999809265137,5.324999809265137
29-11-1995,5.275000095367432,5.300000190734863,1008000,5.849999904632568,5.599999904632568,5.599999904632568
30-11-1995,5.324999809265137,5.449999809265137,705500,5.474999904632568,5.375,5.375
01-12-1995,5.300000190734863,5.349999904632568,754000,5.474999904632568,5.375,5.375
04-12-1995,5.125,5.199999809265137,341000,5.275000095367432,5.25,5.25
05-12-1995,5.25,5.275000095367432,55500,5.349999904632568,5.324999809265137,5.324999809265137
06-12-1995,5.5,5.5,658000,5.775000095367432,5.675000190734863,5.675000190734863
07-12-1995,5.650000095367432,5.699999809265137,576500,5.724999904632568,5.650000095367432,5.650000095367432
08-12-1995,5.625,5.625,502500,5.724999904632568,5.699999809265137,5.699999809265137
11-12-1995,5.699999809265137,5.724999904632568,335000,5.75,5.724999904632568,5.724999904632568
12-12-1995,5.724999904632568,5.724999904632568,274000,5.974999904632568,5.925000190734863,5.925000190734863
13-12-1995,5.949999809265137,5.949999809265137,484000,5.974999904632568,5.949999809265137,5.949999809265137
14-12-1995,5.900000095367432,5.900000095367432,272500,6.0,5.949999809265137,5.949999809265137
15-12-1995,5.925000190734863,5.949999809265137,114500,5.949999809265137,5.949999809265137,5.949999809265137
18-12-1995,5.699999809265137,5.949999809265137,170000,5.949999809265137,5.724999904632568,5.724999904632568
19-12-1995,5.449999809265137,5.675000190734863,342500,5.675000190734863,5.449999809265137,5.449999809265137
20-12-1995,5.175000190734863,5.474999904632568,71500,5.474999904632568,5.275000095367432,5.275000095367432
21-12-1995,5.199999809265137,5.275000095367432,407500,5.349999904632568,5.199999809265137,5.199999809265137
22-12-1995,5.199999809265137,5.224999904632568,224000,5.25,5.199999809265137,5.199999809265137
26-12-1995,5.199999809265137,5.224999904632568,152000,5.224999904632568,5.199999809265137,5.199999809265137
27-12-1995,5.25,5.25,469500,5.599999904632568,5.599999904632568,5.599999904632568
28-12-1995,5.574999809265137,5.599999904632568,175000,5.599999904632568,5.599999904632568,5.599999904632568
29-12-1995,5.625,5.625,595000,6.0,6.0,6.0
02-01-1996,5.849999904632568,5.900000095367432,57000,5.900000095367432,5.849999904632568,5.849999904632568
03-01-1996,5.900000095367432,5.949999809265137,160500,6.0,5.900000095367432,5.900000095367432
04-01-1996,5.650000095367432,5.925000190734863,117500,5.925000190734863,5.650000095367432,5.650000095367432
05-01-1996,5.625,5.675000190734863,7500,5.675000190734863,5.625,5.625
08-01-1996,5.599999904632568,5.625,4000,5.625,5.599999904632568,5.599999904632568
09-01-1996,5.5,5.574999809265137,330000,5.650000095367432,5.5,5.5
10-01-1996,5.400000095367432,5.425000190734863,93000,5.550000190734863,5.550000190734863,5.550000190734863
11-01-1996,5.525000095367432,5.550000190734863,62000,5.574999809265137,5.550000190734863,5.550000190734863
12-01-1996,5.574999809265137,5.574999809265137,104000,5.800000190734863,5.75,5.75
15-01-1996,5.800000190734863,5.800000190734863,7000,5.849999904632568,5.849999904632568,5.849999904632568
16-01-1996,5.900000095367432,5.900000095367432,74000,5.974999904632568,5.974999904632568,5.974999904632568
17-01-1996,5.900000095367432,5.974999904632568,91000,5.974999904632568,5.949999809265137,5.949999809265137
18-01-1996,5.675000190734863,5.900000095367432,163000,5.900000095367432,5.675000190734863,5.675000190734863
19-01-1996,5.599999904632568,5.699999809265137,39000,5.724999904632568,5.675000190734863,5.675000190734863
22-01-1996,5.599999904632568,5.675000190734863,42000,5.675000190734863,5.625,5.625
23-01-1996,5.599999904632568,5.650000095367432,47000,5.650000095367432,5.599999904632568,5.599999904632568
24-01-1996,5.574999809265137,5.675000190734863,62500,5.699999809265137,5.574999809265137,5.574999809265137
25-01-1996,5.599999904632568,5.599999904632568,18000,5.599999904632568,5.599999904632568,5.599999904632568
26-01-1996,5.525000095367432,5.550000190734863,36000,5.574999809265137,5.525000095367432,5.525000095367432
29-01-1996,5.400000095367432,5.525000095367432,173000,5.525000095367432,5.474999904632568,5.474999904632568
30-01-1996,5.449999809265137,5.449999809265137,35500,5.5,5.474999904632568,5.474999904632568
31-01-1996,5.5,5.5,114500,5.550000190734863,5.550000190734863,5.550000190734863
01-02-1996,5.474999904632568,5.525000095367432,120000,5.699999809265137,5.699999809265137,5.699999809265137
02-02-1996,5.724999904632568,5.724999904632568,155000,5.900000095367432,5.875,5.875
05-02-1996,5.900000095367432,5.900000095367432,60500,5.949999809265137,5.949999809265137,5.949999809265137
06-02-1996,5.925000190734863,5.925000190734863,521500,6.275000095367432,6.25,6.25
07-02-1996,6.324999809265137,6.324999809265137,448500,6.449999809265137,6.400000095367432,6.400000095367432
08-02-1996,6.025000095367432,6.400000095367432,550000,6.400000095367432,6.150000095367432,6.150000095367432
09-02-1996,6.050000190734863,6.099999904632568,164000,6.150000095367432,6.074999809265137,6.074999809265137
12-02-1996,6.074999809265137,6.074999809265137,124000,6.224999904632568,6.224999904632568,6.224999904632568
13-02-1996,5.875,6.199999809265137,308500,6.199999809265137,5.875,5.875
14-02-1996,5.849999904632568,5.875,100000,5.875,5.875,5.875
15-02-1996,5.75,5.849999904632568,181500,5.849999904632568,5.800000190734863,5.800000190734863
16-02-1996,5.775000095367432,5.800000190734863,641000,5.875,5.875,5.875
20-02-1996,5.800000190734863,5.824999809265137,67500,5.849999904632568,5.800000190734863,5.800000190734863
21-02-1996,5.824999809265137,5.824999809265137,163000,5.849999904632568,5.824999809265137,5.824999809265137
22-02-1996,5.800000190734863,5.800000190734863,64500,6.050000190734863,6.050000190734863,6.050000190734863
23-02-1996,5.974999904632568,6.050000190734863,283500,6.099999904632568,6.0,6.0
26-02-1996,6.050000190734863,6.050000190734863,211500,6.099999904632568,6.099999904632568,6.099999904632568
27-02-1996,6.025000095367432,6.050000190734863,62500,6.125,6.125,6.125
28-02-1996,5.974999904632568,6.150000095367432,19500,6.150000095367432,5.974999904632568,5.974999904632568
29-02-1996,5.875,5.949999809265137,37500,5.949999809265137,5.900000095367432,5.900000095367432
01-03-1996,5.900000095367432,5.949999809265137,10500,5.949999809265137,5.949999809265137,5.949999809265137
04-03-1996,5.974999904632568,5.974999904632568,500,5.974999904632568,5.974999904632568,5.974999904632568
05-03-1996,5.925000190734863,6.0,66000,6.0,6.0,6.0
06-03-1996,5.925000190734863,6.0,303500,6.0,5.925000190734863,5.925000190734863
07-03-1996,5.925000190734863,5.925000190734863,72500,6.074999809265137,6.074999809265137,6.074999809265137
08-03-1996,5.949999809265137,6.025000095367432,126500,6.025000095367432,6.0,6.0
11-03-1996,5.849999904632568,5.949999809265137,138000,5.949999809265137,5.900000095367432,5.900000095367432
12-03-1996,5.875,5.925000190734863,70000,5.925000190734863,5.875,5.875
13-03-1996,5.875,5.900000095367432,326500,5.925000190734863,5.925000190734863,5.925000190734863
14-03-1996,5.925000190734863,5.925000190734863,205000,5.949999809265137,5.949999809265137,5.949999809265137
15-03-1996,5.875,5.949999809265137,18000,5.949999809265137,5.925000190734863,5.925000190734863
18-03-1996,5.949999809265137,5.974999904632568,67000,6.050000190734863,5.949999809265137,5.949999809265137
19-03-1996,5.900000095367432,5.949999809265137,435000,5.974999904632568,5.949999809265137,5.949999809265137
20-03-1996,5.900000095367432,5.949999809265137,82500,5.949999809265137,5.925000190734863,5.925000190734863
21-03-1996,5.875,5.900000095367432,333000,5.925000190734863,5.875,5.875
22-03-1996,5.824999809265137,5.900000095367432,51000,5.900000095367432,5.824999809265137,5.824999809265137
25-03-1996,5.800000190734863,5.800000190734863,148500,5.974999904632568,5.974999904632568,5.974999904632568
26-03-1996,6.0,6.0,213000,6.150000095367432,6.125,6.125
27-03-1996,6.050000190734863,6.150000095367432,320000,6.199999809265137,6.175000190734863,6.175000190734863
28-03-1996,6.150000095367432,6.150000095367432,201000,6.25,6.199999809265137,6.199999809265137
29-03-1996,6.125,6.199999809265137,170000,6.224999904632568,6.224999904632568,6.224999904632568
01-04-1996,6.199999809265137,6.199999809265137,240500,6.650000095367432,6.574999809265137,6.574999809265137
02-04-1996,6.525000095367432,6.574999809265137,39500,6.574999809265137,6.550000190734863,6.550000190734863
03-04-1996,6.574999809265137,6.599999904632568,218000,6.724999904632568,6.625,6.625
04-04-1996,6.650000095367432,6.650000095367432,11919000,7.050000190734863,7.0,7.0
08-04-1996,6.925000190734863,7.0,1440000,7.074999809265137,7.050000190734863,7.050000190734863
09-04-1996,7.050000190734863,7.199999809265137,1014500,7.199999809265137,7.099999904632568,7.099999904632568
10-04-1996,7.125,7.150000095367432,1009000,7.324999809265137,7.25,7.25
11-04-1996,7.125,7.300000190734863,933000,7.300000190734863,7.125,7.125
12-04-1996,7.025000095367432,7.125,288500,7.125,7.074999809265137,7.074999809265137
15-04-1996,7.050000190734863,7.050000190734863,57500,7.099999904632568,7.074999809265137,7.074999809265137
16-04-1996,7.099999904632568,7.099999904632568,655000,7.150000095367432,7.150000095367432,7.150000095367432
17-04-1996,7.175000190734863,7.175000190734863,563000,7.275000095367432,7.25,7.25
18-04-1996,7.050000190734863,7.275000095367432,251500,7.275000095367432,7.074999809265137,7.074999809265137
19-04-1996,7.025000095367432,7.074999809265137,431000,7.125,7.099999904632568,7.099999904632568
22-04-1996,7.099999904632568,7.099999904632568,343000,7.25,7.199999809265137,7.199999809265137
23-04-1996,7.25,7.25,788000,7.650000095367432,7.625,7.625
24-04-1996,7.650000095367432,7.650000095367432,445000,8.074999809265137,8.074999809265137,8.074999809265137
25-04-1996,7.949999809265137,8.050000190734863,935500,8.100000381469727,7.949999809265137,7.949999809265137
26-04-1996,7.824999809265137,7.824999809265137,417000,7.900000095367432,7.875,7.875
29-04-1996,7.550000190734863,7.800000190734863,213500,7.800000190734863,7.599999904632568,7.599999904632568
30-04-1996,7.425000190734863,7.625,667000,7.650000095367432,7.650000095367432,7.650000095367432
01-05-1996,7.625,7.675000190734863,259500,7.724999904632568,7.699999809265137,7.699999809265137
02-05-1996,7.224999904632568,7.75,1032000,7.75,7.275000095367432,7.275000095367432
03-05-1996,7.025000095367432,7.25,548000,7.300000190734863,7.099999904632568,7.099999904632568
06-05-1996,7.074999809265137,7.074999809265137,822000,7.5,7.5,7.5
07-05-1996,7.574999809265137,7.599999904632568,531000,7.800000190734863,7.800000190734863,7.800000190734863
08-05-1996,7.675000190734863,7.849999904632568,264000,7.875,7.875,7.875
09-05-1996,7.849999904632568,7.849999904632568,237000,7.974999904632568,7.974999904632568,7.974999904632568
10-05-1996,7.925000190734863,7.925000190734863,404000,8.649999618530273,8.649999618530273,8.649999618530273
13-05-1996,8.625,8.699999809265137,284500,9.100000381469727,9.024999618530273,9.024999618530273
14-05-1996,8.75,9.0,334500,9.050000190734863,8.774999618530273,8.774999618530273
15-05-1996,8.550000190734863,8.75,179500,8.75,8.649999618530273,8.649999618530273
16-05-1996,8.449999809265137,8.600000381469727,85000,8.649999618530273,8.449999809265137,8.449999809265137
17-05-1996,8.199999809265137,8.399999618530273,86000,8.399999618530273,8.225000381469727,8.225000381469727
20-05-1996,8.175000190734863,8.225000381469727,34000,8.274999618530273,8.25,8.25
21-05-1996,8.175000190734863,8.274999618530273,29000,8.274999618530273,8.175000190734863,8.175000190734863
22-05-1996,8.0,8.199999809265137,315500,8.199999809265137,8.024999618530273,8.024999618530273
23-05-1996,7.824999809265137,8.074999809265137,583500,8.074999809265137,7.925000190734863,7.925000190734863
24-05-1996,7.949999809265137,7.949999809265137,116000,8.225000381469727,8.199999809265137,8.199999809265137
28-05-1996,8.050000190734863,8.274999618530273,47000,8.274999618530273,8.050000190734863,8.050000190734863
29-05-1996,7.925000190734863,8.024999618530273,297000,8.050000190734863,7.925000190734863,7.925000190734863
30-05-1996,7.925000190734863,7.974999904632568,369000,8.300000190734863,8.225000381469727,8.225000381469727
31-05-1996,8.149999618530273,8.175000190734863,567500,8.25,8.25,8.25
03-06-1996,8.225000381469727,8.225000381469727,70000,8.274999618530273,8.274999618530273,8.274999618530273
04-06-1996,8.149999618530273,8.274999618530273,43000,8.274999618530273,8.175000190734863,8.175000190734863
05-06-1996,7.699999809265137,8.125,294500,8.125,7.974999904632568,7.974999904632568
06-06-1996,8.0,8.0,98000,8.074999809265137,8.074999809265137,8.074999809265137
07-06-1996,7.900000095367432,8.024999618530273,15000,8.024999618530273,7.900000095367432,7.900000095367432
10-06-1996,7.724999904632568,7.925000190734863,37000,7.925000190734863,7.724999904632568,7.724999904632568
11-06-1996,7.699999809265137,7.724999904632568,143500,7.75,7.699999809265137,7.699999809265137
12-06-1996,7.699999809265137,7.724999904632568,100500,7.75,7.724999904632568,7.724999904632568
13-06-1996,7.699999809265137,7.724999904632568,10000,7.724999904632568,7.699999809265137,7.699999809265137
14-06-1996,7.675000190734863,7.675000190734863,32000,7.775000095367432,7.775000095367432,7.775000095367432
17-06-1996,7.724999904632568,7.75,109000,7.775000095367432,7.75,7.75
18-06-1996,7.699999809265137,7.75,57000,7.775000095367432,7.775000095367432,7.775000095367432
19-06-1996,7.675000190734863,7.75,323000,7.824999809265137,7.775000095367432,7.775000095367432
20-06-1996,7.724999904632568,7.75,271500,7.75,7.75,7.75
21-06-1996,7.699999809265137,7.75,304500,7.75,7.724999904632568,7.724999904632568
24-06-1996,7.375,7.699999809265137,298500,7.699999809265137,7.574999809265137,7.574999809265137
25-06-1996,7.574999809265137,7.599999904632568,83000,7.75,7.75,7.75
26-06-1996,7.675000190734863,7.75,314000,7.775000095367432,7.675000190734863,7.675000190734863
27-06-1996,7.599999904632568,7.650000095367432,145500,7.849999904632568,7.849999904632568,7.849999904632568
28-06-1996,7.75,7.849999904632568,526500,8.449999809265137,8.449999809265137,8.449999809265137
01-07-1996,8.399999618530273,8.399999618530273,91500,8.524999618530273,8.449999809265137,8.449999809265137
02-07-1996,8.324999809265137,8.475000381469727,233500,8.475000381469727,8.375,8.375
03-07-1996,8.199999809265137,8.375,139500,8.375,8.199999809265137,8.199999809265137
05-07-1996,8.149999618530273,8.225000381469727,16000,8.25,8.175000190734863,8.175000190734863
08-07-1996,7.75,8.125,362500,8.149999618530273,7.800000190734863,7.800000190734863
09-07-1996,7.824999809265137,7.849999904632568,18500,7.875,7.875,7.875
10-07-1996,7.775000095367432,7.875,134000,7.875,7.824999809265137,7.824999809265137
11-07-1996,7.150000095367432,7.800000190734863,472500,7.824999809265137,7.150000095367432,7.150000095367432
12-07-1996,6.900000095367432,7.150000095367432,246500,7.150000095367432,7.050000190734863,7.050000190734863
15-07-1996,6.724999904632568,7.099999904632568,351500,7.125,6.724999904632568,6.724999904632568
16-07-1996,6.400000095367432,6.75,302500,6.75,6.5,6.5
17-07-1996,6.5,6.5,440500,6.800000190734863,6.775000095367432,6.775000095367432
18-07-1996,6.724999904632568,6.724999904632568,409000,6.875,6.824999809265137,6.824999809265137
19-07-1996,6.849999904632568,6.849999904632568,115000,7.099999904632568,7.099999904632568,7.099999904632568
22-07-1996,6.925000190734863,7.025000095367432,424000,7.025000095367432,6.949999809265137,6.949999809265137
23-07-1996,6.800000190734863,6.900000095367432,103000,6.900000095367432,6.824999809265137,6.824999809265137
24-07-1996,6.724999904632568,6.800000190734863,148000,6.800000190734863,6.724999904632568,6.724999904632568
25-07-1996,6.724999904632568,6.724999904632568,661000,6.900000095367432,6.900000095367432,6.900000095367432
26-07-1996,6.849999904632568,6.849999904632568,62500,7.025000095367432,7.025000095367432,7.025000095367432
29-07-1996,6.974999904632568,7.025000095367432,48500,7.125,7.099999904632568,7.099999904632568
30-07-1996,7.125,7.125,78500,7.175000190734863,7.125,7.125
31-07-1996,7.125,7.125,235500,7.150000095367432,7.150000095367432,7.150000095367432
01-08-1996,6.849999904632568,7.125,206000,7.125,6.949999809265137,6.949999809265137
02-08-1996,6.900000095367432,6.974999904632568,286000,7.025000095367432,7.025000095367432,7.025000095367432
05-08-1996,7.099999904632568,7.125,297500,7.425000190734863,7.324999809265137,7.324999809265137
06-08-1996,7.375,7.375,89000,7.5,7.425000190734863,7.425000190734863
07-08-1996,7.474999904632568,7.5,199500,7.75,7.599999904632568,7.599999904632568
08-08-1996,7.449999809265137,7.599999904632568,427000,7.75,7.449999809265137,7.449999809265137
09-08-1996,7.449999809265137,7.474999904632568,271500,7.599999904632568,7.599999904632568,7.599999904632568
12-08-1996,7.574999809265137,7.599999904632568,84000,7.675000190734863,7.675000190734863,7.675000190734863
13-08-1996,7.574999809265137,7.675000190734863,63500,7.675000190734863,7.599999904632568,7.599999904632568
14-08-1996,7.599999904632568,7.599999904632568,10000,7.599999904632568,7.599999904632568,7.599999904632568
15-08-1996,7.550000190734863,7.574999809265137,75000,7.599999904632568,7.574999809265137,7.574999809265137
16-08-1996,7.550000190734863,7.574999809265137,35000,7.574999809265137,7.550000190734863,7.550000190734863
19-08-1996,7.474999904632568,7.550000190734863,13000,7.550000190734863,7.474999904632568,7.474999904632568
20-08-1996,7.275000095367432,7.5,53500,7.5,7.275000095367432,7.275000095367432
21-08-1996,7.275000095367432,7.300000190734863,226500,7.474999904632568,7.449999809265137,7.449999809265137
22-08-1996,7.425000190734863,7.449999809265137,13000,7.5,7.5,7.5
23-08-1996,7.474999904632568,7.474999904632568,100000,7.625,7.574999809265137,7.574999809265137
26-08-1996,7.550000190734863,7.574999809265137,62500,7.724999904632568,7.724999904632568,7.724999904632568
27-08-1996,7.775000095367432,7.800000190734863,199000,7.875,7.875,7.875
28-08-1996,7.875,7.875,685500,8.125,7.974999904632568,7.974999904632568
29-08-1996,8.0,8.0,329500,8.100000381469727,8.100000381469727,8.100000381469727
30-08-1996,8.074999809265137,8.100000381469727,141000,8.25,8.225000381469727,8.225000381469727
03-09-1996,7.925000190734863,8.175000190734863,449500,8.175000190734863,8.100000381469727,8.100000381469727
04-09-1996,7.949999809265137,8.050000190734863,142000,8.074999809265137,8.050000190734863,8.050000190734863
05-09-1996,7.925000190734863,8.024999618530273,242000,8.024999618530273,7.949999809265137,7.949999809265137
06-09-1996,7.925000190734863,7.974999904632568,129500,7.974999904632568,7.974999904632568,7.974999904632568
09-09-1996,7.900000095367432,7.974999904632568,219500,7.974999904632568,7.900000095367432,7.900000095367432
10-09-1996,7.75,7.900000095367432,11000,7.900000095367432,7.775000095367432,7.775000095367432
11-09-1996,7.599999904632568,7.724999904632568,47500,7.724999904632568,7.625,7.625
12-09-1996,7.5,7.625,166500,7.625,7.5,7.5
13-09-1996,7.525000095367432,7.525000095367432,383500,7.574999809265137,7.550000190734863,7.550000190734863
16-09-1996,7.599999904632568,7.599999904632568,637000,7.925000190734863,7.824999809265137,7.824999809265137
17-09-1996,7.574999809265137,7.775000095367432,239500,7.775000095367432,7.699999809265137,7.699999809265137
18-09-1996,7.650000095367432,7.675000190734863,111000,7.699999809265137,7.699999809265137,7.699999809265137
19-09-1996,7.675000190734863,7.675000190734863,89500,7.875,7.875,7.875
20-09-1996,7.800000190734863,7.824999809265137,62000,7.849999904632568,7.849999904632568,7.849999904632568
23-09-1996,7.699999809265137,7.849999904632568,654000,7.849999904632568,7.800000190734863,7.800000190734863
24-09-1996,7.75,7.775000095367432,27500,7.849999904632568,7.775000095367432,7.775000095367432
25-09-1996,7.699999809265137,7.75,62000,7.775000095367432,7.775000095367432,7.775000095367432
26-09-1996,7.775000095367432,7.800000190734863,79500,7.800000190734863,7.775000095367432,7.775000095367432
27-09-1996,7.75,7.75,31500,7.800000190734863,7.800000190734863,7.800000190734863
30-09-1996,7.800000190734863,7.800000190734863,363000,8.0,8.0,8.0
01-10-1996,7.775000095367432,7.949999809265137,368500,7.949999809265137,7.800000190734863,7.800000190734863
02-10-1996,7.849999904632568,7.849999904632568,122500,8.125,8.125,8.125
03-10-1996,8.100000381469727,8.100000381469727,38000,8.149999618530273,8.149999618530273,8.149999618530273
04-10-1996,8.175000190734863,8.175000190734863,648500,8.600000381469727,8.600000381469727,8.600000381469727
07-10-1996,8.574999809265137,8.649999618530273,182500,8.899999618530273,8.875,8.875
08-10-1996,8.925000190734863,8.925000190734863,336500,9.274999618530273,9.0,9.0
09-10-1996,8.850000381469727,8.899999618530273,116000,8.949999809265137,8.899999618530273,8.899999618530273
10-10-1996,8.824999809265137,8.875,482500,8.949999809265137,8.949999809265137,8.949999809265137
11-10-1996,8.975000381469727,8.975000381469727,192500,9.100000381469727,9.050000190734863,9.050000190734863
14-10-1996,9.050000190734863,9.050000190734863,90500,9.25,9.225000381469727,9.225000381469727
15-10-1996,8.850000381469727,9.25,242500,9.25,8.850000381469727,8.850000381469727
16-10-1996,8.574999809265137,8.850000381469727,169000,8.850000381469727,8.574999809265137,8.574999809265137
17-10-1996,8.0,8.550000190734863,370500,8.550000190734863,8.225000381469727,8.225000381469727
18-10-1996,8.274999618530273,8.274999618530273,39000,8.399999618530273,8.350000381469727,8.350000381469727
21-10-1996,8.399999618530273,8.399999618530273,89000,8.675000190734863,8.625,8.625
22-10-1996,8.550000190734863,8.600000381469727,106500,8.75,8.699999809265137,8.699999809265137
23-10-1996,8.649999618530273,8.75,43000,8.75,8.649999618530273,8.649999618530273
24-10-1996,8.574999809265137,8.675000190734863,105500,8.699999809265137,8.574999809265137,8.574999809265137
25-10-1996,8.449999809265137,8.600000381469727,37000,8.600000381469727,8.449999809265137,8.449999809265137
28-10-1996,8.375,8.425000190734863,260000,8.449999809265137,8.375,8.375
29-10-1996,8.274999618530273,8.350000381469727,171000,8.350000381469727,8.324999809265137,8.324999809265137
30-10-1996,7.925000190734863,8.375,356500,8.375,7.925000190734863,7.925000190734863
31-10-1996,7.800000190734863,7.800000190734863,6682500,7.824999809265137,7.800000190734863,7.800000190734863
01-11-1996,7.800000190734863,7.800000190734863,1606000,7.875,7.800000190734863,7.800000190734863
04-11-1996,7.800000190734863,7.824999809265137,400500,7.849999904632568,7.800000190734863,7.800000190734863
05-11-1996,7.800000190734863,7.800000190734863,335000,7.824999809265137,7.800000190734863,7.800000190734863
06-11-1996,7.800000190734863,7.800000190734863,1793000,7.824999809265137,7.800000190734863,7.800000190734863
07-11-1996,7.800000190734863,7.800000190734863,1631000,7.875,7.800000190734863,7.800000190734863
08-11-1996,7.800000190734863,7.824999809265137,355500,7.925000190734863,7.800000190734863,7.800000190734863
11-11-1996,7.224999904632568,7.800000190734863,1788500,7.824999809265137,7.25,7.25
12-11-1996,7.300000190734863,7.300000190734863,217000,7.425000190734863,7.375,7.375
13-11-1996,7.349999904632568,7.349999904632568,326500,7.474999904632568,7.400000095367432,7.400000095367432
14-11-1996,7.099999904632568,7.375,367500,7.375,7.25,7.25
15-11-1996,6.849999904632568,7.25,1232500,7.25,7.0,7.0
18-11-1996,6.574999809265137,6.949999809265137,711500,6.949999809265137,6.724999904632568,6.724999904632568
19-11-1996,6.800000190734863,6.800000190734863,3507500,7.449999809265137,7.25,7.25
20-11-1996,7.199999809265137,7.275000095367432,1522500,7.275000095367432,7.25,7.25
21-11-1996,6.900000095367432,7.199999809265137,428500,7.25,6.949999809265137,6.949999809265137
22-11-1996,6.800000190734863,7.0,266000,7.050000190734863,6.900000095367432,6.900000095367432
25-11-1996,6.800000190734863,6.925000190734863,1335000,6.925000190734863,6.849999904632568,6.849999904632568
26-11-1996,6.75,6.849999904632568,188500,6.849999904632568,6.800000190734863,6.800000190734863
27-11-1996,6.800000190734863,6.800000190734863,186000,6.875,6.849999904632568,6.849999904632568
29-11-1996,6.849999904632568,6.875,172500,6.875,6.849999904632568,6.849999904632568
02-12-1996,6.824999809265137,6.824999809265137,151500,6.875,6.875,6.875
03-12-1996,6.75,6.875,933000,6.875,6.800000190734863,6.800000190734863
04-12-1996,6.625,6.775000095367432,519500,6.849999904632568,6.849999904632568,6.849999904632568
05-12-1996,6.599999904632568,6.849999904632568,352000,6.925000190734863,6.724999904632568,6.724999904632568
06-12-1996,6.474999904632568,6.599999904632568,169500,6.800000190734863,6.800000190734863,6.800000190734863
09-12-1996,6.775000095367432,6.775000095367432,543500,7.199999809265137,7.0,7.0
10-12-1996,6.949999809265137,6.974999904632568,112500,6.974999904632568,6.949999809265137,6.949999809265137
11-12-1996,6.699999809265137,6.900000095367432,180500,6.900000095367432,6.800000190734863,6.800000190734863
12-12-1996,6.574999809265137,6.775000095367432,86500,6.775000095367432,6.599999904632568,6.599999904632568
13-12-1996,6.449999809265137,6.550000190734863,143500,6.550000190734863,6.449999809265137,6.449999809265137
16-12-1996,6.425000190734863,6.425000190734863,196000,6.5,6.449999809265137,6.449999809265137
17-12-1996,6.400000095367432,6.400000095367432,187500,6.525000095367432,6.525000095367432,6.525000095367432
18-12-1996,6.5,6.5,306000,6.650000095367432,6.599999904632568,6.599999904632568
19-12-1996,6.550000190734863,6.574999809265137,37000,6.675000190734863,6.675000190734863,6.675000190734863
20-12-1996,6.625,6.650000095367432,111000,7.0,6.949999809265137,6.949999809265137
23-12-1996,6.925000190734863,6.925000190734863,34500,7.050000190734863,6.949999809265137,6.949999809265137
24-12-1996,6.925000190734863,6.925000190734863,7500,6.974999904632568,6.949999809265137,6.949999809265137
26-12-1996,6.800000190734863,6.949999809265137,160500,6.949999809265137,6.925000190734863,6.925000190734863
27-12-1996,6.800000190734863,6.974999904632568,227500,6.974999904632568,6.800000190734863,6.800000190734863
30-12-1996,6.75,6.75,588500,6.925000190734863,6.925000190734863,6.925000190734863
31-12-1996,6.949999809265137,7.025000095367432,247500,7.25,7.25,7.25
02-01-1997,7.150000095367432,7.25,603000,7.25,7.175000190734863,7.175000190734863
03-01-1997,7.099999904632568,7.175000190734863,179500,7.175000190734863,7.099999904632568,7.099999904632568
06-01-1997,6.949999809265137,7.150000095367432,244500,7.150000095367432,6.974999904632568,6.974999904632568
07-01-1997,6.925000190734863,6.974999904632568,45000,6.974999904632568,6.949999809265137,6.949999809265137
08-01-1997,6.775000095367432,6.949999809265137,115000,6.949999809265137,6.824999809265137,6.824999809265137
09-01-1997,6.400000095367432,6.824999809265137,897000,6.824999809265137,6.474999904632568,6.474999904632568
10-01-1997,6.400000095367432,6.5,953500,6.525000095367432,6.400000095367432,6.400000095367432
13-01-1997,6.400000095367432,6.425000190734863,85500,6.599999904632568,6.550000190734863,6.550000190734863
14-01-1997,6.449999809265137,6.5,78500,6.5,6.449999809265137,6.449999809265137
15-01-1997,6.449999809265137,6.449999809265137,300500,6.625,6.625,6.625
16-01-1997,6.625,6.625,195500,6.824999809265137,6.800000190734863,6.800000190734863
17-01-1997,6.775000095367432,6.775000095367432,26000,6.800000190734863,6.800000190734863,6.800000190734863
20-01-1997,6.824999809265137,6.824999809265137,279500,6.900000095367432,6.824999809265137,6.824999809265137
21-01-1997,6.849999904632568,6.849999904632568,805000,6.900000095367432,6.849999904632568,6.849999904632568
22-01-1997,6.824999809265137,6.849999904632568,61500,6.875,6.875,6.875
23-01-1997,6.650000095367432,6.849999904632568,94000,6.849999904632568,6.724999904632568,6.724999904632568
24-01-1997,6.625,6.675000190734863,65000,6.699999809265137,6.699999809265137,6.699999809265137
27-01-1997,6.625,6.699999809265137,293000,6.75,6.650000095367432,6.650000095367432
28-01-1997,6.675000190734863,6.675000190734863,369500,6.824999809265137,6.75,6.75
29-01-1997,6.75,6.75,187000,7.025000095367432,7.0,7.0
30-01-1997,7.0,7.025000095367432,88500,7.099999904632568,7.099999904632568,7.099999904632568
31-01-1997,7.099999904632568,7.099999904632568,483500,7.375,7.324999809265137,7.324999809265137
03-02-1997,7.175000190734863,7.324999809265137,501500,7.525000095367432,7.224999904632568,7.224999904632568
04-02-1997,6.974999904632568,7.199999809265137,26500,7.199999809265137,6.974999904632568,6.974999904632568
05-02-1997,6.925000190734863,6.949999809265137,178000,7.125,7.025000095367432,7.025000095367432
06-02-1997,7.050000190734863,7.050000190734863,15000,7.099999904632568,7.050000190734863,7.050000190734863
07-02-1997,7.025000095367432,7.074999809265137,131500,7.125,7.074999809265137,7.074999809265137
10-02-1997,7.074999809265137,7.099999904632568,68000,7.150000095367432,7.074999809265137,7.074999809265137
11-02-1997,6.949999809265137,7.099999904632568,276000,7.099999904632568,6.949999809265137,6.949999809265137
12-02-1997,6.849999904632568,6.974999904632568,107000,6.974999904632568,6.949999809265137,6.949999809265137
13-02-1997,6.800000190734863,6.974999904632568,505500,7.275000095367432,7.175000190734863,7.175000190734863
14-02-1997,7.050000190734863,7.150000095367432,342000,7.25,7.199999809265137,7.199999809265137
18-02-1997,7.25,7.25,1045000,7.349999904632568,7.300000190734863,7.300000190734863
19-02-1997,7.224999904632568,7.275000095367432,208000,7.300000190734863,7.25,7.25
20-02-1997,7.25,7.275000095367432,576000,7.400000095367432,7.275000095367432,7.275000095367432
21-02-1997,7.25,7.300000190734863,116500,7.375,7.300000190734863,7.300000190734863
24-02-1997,7.175000190734863,7.324999809265137,136000,7.349999904632568,7.199999809265137,7.199999809265137
25-02-1997,7.150000095367432,7.175000190734863,559500,7.300000190734863,7.275000095367432,7.275000095367432
26-02-1997,6.875,7.275000095367432,1460000,7.275000095367432,6.925000190734863,6.925000190734863
27-02-1997,6.849999904632568,6.925000190734863,139500,6.974999904632568,6.925000190734863,6.925000190734863
28-02-1997,6.925000190734863,6.925000190734863,63500,6.974999904632568,6.974999904632568,6.974999904632568
03-03-1997,6.699999809265137,6.925000190734863,256000,6.974999904632568,6.974999904632568,6.974999904632568
04-03-1997,6.599999904632568,6.925000190734863,752000,6.949999809265137,6.75,6.75
05-03-1997,6.75,6.800000190734863,363000,6.800000190734863,6.800000190734863,6.800000190734863
06-03-1997,6.699999809265137,6.800000190734863,60000,6.800000190734863,6.724999904632568,6.724999904632568
07-03-1997,6.650000095367432,6.75,154500,6.775000095367432,6.724999904632568,6.724999904632568
10-03-1997,6.599999904632568,6.675000190734863,482500,6.800000190734863,6.800000190734863,6.800000190734863
11-03-1997,6.724999904632568,6.75,66500,6.775000095367432,6.75,6.75
12-03-1997,6.574999809265137,6.699999809265137,73500,6.699999809265137,6.675000190734863,6.675000190734863
13-03-1997,6.574999809265137,6.675000190734863,284000,6.675000190734863,6.574999809265137,6.574999809265137
14-03-1997,6.25,6.550000190734863,1242000,6.574999809265137,6.275000095367432,6.275000095367432
17-03-1997,5.974999904632568,6.300000190734863,850000,6.300000190734863,6.150000095367432,6.150000095367432
18-03-1997,6.125,6.125,525500,6.25,6.25,6.25
19-03-1997,6.25,6.300000190734863,413500,6.5,6.375,6.375
20-03-1997,6.324999809265137,6.349999904632568,1535000,6.449999809265137,6.375,6.375
21-03-1997,6.300000190734863,6.324999809265137,230500,6.349999904632568,6.349999904632568,6.349999904632568
24-03-1997,6.224999904632568,6.375,85000,6.425000190734863,6.25,6.25
25-03-1997,6.125,6.199999809265137,158000,6.224999904632568,6.125,6.125
26-03-1997,6.099999904632568,6.150000095367432,265000,6.349999904632568,6.324999809265137,6.324999809265137
27-03-1997,6.199999809265137,6.349999904632568,100500,6.349999904632568,6.25,6.25
31-03-1997,6.074999809265137,6.224999904632568,200000,6.224999904632568,6.074999809265137,6.074999809265137
01-04-1997,6.050000190734863,6.099999904632568,331000,6.150000095367432,6.150000095367432,6.150000095367432
02-04-1997,5.724999904632568,6.125,104000,6.125,5.724999904632568,5.724999904632568
03-04-1997,5.599999904632568,5.75,841500,5.75,5.625,5.625
04-04-1997,5.599999904632568,5.599999904632568,76500,5.849999904632568,5.824999809265137,5.824999809265137
07-04-1997,5.875,5.875,326500,6.050000190734863,5.974999904632568,5.974999904632568
08-04-1997,5.900000095367432,5.974999904632568,271500,6.0,5.900000095367432,5.900000095367432
09-04-1997,5.849999904632568,5.925000190734863,51000,5.925000190734863,5.925000190734863,5.925000190734863
10-04-1997,5.824999809265137,5.900000095367432,174000,5.900000095367432,5.875,5.875
11-04-1997,5.75,5.875,190000,5.900000095367432,5.775000095367432,5.775000095367432
14-04-1997,5.75,5.775000095367432,26500,5.800000190734863,5.800000190734863,5.800000190734863
15-04-1997,5.775000095367432,5.775000095367432,619000,6.0,6.0,6.0
16-04-1997,5.949999809265137,5.974999904632568,38000,5.974999904632568,5.974999904632568,5.974999904632568
17-04-1997,5.925000190734863,5.925000190734863,81000,5.974999904632568,5.925000190734863,5.925000190734863
18-04-1997,5.949999809265137,5.949999809265137,407500,5.974999904632568,5.949999809265137,5.949999809265137
21-04-1997,5.974999904632568,5.974999904632568,187000,6.099999904632568,6.074999809265137,6.074999809265137
22-04-1997,6.050000190734863,6.050000190734863,28000,6.099999904632568,6.074999809265137,6.074999809265137
23-04-1997,6.074999809265137,6.099999904632568,24500,6.150000095367432,6.125,6.125
24-04-1997,6.125,6.125,131000,6.25,6.25,6.25
25-04-1997,6.224999904632568,6.25,325500,6.425000190734863,6.425000190734863,6.425000190734863
28-04-1997,6.400000095367432,6.400000095367432,37500,6.425000190734863,6.425000190734863,6.425000190734863
29-04-1997,6.400000095367432,6.425000190734863,259500,6.625,6.525000095367432,6.525000095367432
30-04-1997,6.400000095367432,6.474999904632568,64000,6.474999904632568,6.425000190734863,6.425000190734863
01-05-1997,6.449999809265137,6.449999809265137,105000,6.599999904632568,6.550000190734863,6.550000190734863
02-05-1997,6.574999809265137,6.574999809265137,324500,6.824999809265137,6.800000190734863,6.800000190734863
05-05-1997,6.775000095367432,6.800000190734863,1020500,7.324999809265137,7.275000095367432,7.275000095367432
06-05-1997,7.099999904632568,7.275000095367432,281500,7.349999904632568,7.099999904632568,7.099999904632568
07-05-1997,6.974999904632568,7.150000095367432,236500,7.175000190734863,7.0,7.0
08-05-1997,7.025000095367432,7.050000190734863,250500,7.324999809265137,7.324999809265137,7.324999809265137
09-05-1997,7.199999809265137,7.324999809265137,172000,7.400000095367432,7.199999809265137,7.199999809265137
12-05-1997,7.099999904632568,7.175000190734863,352500,7.300000190734863,7.150000095367432,7.150000095367432
13-05-1997,7.125,7.125,135500,7.324999809265137,7.25,7.25
14-05-1997,7.224999904632568,7.275000095367432,217500,7.300000190734863,7.25,7.25
15-05-1997,6.699999809265137,7.275000095367432,546000,7.275000095367432,6.900000095367432,6.900000095367432
16-05-1997,6.824999809265137,6.849999904632568,172500,6.875,6.849999904632568,6.849999904632568
19-05-1997,6.75,6.875,203000,6.925000190734863,6.800000190734863,6.800000190734863
20-05-1997,6.550000190734863,6.824999809265137,235000,6.824999809265137,6.625,6.625
21-05-1997,6.599999904632568,6.599999904632568,592000,6.875,6.824999809265137,6.824999809265137
22-05-1997,6.724999904632568,6.824999809265137,993000,6.875,6.800000190734863,6.800000190734863
23-05-1997,6.824999809265137,6.824999809265137,267500,7.074999809265137,7.0,7.0
27-05-1997,6.900000095367432,7.0,134000,7.025000095367432,6.900000095367432,6.900000095367432
28-05-1997,6.900000095367432,6.949999809265137,371500,6.974999904632568,6.949999809265137,6.949999809265137
29-05-1997,6.849999904632568,6.900000095367432,366500,6.949999809265137,6.949999809265137,6.949999809265137
30-05-1997,6.974999904632568,7.0,937500,7.224999904632568,7.199999809265137,7.199999809265137
02-06-1997,7.199999809265137,7.199999809265137,837000,7.400000095367432,7.324999809265137,7.324999809265137
03-06-1997,7.349999904632568,7.349999904632568,961000,7.675000190734863,7.599999904632568,7.599999904632568
04-06-1997,7.875,8.0,863500,8.024999618530273,7.949999809265137,7.949999809265137
05-06-1997,7.900000095367432,7.949999809265137,526000,7.974999904632568,7.925000190734863,7.925000190734863
06-06-1997,7.925000190734863,7.925000190734863,323500,8.024999618530273,7.949999809265137,7.949999809265137
09-06-1997,7.849999904632568,7.974999904632568,173500,7.974999904632568,7.875,7.875
10-06-1997,7.537499904632568,7.875,279000,7.875,7.625,7.625
11-06-1997,7.675000190734863,7.675000190734863,392000,7.900000095367432,7.900000095367432,7.900000095367432
12-06-1997,7.775000095367432,7.900000095367432,215000,7.974999904632568,7.800000190734863,7.800000190734863
13-06-1997,7.775000095367432,7.800000190734863,62000,7.925000190734863,7.800000190734863,7.800000190734863
16-06-1997,7.574999809265137,7.75,255000,7.775000095367432,7.775000095367432,7.775000095367432
17-06-1997,7.400000095367432,7.775000095367432,1072500,7.775000095367432,7.425000190734863,7.425000190734863
18-06-1997,7.425000190734863,7.425000190734863,652500,7.650000095367432,7.550000190734863,7.550000190734863
19-06-1997,7.425000190734863,7.574999809265137,796500,7.574999809265137,7.5,7.5
20-06-1997,7.449999809265137,7.5,508500,7.574999809265137,7.574999809265137,7.574999809265137
23-06-1997,7.650000095367432,7.675000190734863,659500,7.800000190734863,7.675000190734863,7.675000190734863
24-06-1997,7.5,7.724999904632568,260000,7.800000190734863,7.650000095367432,7.650000095367432
25-06-1997,7.599999904632568,7.625,269500,7.8125,7.724999904632568,7.724999904632568
26-06-1997,7.724999904632568,7.75,178000,7.849999904632568,7.775000095367432,7.775000095367432
27-06-1997,7.550000190734863,7.824999809265137,303500,7.824999809265137,7.724999904632568,7.724999904632568
30-06-1997,7.662499904632568,7.75,696500,8.100000381469727,8.037500381469727,8.037500381469727
01-07-1997,8.0,8.037500381469727,485000,8.225000381469727,8.225000381469727,8.225000381469727
02-07-1997,8.175000190734863,8.274999618530273,390500,8.324999809265137,8.324999809265137,8.324999809265137
03-07-1997,8.324999809265137,8.324999809265137,130500,8.5,8.5,8.5
07-07-1997,8.5,8.524999618530273,167000,8.600000381469727,8.524999618530273,8.524999618530273
08-07-1997,8.5,8.537500381469727,106000,8.587499618530273,8.512499809265137,8.512499809265137
09-07-1997,8.274999618530273,8.537500381469727,134500,8.537500381469727,8.449999809265137,8.449999809265137
10-07-1997,8.300000190734863,8.399999618530273,96500,8.399999618530273,8.387499809265137,8.387499809265137
11-07-1997,8.399999618530273,8.399999618530273,180000,8.574999809265137,8.524999618530273,8.524999618530273
14-07-1997,8.462499618530273,8.550000190734863,520500,8.550000190734863,8.475000381469727,8.475000381469727
15-07-1997,8.512499809265137,8.524999618530273,155500,8.600000381469727,8.537500381469727,8.537500381469727
16-07-1997,8.337499618530273,8.537500381469727,220000,8.550000190734863,8.4375,8.4375
17-07-1997,8.399999618530273,8.399999618530273,62000,8.425000190734863,8.425000190734863,8.425000190734863
18-07-1997,8.425000190734863,8.449999809265137,123000,8.487500190734863,8.475000381469727,8.475000381469727
21-07-1997,8.225000381469727,8.487500190734863,338000,8.487500190734863,8.225000381469727,8.225000381469727
22-07-1997,8.0,8.175000190734863,158500,8.175000190734863,8.012499809265137,8.012499809265137
23-07-1997,7.912499904632568,8.012499809265137,151000,8.050000190734863,8.050000190734863,8.050000190734863
24-07-1997,7.712500095367432,8.074999809265137,1679000,8.100000381469727,7.724999904632568,7.724999904632568
25-07-1997,7.400000095367432,7.574999809265137,1309000,7.675000190734863,7.599999904632568,7.599999904632568
28-07-1997,7.487500190734863,7.599999904632568,326500,7.637499809265137,7.5,7.5
29-07-1997,7.25,7.5,749000,7.5,7.275000095367432,7.275000095367432
30-07-1997,7.300000190734863,7.300000190734863,419500,7.712500095367432,7.699999809265137,7.699999809265137
31-07-1997,7.625,7.675000190734863,931500,8.25,8.25,8.25
01-08-1997,8.1875,8.25,529500,8.537500381469727,8.537500381469727,8.537500381469727
04-08-1997,8.5,8.537500381469727,661500,8.949999809265137,8.862500190734863,8.862500190734863
05-08-1997,8.862500190734863,8.862500190734863,678500,9.112500190734863,9.037500381469727,9.037500381469727
06-08-1997,9.050000190734863,9.050000190734863,204500,9.287500381469727,9.262499809265137,9.262499809265137
07-08-1997,9.212499618530273,9.212499618530273,773500,9.5,9.399999618530273,9.399999618530273
08-08-1997,8.875,9.399999618530273,526500,9.425000190734863,9.0625,9.0625
11-08-1997,9.0,9.050000190734863,649000,9.050000190734863,9.0,9.0
12-08-1997,8.300000190734863,8.800000190734863,1047000,8.800000190734863,8.487500190734863,8.487500190734863
13-08-1997,8.524999618530273,8.537500381469727,1346000,8.6875,8.6875,8.6875
14-08-1997,8.675000190734863,8.675000190734863,574500,8.862500190734863,8.787500381469727,8.787500381469727
15-08-1997,8.649999618530273,8.649999618530273,4425000,8.675000190734863,8.662500381469727,8.662500381469727
18-08-1997,8.350000381469727,8.600000381469727,783000,8.600000381469727,8.5625,8.5625
19-08-1997,8.399999618530273,8.5625,763500,8.612500190734863,8.550000190734863,8.550000190734863
20-08-1997,8.512499809265137,8.524999618530273,1353500,8.774999618530273,8.675000190734863,8.675000190734863
21-08-1997,8.5,8.649999618530273,524500,8.649999618530273,8.550000190734863,8.550000190734863
22-08-1997,8.324999809265137,8.5,399500,8.5,8.475000381469727,8.475000381469727
25-08-1997,8.449999809265137,8.462499618530273,324500,8.8125,8.737500190734863,8.737500190734863
26-08-1997,8.699999809265137,8.774999618530273,154000,8.800000190734863,8.725000381469727,8.725000381469727
27-08-1997,9.050000190734863,9.050000190734863,1332000,9.387499809265137,9.362500190734863,9.362500190734863
28-08-1997,9.087499618530273,9.25,270500,9.387499809265137,9.387499809265137,9.387499809265137
29-08-1997,9.012499809265137,9.387499809265137,409000,9.387499809265137,9.149999618530273,9.149999618530273
02-09-1997,9.149999618530273,9.175000190734863,1203000,9.381250381469727,9.175000190734863,9.175000190734863
03-09-1997,9.199999809265137,9.199999809265137,112500,9.300000190734863,9.300000190734863,9.300000190734863
04-09-1997,9.350000381469727,9.350000381469727,282500,9.462499618530273,9.449999809265137,9.449999809265137
05-09-1997,9.412500381469727,9.5,327500,9.600000381469727,9.449999809265137,9.449999809265137
08-09-1997,9.462499618530273,9.462499618530273,247500,9.600000381469727,9.487500190734863,9.487500190734863
09-09-1997,9.462499618530273,9.5,183500,9.550000190734863,9.5,9.5
10-09-1997,9.399999618530273,9.5,370500,9.550000190734863,9.399999618530273,9.399999618530273
11-09-1997,8.962499618530273,9.412500381469727,589500,9.425000190734863,9.300000190734863,9.300000190734863
12-09-1997,9.3125,9.3125,285000,9.5,9.5,9.5
15-09-1997,9.399999618530273,9.5,253500,9.537500381469727,9.399999618530273,9.399999618530273
16-09-1997,9.350000381469727,9.412500381469727,295500,9.649999618530273,9.649999618530273,9.649999618530273
17-09-1997,9.399999618530273,9.649999618530273,309000,9.649999618530273,9.425000190734863,9.425000190734863
18-09-1997,9.399999618530273,9.449999809265137,623000,9.637499809265137,9.475000381469727,9.475000381469727
19-09-1997,9.399999618530273,9.399999618530273,271000,9.675000190734863,9.625,9.625
22-09-1997,9.662500381469727,9.662500381469727,530500,10.024999618530273,10.024999618530273,10.024999618530273
23-09-1997,9.899999618530273,10.0,342000,10.112500190734863,9.912500381469727,9.912500381469727
24-09-1997,9.675000190734863,9.912500381469727,187500,9.925000190734863,9.725000381469727,9.725000381469727
25-09-1997,9.737500190734863,9.737500190734863,127000,9.850000381469727,9.774999618530273,9.774999618530273
26-09-1997,9.774999618530273,9.800000190734863,229000,9.975000381469727,9.787500381469727,9.787500381469727
29-09-1997,9.774999618530273,9.787500381469727,118500,9.800000190734863,9.787500381469727,9.787500381469727
30-09-1997,9.975000381469727,10.0,365500,10.175000190734863,10.0,10.0
01-10-1997,10.024999618530273,10.050000190734863,470000,10.237500190734863,10.199999809265137,10.199999809265137
02-10-1997,9.987500190734863,10.175000190734863,434000,10.300000190734863,10.137499809265137,10.137499809265137
03-10-1997,9.600000381469727,10.1875,507500,10.212499618530273,9.600000381469727,9.600000381469727
06-10-1997,9.600000381469727,9.600000381469727,384500,9.887499809265137,9.6875,9.6875
07-10-1997,9.725000381469727,9.737500190734863,342000,9.949999809265137,9.912500381469727,9.912500381469727
08-10-1997,9.787500381469727,9.899999618530273,457500,9.975000381469727,9.9375,9.9375
09-10-1997,9.787500381469727,9.9375,104500,9.9375,9.824999809265137,9.824999809265137
10-10-1997,9.6875,9.824999809265137,256000,9.824999809265137,9.774999618530273,9.774999618530273
13-10-1997,9.800000190734863,9.800000190734863,146500,10.050000190734863,10.0,10.0
14-10-1997,9.949999809265137,9.949999809265137,315500,10.262499809265137,10.262499809265137,10.262499809265137
15-10-1997,10.237500190734863,10.237500190734863,399500,10.5,10.462499618530273,10.462499618530273
16-10-1997,10.212499618530273,10.462499618530273,148000,10.487500190734863,10.225000381469727,10.225000381469727
17-10-1997,10.175000190734863,10.175000190734863,414000,10.25,10.237500190734863,10.237500190734863
20-10-1997,10.274999618530273,10.287500381469727,383000,10.387499809265137,10.387499809265137,10.387499809265137
21-10-1997,10.458333015441895,10.458333015441895,526200,10.854166984558105,10.8125,10.8125
22-10-1997,10.6875,10.895833015441895,713400,11.458333015441895,10.770833015441895,10.770833015441895
23-10-1997,10.416666984558105,10.708333015441895,289200,10.708333015441895,10.4375,10.4375
24-10-1997,10.333333015441895,10.395833015441895,427200,10.9375,10.625,10.625
27-10-1997,9.583333015441895,10.5,292500,10.520833015441895,9.666666984558105,9.666666984558105
28-10-1997,9.25,9.458333015441895,651900,9.729166984558105,9.729166984558105,9.729166984558105
29-10-1997,10.0,10.0,255600,10.833333015441895,10.520833015441895,10.520833015441895
30-10-1997,9.833333015441895,10.520833015441895,264600,10.520833015441895,9.916666984558105,9.916666984558105
31-10-1997,10.0,10.0,86400,10.333333015441895,10.270833015441895,10.270833015441895
03-11-1997,10.333333015441895,10.333333015441895,469500,11.291666984558105,11.145833015441895,11.145833015441895
04-11-1997,10.791666984558105,11.083333015441895,476400,11.083333015441895,10.833333015441895,10.833333015441895
05-11-1997,10.6875,10.8125,131400,10.833333015441895,10.729166984558105,10.729166984558105
06-11-1997,10.625,10.791666984558105,216000,11.125,10.75,10.75
07-11-1997,10.041666984558105,10.541666984558105,193800,10.5625,10.083333015441895,10.083333015441895
10-11-1997,10.104166984558105,10.145833015441895,145200,10.25,10.208333015441895,10.208333015441895
11-11-1997,10.25,10.25,75600,10.625,10.416666984558105,10.416666984558105
12-11-1997,9.604166984558105,10.166666984558105,274800,10.166666984558105,9.604166984558105,9.604166984558105
13-11-1997,9.604166984558105,9.604166984558105,194100,10.020833015441895,9.875,9.875
14-11-1997,9.895833015441895,9.895833015441895,445200,10.395833015441895,10.375,10.375
17-11-1997,10.25,10.375,498900,10.4375,10.416666984558105,10.416666984558105
18-11-1997,10.333333015441895,10.4375,152400,10.4375,10.375,10.375
19-11-1997,9.020833015441895,9.958333015441895,2672400,9.958333015441895,9.270833015441895,9.270833015441895
20-11-1997,9.208333015441895,9.270833015441895,3395100,9.375,9.375,9.375
21-11-1997,9.416666984558105,9.416666984558105,2093700,9.604166984558105,9.5,9.5
24-11-1997,9.0,9.5,576000,9.5,9.083333015441895,9.083333015441895
25-11-1997,8.145833015441895,9.104166984558105,1197300,9.104166984558105,8.354166984558105,8.354166984558105
26-11-1997,8.333333015441895,8.4375,1769400,8.666666984558105,8.541666984558105,8.541666984558105
28-11-1997,8.604166984558105,8.645833015441895,154800,8.666666984558105,8.625,8.625
01-12-1997,8.375,8.666666984558105,511500,8.666666984558105,8.458333015441895,8.458333015441895
02-12-1997,8.125,8.458333015441895,1314300,8.458333015441895,8.395833015441895,8.395833015441895
03-12-1997,8.333333015441895,8.395833015441895,1099800,8.479166984558105,8.4375,8.4375
04-12-1997,8.375,8.479166984558105,1743300,8.541666984558105,8.541666984558105,8.541666984558105
05-12-1997,8.5,8.5,1962900,9.208333015441895,9.208333015441895,9.208333015441895
08-12-1997,9.020833015441895,9.166666984558105,1044600,9.166666984558105,9.0625,9.0625
09-12-1997,9.020833015441895,9.0625,945300,9.291666984558105,9.291666984558105,9.291666984558105
10-12-1997,9.083333015441895,9.3125,504000,9.333333015441895,9.208333015441895,9.208333015441895
11-12-1997,9.0625,9.1875,821700,9.208333015441895,9.125,9.125
12-12-1997,9.166666984558105,9.166666984558105,1190100,9.375,9.270833015441895,9.270833015441895
15-12-1997,9.1875,9.3125,1239000,9.395833015441895,9.25,9.25
16-12-1997,9.229166984558105,9.229166984558105,348900,9.333333015441895,9.3125,9.3125
17-12-1997,9.3125,9.354166984558105,387900,9.416666984558105,9.3125,9.3125
18-12-1997,9.1875,9.3125,181200,9.3125,9.25,9.25
19-12-1997,9.020833015441895,9.166666984558105,182100,9.1875,9.1875,9.1875
22-12-1997,9.041666984558105,9.145833015441895,368100,9.208333015441895,9.041666984558105,9.041666984558105
23-12-1997,9.0625,9.104166984558105,114300,9.166666984558105,9.083333015441895,9.083333015441895
24-12-1997,9.041666984558105,9.041666984558105,138300,9.125,9.104166984558105,9.104166984558105
26-12-1997,9.020833015441895,9.0625,81300,9.1875,9.1875,9.1875
29-12-1997,9.125,9.3125,287400,9.333333015441895,9.166666984558105,9.166666984558105
30-12-1997,9.083333015441895,9.166666984558105,725700,9.25,9.229166984558105,9.229166984558105
31-12-1997,9.166666984558105,9.229166984558105,992100,9.229166984558105,9.166666984558105,9.166666984558105
02-01-1998,9.020833015441895,9.166666984558105,690600,9.166666984558105,9.041666984558105,9.041666984558105
05-01-1998,8.958333015441895,9.041666984558105,641700,9.0625,9.0,9.0
06-01-1998,8.916666984558105,9.020833015441895,657300,9.020833015441895,8.916666984558105,8.916666984558105
07-01-1998,8.666666984558105,8.916666984558105,1748400,8.9375,8.6875,8.6875
08-01-1998,8.416666984558105,8.666666984558105,590400,8.729166984558105,8.416666984558105,8.416666984558105
09-01-1998,8.125,8.5,838800,8.5,8.166666984558105,8.166666984558105
12-01-1998,7.8958330154418945,8.125,942900,8.125,7.9166669845581055,7.9166669845581055
13-01-1998,7.9375,7.9583330154418945,955500,8.125,8.125,8.125
14-01-1998,8.0625,8.104166984558105,897000,8.291666984558105,8.291666984558105,8.291666984558105
15-01-1998,8.25,8.333333015441895,618600,8.333333015441895,8.291666984558105,8.291666984558105
16-01-1998,8.25,8.333333015441895,2086800,8.354166984558105,8.3125,8.3125
20-01-1998,8.291666984558105,8.291666984558105,1651500,8.375,8.333333015441895,8.333333015441895
21-01-1998,8.291666984558105,8.333333015441895,613500,8.333333015441895,8.3125,8.3125
22-01-1998,8.25,8.291666984558105,2613300,8.333333015441895,8.291666984558105,8.291666984558105
23-01-1998,8.270833015441895,8.333333015441895,1640700,8.333333015441895,8.270833015441895,8.270833015441895
26-01-1998,8.0,8.270833015441895,546000,8.270833015441895,8.0,8.0
27-01-1998,7.7083330154418945,8.020833015441895,709500,8.020833015441895,7.75,7.75
28-01-1998,7.4583330154418945,7.7916669845581055,1811100,7.8333330154418945,7.625,7.625
29-01-1998,7.5416669845581055,7.5416669845581055,4071000,8.166666984558105,8.104166984558105,8.104166984558105
30-01-1998,8.020833015441895,8.145833015441895,1542600,8.291666984558105,8.125,8.125
02-02-1998,8.083333015441895,8.083333015441895,1650000,8.8125,8.666666984558105,8.666666984558105
03-02-1998,8.666666984558105,8.666666984558105,2811900,9.666666984558105,9.583333015441895,9.583333015441895
04-02-1998,9.5,9.541666984558105,3513900,10.041666984558105,9.916666984558105,9.916666984558105
05-02-1998,9.6875,9.9375,1232100,10.020833015441895,9.6875,9.6875
06-02-1998,9.666666984558105,9.6875,689400,9.895833015441895,9.708333015441895,9.708333015441895
09-02-1998,9.5625,9.75,429900,9.75,9.708333015441895,9.708333015441895
10-02-1998,9.604166984558105,9.666666984558105,174000,9.708333015441895,9.645833015441895,9.645833015441895
11-02-1998,9.645833015441895,9.6875,586500,9.6875,9.666666984558105,9.666666984558105
12-02-1998,9.583333015441895,9.6875,323400,9.6875,9.666666984558105,9.666666984558105
13-02-1998,9.666666984558105,9.666666984558105,2052300,9.958333015441895,9.9375,9.9375
17-02-1998,9.6875,9.875,905400,9.916666984558105,9.8125,9.8125
18-02-1998,9.833333015441895,9.833333015441895,1371000,9.9375,9.916666984558105,9.916666984558105
19-02-1998,9.833333015441895,9.895833015441895,756600,9.916666984558105,9.875,9.875
20-02-1998,9.9375,9.9375,2629800,10.395833015441895,10.333333015441895,10.333333015441895
23-02-1998,10.208333015441895,10.333333015441895,1182900,10.375,10.375,10.375
24-02-1998,10.208333015441895,10.25,881400,10.354166984558105,10.25,10.25
25-02-1998,10.083333015441895,10.229166984558105,981600,10.3125,10.1875,10.1875
26-02-1998,10.208333015441895,10.416666984558105,4191900,10.541666984558105,10.375,10.375
27-02-1998,10.3125,10.375,2052300,10.75,10.729166984558105,10.729166984558105
02-03-1998,10.729166984558105,10.75,1732500,11.458333015441895,11.208333015441895,11.208333015441895
03-03-1998,11.125,11.229166984558105,2478300,11.666666984558105,11.541666984558105,11.541666984558105
04-03-1998,10.833333015441895,11.458333015441895,673200,11.458333015441895,10.895833015441895,10.895833015441895
05-03-1998,10.6875,10.8125,662400,10.854166984558105,10.770833015441895,10.770833015441895
06-03-1998,10.708333015441895,10.791666984558105,708600,10.8125,10.770833015441895,10.770833015441895
09-03-1998,10.666666984558105,10.791666984558105,1348500,10.979166984558105,10.958333015441895,10.958333015441895
10-03-1998,10.8125,10.895833015441895,777600,11.291666984558105,11.0,11.0
11-03-1998,10.9375,11.020833015441895,711300,11.145833015441895,11.020833015441895,11.020833015441895
12-03-1998,11.25,11.25,1696200,11.791666984558105,11.708333015441895,11.708333015441895
13-03-1998,11.541666984558105,11.708333015441895,989400,11.958333015441895,11.833333015441895,11.833333015441895
16-03-1998,11.729166984558105,11.833333015441895,626700,11.979166984558105,11.895833015441895,11.895833015441895
17-03-1998,11.416666984558105,11.895833015441895,152100,11.895833015441895,11.520833015441895,11.520833015441895
18-03-1998,10.958333015441895,11.333333015441895,2264700,11.333333015441895,11.125,11.125
19-03-1998,10.791666984558105,11.0,3268200,11.4375,11.333333015441895,11.333333015441895
20-03-1998,11.020833015441895,11.25,265500,11.333333015441895,11.125,11.125
23-03-1998,11.041666984558105,11.083333015441895,1005600,11.166666984558105,11.083333015441895,11.083333015441895
24-03-1998,11.104166984558105,11.104166984558105,586500,11.395833015441895,11.375,11.375
25-03-1998,11.125,11.395833015441895,1420500,11.395833015441895,11.125,11.125
26-03-1998,10.916666984558105,11.166666984558105,1390200,11.166666984558105,11.020833015441895,11.020833015441895
27-03-1998,10.791666984558105,10.9375,816300,10.979166984558105,10.833333015441895,10.833333015441895
30-03-1998,10.6875,10.895833015441895,194700,10.895833015441895,10.729166984558105,10.729166984558105
31-03-1998,10.729166984558105,10.729166984558105,1588500,11.208333015441895,11.104166984558105,11.104166984558105
01-04-1998,10.541666984558105,11.145833015441895,1767000,11.145833015441895,10.8125,10.8125
02-04-1998,10.916666984558105,10.958333015441895,3707100,11.166666984558105,11.125,11.125
03-04-1998,11.041666984558105,11.583333015441895,445200,11.583333015441895,11.041666984558105,11.041666984558105
06-04-1998,10.604166984558105,11.020833015441895,497400,11.020833015441895,10.666666984558105,10.666666984558105
07-04-1998,10.333333015441895,10.666666984558105,488700,10.666666984558105,10.5,10.5
08-04-1998,10.208333015441895,10.5,723000,10.666666984558105,10.375,10.375
09-04-1998,10.375,10.375,1289700,10.666666984558105,10.625,10.625
13-04-1998,10.520833015441895,10.625,1326900,10.8125,10.791666984558105,10.791666984558105
14-04-1998,10.604166984558105,10.770833015441895,191100,10.8125,10.708333015441895,10.708333015441895
15-04-1998,10.604166984558105,10.6875,273600,10.729166984558105,10.729166984558105,10.729166984558105
16-04-1998,10.6875,10.729166984558105,835500,10.833333015441895,10.770833015441895,10.770833015441895
17-04-1998,10.541666984558105,10.6875,544200,10.770833015441895,10.770833015441895,10.770833015441895
20-04-1998,10.25,10.75,805800,10.833333015441895,10.520833015441895,10.520833015441895
21-04-1998,10.583333015441895,10.604166984558105,834600,10.666666984558105,10.625,10.625
22-04-1998,10.333333015441895,10.625,231900,10.625,10.354166984558105,10.354166984558105
23-04-1998,10.229166984558105,10.4375,897300,10.458333015441895,10.354166984558105,10.354166984558105
24-04-1998,10.041666984558105,10.333333015441895,1757400,10.4375,10.166666984558105,10.166666984558105
27-04-1998,9.916666984558105,10.125,1642500,10.208333015441895,10.208333015441895,10.208333015441895
28-04-1998,9.895833015441895,10.291666984558105,746700,10.3125,10.104166984558105,10.104166984558105
29-04-1998,10.104166984558105,10.104166984558105,471900,10.3125,10.270833015441895,10.270833015441895
30-04-1998,10.1875,10.270833015441895,2151600,11.208333015441895,11.041666984558105,11.041666984558105
01-05-1998,10.666666984558105,11.041666984558105,5982900,11.208333015441895,10.895833015441895,10.895833015441895
04-05-1998,10.958333015441895,10.979166984558105,1977600,11.104166984558105,11.020833015441895,11.020833015441895
05-05-1998,10.958333015441895,11.020833015441895,391500,11.0625,11.0,11.0
06-05-1998,10.833333015441895,10.979166984558105,668700,11.0,10.854166984558105,10.854166984558105
07-05-1998,10.708333015441895,10.8125,1239300,10.854166984558105,10.8125,10.8125
08-05-1998,10.5625,10.708333015441895,1176000,10.791666984558105,10.625,10.625
11-05-1998,10.270833015441895,10.583333015441895,1054800,10.625,10.270833015441895,10.270833015441895
12-05-1998,10.0,10.270833015441895,1170600,10.3125,10.104166984558105,10.104166984558105
13-05-1998,10.375,10.5,1523100,10.916666984558105,10.520833015441895,10.520833015441895
14-05-1998,10.458333015441895,10.5,818400,10.770833015441895,10.541666984558105,10.541666984558105
15-05-1998,10.083333015441895,10.5625,791100,10.5625,10.333333015441895,10.333333015441895
18-05-1998,10.208333015441895,10.25,350100,10.333333015441895,10.208333015441895,10.208333015441895
19-05-1998,10.208333015441895,10.25,696900,10.395833015441895,10.291666984558105,10.291666984558105
20-05-1998,10.145833015441895,10.333333015441895,1057800,10.333333015441895,10.1875,10.1875
21-05-1998,10.229166984558105,10.229166984558105,788400,10.666666984558105,10.583333015441895,10.583333015441895
22-05-1998,10.416666984558105,10.458333015441895,551700,10.6875,10.6875,10.6875
26-05-1998,10.520833015441895,10.6875,877500,10.770833015441895,10.541666984558105,10.541666984558105
27-05-1998,10.3125,10.5,1161600,10.5,10.395833015441895,10.395833015441895
28-05-1998,10.229166984558105,10.395833015441895,579900,10.416666984558105,10.229166984558105,10.229166984558105
29-05-1998,10.166666984558105,10.291666984558105,817800,10.375,10.229166984558105,10.229166984558105
01-06-1998,10.1875,10.229166984558105,675300,10.270833015441895,10.208333015441895,10.208333015441895
02-06-1998,10.083333015441895,10.166666984558105,984000,10.25,10.208333015441895,10.208333015441895
03-06-1998,10.229166984558105,10.229166984558105,1180500,10.4375,10.4375,10.4375
04-06-1998,10.375,10.416666984558105,802500,10.5,10.4375,10.4375
05-06-1998,10.333333015441895,10.4375,479400,10.645833015441895,10.625,10.625
08-06-1998,10.666666984558105,10.666666984558105,841800,11.145833015441895,10.916666984558105,10.916666984558105
09-06-1998,10.875,10.9375,1120800,11.083333015441895,11.0,11.0
10-06-1998,10.791666984558105,11.0,493200,11.0625,10.958333015441895,10.958333015441895
11-06-1998,10.625,10.958333015441895,426000,10.958333015441895,10.666666984558105,10.666666984558105
12-06-1998,10.708333015441895,10.708333015441895,415500,11.020833015441895,11.020833015441895,11.020833015441895
15-06-1998,10.833333015441895,11.020833015441895,918600,11.1875,11.0,11.0
16-06-1998,11.0,11.0,1619400,11.25,11.020833015441895,11.020833015441895
17-06-1998,10.9375,10.979166984558105,930000,11.270833015441895,11.145833015441895,11.145833015441895
18-06-1998,10.958333015441895,11.145833015441895,473700,11.1875,10.958333015441895,10.958333015441895
19-06-1998,10.75,10.875,663300,10.958333015441895,10.958333015441895,10.958333015441895
22-06-1998,10.895833015441895,10.958333015441895,654000,11.3125,11.166666984558105,11.166666984558105
23-06-1998,11.166666984558105,11.166666984558105,883200,11.645833015441895,11.645833015441895,11.645833015441895
24-06-1998,11.645833015441895,11.645833015441895,2648400,12.041666984558105,12.041666984558105,12.041666984558105
25-06-1998,11.625,12.020833015441895,950700,12.020833015441895,11.791666984558105,11.791666984558105
26-06-1998,11.791666984558105,11.791666984558105,1150800,12.0,11.791666984558105,11.791666984558105
29-06-1998,11.4375,11.833333015441895,821400,11.895833015441895,11.791666984558105,11.791666984558105
30-06-1998,11.416666984558105,11.791666984558105,1104600,11.875,11.5,11.5
01-07-1998,11.166666984558105,11.541666984558105,816000,11.583333015441895,11.166666984558105,11.166666984558105
02-07-1998,11.1875,11.208333015441895,729000,11.375,11.354166984558105,11.354166984558105
06-07-1998,11.416666984558105,11.416666984558105,756000,11.75,11.666666984558105,11.666666984558105
07-07-1998,11.208333015441895,11.666666984558105,961500,11.666666984558105,11.25,11.25
08-07-1998,11.145833015441895,11.25,573300,11.291666984558105,11.145833015441895,11.145833015441895
09-07-1998,11.041666984558105,11.166666984558105,718200,11.291666984558105,11.166666984558105,11.166666984558105
10-07-1998,10.916666984558105,11.25,965100,11.375,10.979166984558105,10.979166984558105
13-07-1998,10.416666984558105,11.0,687900,11.0,10.604166984558105,10.604166984558105
14-07-1998,10.666666984558105,10.666666984558105,1393500,11.166666984558105,10.958333015441895,10.958333015441895
15-07-1998,10.875,10.9375,2260500,11.25,11.041666984558105,11.041666984558105
16-07-1998,10.875,11.041666984558105,1262400,11.208333015441895,11.145833015441895,11.145833015441895
17-07-1998,11.0,11.0625,795300,11.104166984558105,11.0,11.0
20-07-1998,11.0,11.020833015441895,767100,11.416666984558105,11.270833015441895,11.270833015441895
21-07-1998,11.104166984558105,11.291666984558105,632400,11.333333015441895,11.145833015441895,11.145833015441895
22-07-1998,10.958333015441895,11.145833015441895,652200,11.208333015441895,11.020833015441895,11.020833015441895
23-07-1998,10.645833015441895,10.979166984558105,267600,10.979166984558105,10.645833015441895,10.645833015441895
24-07-1998,10.333333015441895,10.6875,718500,10.875,10.458333015441895,10.458333015441895
27-07-1998,10.208333015441895,10.375,688800,10.416666984558105,10.375,10.375
28-07-1998,10.416666984558105,10.416666984558105,857100,10.583333015441895,10.5,10.5
29-07-1998,10.5,10.5,1000500,10.916666984558105,10.770833015441895,10.770833015441895
30-07-1998,10.5,10.75,565500,10.75,10.541666984558105,10.541666984558105
31-07-1998,10.0,10.541666984558105,746700,10.583333015441895,10.145833015441895,10.145833015441895
03-08-1998,9.666666984558105,10.208333015441895,1295100,10.208333015441895,9.875,9.875
04-08-1998,7.9583330154418945,9.0,8555700,9.0,8.291666984558105,8.291666984558105
05-08-1998,8.166666984558105,8.5,3970800,8.666666984558105,8.5,8.5
06-08-1998,8.125,8.5,1917300,8.541666984558105,8.229166984558105,8.229166984558105
07-08-1998,8.25,8.25,2010900,8.833333015441895,8.833333015441895,8.833333015441895
10-08-1998,8.5,8.75,816000,8.75,8.583333015441895,8.583333015441895
11-08-1998,8.041666984558105,8.5,733500,8.5,8.4375,8.4375
12-08-1998,8.395833015441895,8.395833015441895,1320000,8.854166984558105,8.833333015441895,8.833333015441895
13-08-1998,8.458333015441895,8.791666984558105,503100,8.791666984558105,8.604166984558105,8.604166984558105
14-08-1998,8.645833015441895,8.75,540600,8.875,8.6875,8.6875
17-08-1998,8.5,8.625,1860000,8.666666984558105,8.645833015441895,8.645833015441895
18-08-1998,8.645833015441895,8.666666984558105,666600,8.770833015441895,8.645833015441895,8.645833015441895
19-08-1998,8.291666984558105,8.604166984558105,882000,8.645833015441895,8.333333015441895,8.333333015441895
20-08-1998,7.9583330154418945,8.25,1361400,8.25,8.0,8.0
21-08-1998,7.7291669845581055,8.0,399300,8.0,7.8958330154418945,7.8958330154418945
24-08-1998,7.375,7.8958330154418945,2135700,7.9791669845581055,7.4166669845581055,7.4166669845581055
25-08-1998,7.0,7.4166669845581055,3939600,7.4166669845581055,7.1041669845581055,7.1041669845581055
26-08-1998,6.4583330154418945,7.0625,2922000,7.0625,6.75,6.75
27-08-1998,6.3333330154418945,6.75,1440300,6.7916669845581055,6.3958330154418945,6.3958330154418945
28-08-1998,6.3333330154418945,6.375,1544100,6.6458330154418945,6.5,6.5
31-08-1998,6.3125,6.6666669845581055,1578900,6.7083330154418945,6.3333330154418945,6.3333330154418945
01-09-1998,6.2916669845581055,6.2916669845581055,1566900,6.7083330154418945,6.625,6.625
02-09-1998,6.625,6.625,2208900,7.0,6.6666669845581055,6.6666669845581055
03-09-1998,6.3333330154418945,6.6666669845581055,2585100,7.0208330154418945,7.0,7.0
04-09-1998,7.0,7.0,3245400,7.7708330154418945,7.6458330154418945,7.6458330154418945
08-09-1998,7.8541669845581055,8.166666984558105,1545000,8.25,8.145833015441895,8.145833015441895
09-09-1998,8.0,8.104166984558105,1041900,8.1875,8.166666984558105,8.166666984558105
10-09-1998,7.6041669845581055,8.166666984558105,606000,8.166666984558105,7.7916669845581055,7.7916669845581055
11-09-1998,7.7291669845581055,7.7708330154418945,826200,8.041666984558105,7.9166669845581055,7.9166669845581055
14-09-1998,7.5833330154418945,7.9375,1200900,7.9375,7.6458330154418945,7.6458330154418945
15-09-1998,7.4791669845581055,7.7083330154418945,963000,7.7291669845581055,7.7291669845581055,7.7291669845581055
16-09-1998,7.7291669845581055,7.7291669845581055,675300,8.0625,8.041666984558105,8.041666984558105
17-09-1998,7.8958330154418945,7.9583330154418945,1817700,8.25,8.0,8.0
18-09-1998,8.166666984558105,8.166666984558105,1350300,8.458333015441895,8.354166984558105,8.354166984558105
21-09-1998,8.166666984558105,8.333333015441895,477000,8.583333015441895,8.5,8.5
22-09-1998,8.645833015441895,8.6875,1509300,8.833333015441895,8.645833015441895,8.645833015441895
23-09-1998,8.6875,8.6875,1739400,9.229166984558105,9.229166984558105,9.229166984558105
24-09-1998,9.166666984558105,9.208333015441895,1642200,9.479166984558105,9.375,9.375
25-09-1998,8.958333015441895,9.166666984558105,1247400,9.479166984558105,9.020833015441895,9.020833015441895
28-09-1998,8.6875,9.083333015441895,762900,9.125,9.020833015441895,9.020833015441895
29-09-1998,8.479166984558105,9.041666984558105,627300,9.041666984558105,8.541666984558105,8.541666984558105
30-09-1998,7.7291669845581055,8.5625,1762200,8.645833015441895,8.0,8.0
01-10-1998,7.0,8.0,2545200,8.0,7.0208330154418945,7.0208330154418945
02-10-1998,6.5,7.0,1302900,7.0208330154418945,6.5,6.5
05-10-1998,6.5833330154418945,6.5833330154418945,622200,6.9791669845581055,6.7291669845581055,6.7291669845581055
06-10-1998,6.8125,6.8125,885900,7.25,7.1458330154418945,7.1458330154418945
07-10-1998,6.75,7.0833330154418945,874500,7.4166669845581055,7.3333330154418945,7.3333330154418945
08-10-1998,7.0,7.2708330154418945,963000,7.625,7.5833330154418945,7.5833330154418945
09-10-1998,7.1875,7.5833330154418945,889500,7.625,7.3333330154418945,7.3333330154418945
12-10-1998,7.0833330154418945,7.3333330154418945,919800,7.3958330154418945,7.2291669845581055,7.2291669845581055
13-10-1998,7.0833330154418945,7.1666669845581055,1264800,7.3333330154418945,7.3125,7.3125
14-10-1998,7.2708330154418945,7.2916669845581055,801900,7.375,7.3125,7.3125
15-10-1998,7.125,7.2916669845581055,818700,7.3333330154418945,7.2916669845581055,7.2916669845581055
16-10-1998,7.2916669845581055,7.3125,1519800,8.0,7.9375,7.9375
19-10-1998,7.8541669845581055,7.9375,780900,8.041666984558105,8.041666984558105,8.041666984558105
20-10-1998,8.125,8.125,1326300,8.541666984558105,8.25,8.25
21-10-1998,7.875,8.25,768900,8.25,7.9375,7.9375
22-10-1998,7.6666669845581055,7.9791669845581055,907500,8.0,7.7291669845581055,7.7291669845581055
23-10-1998,7.3333330154418945,7.7291669845581055,375600,7.8020830154418945,7.4166669845581055,7.4166669845581055
26-10-1998,7.1666669845581055,7.3958330154418945,1401300,7.5208330154418945,7.2708330154418945,7.2708330154418945
27-10-1998,7.3541669845581055,7.3541669845581055,2265600,7.7916669845581055,7.7916669845581055,7.7916669845581055
28-10-1998,7.6875,7.75,1204800,8.0625,7.8958330154418945,7.8958330154418945
29-10-1998,7.875,7.875,173100,8.0,8.0,8.0
30-10-1998,8.0,8.0,932700,8.458333015441895,8.166666984558105,8.166666984558105
02-11-1998,8.145833015441895,8.166666984558105,841500,8.25,8.25,8.25
03-11-1998,8.333333015441895,8.333333015441895,2854800,8.958333015441895,8.875,8.875
04-11-1998,8.958333015441895,8.958333015441895,2864100,9.979166984558105,9.916666984558105,9.916666984558105
05-11-1998,9.583333015441895,9.9375,2203200,9.9375,9.75,9.75
06-11-1998,9.75,9.75,1641300,10.083333015441895,10.0625,10.0625
09-11-1998,9.125,10.0625,3597300,10.0625,9.145833015441895,9.145833015441895
10-11-1998,8.958333015441895,9.145833015441895,3908100,9.520833015441895,9.479166984558105,9.479166984558105
11-11-1998,8.729166984558105,9.479166984558105,3960900,9.583333015441895,8.854166984558105,8.854166984558105
12-11-1998,8.541666984558105,8.8125,7026900,8.895833015441895,8.75,8.75
13-11-1998,8.541666984558105,8.666666984558105,7181100,8.958333015441895,8.9375,8.9375
16-11-1998,9.0625,9.125,4451100,9.333333015441895,9.125,9.125
17-11-1998,8.708333015441895,9.083333015441895,2639100,9.104166984558105,8.958333015441895,8.958333015441895
18-11-1998,8.916666984558105,8.916666984558105,1220700,9.0,8.979166984558105,8.979166984558105
19-11-1998,8.916666984558105,8.958333015441895,1522800,9.229166984558105,9.166666984558105,9.166666984558105
20-11-1998,9.0,9.1875,1275000,9.1875,9.041666984558105,9.041666984558105
23-11-1998,8.75,8.979166984558105,960600,9.083333015441895,8.75,8.75
24-11-1998,8.770833015441895,8.875,2359200,9.0625,8.833333015441895,8.833333015441895
25-11-1998,8.75,8.854166984558105,957600,8.875,8.770833015441895,8.770833015441895
27-11-1998,8.833333015441895,8.833333015441895,385800,8.979166984558105,8.875,8.875
30-11-1998,8.791666984558105,8.916666984558105,1521600,8.9375,8.854166984558105,8.854166984558105
01-12-1998,8.645833015441895,8.770833015441895,2161800,8.833333015441895,8.770833015441895,8.770833015441895
02-12-1998,8.458333015441895,8.729166984558105,802800,8.770833015441895,8.666666984558105,8.666666984558105
03-12-1998,8.1875,8.666666984558105,2171700,8.666666984558105,8.354166984558105,8.354166984558105
04-12-1998,8.208333015441895,8.375,2469900,8.708333015441895,8.6875,8.6875
07-12-1998,8.6875,8.6875,3978900,9.083333015441895,8.9375,8.9375
08-12-1998,8.6875,8.854166984558105,1956000,9.0,8.729166984558105,8.729166984558105
09-12-1998,8.416666984558105,8.6875,829200,8.708333015441895,8.416666984558105,8.416666984558105
10-12-1998,8.229166984558105,8.5,2299500,8.583333015441895,8.270833015441895,8.270833015441895
11-12-1998,7.8125,8.229166984558105,1895100,8.229166984558105,8.083333015441895,8.083333015441895
14-12-1998,7.375,8.0,1820400,8.0,7.4791669845581055,7.4791669845581055
15-12-1998,7.5625,7.6666669845581055,2080500,7.7916669845581055,7.5833330154418945,7.5833330154418945
16-12-1998,7.5208330154418945,7.6458330154418945,936600,7.6875,7.6041669845581055,7.6041669845581055
17-12-1998,7.5729169845581055,7.625,1449900,8.125,8.083333015441895,8.083333015441895
18-12-1998,7.9375,8.0625,1292400,8.083333015441895,7.9791669845581055,7.9791669845581055
21-12-1998,8.0,8.0,1435500,8.25,8.25,8.25
22-12-1998,8.25,8.333333015441895,872700,8.479166984558105,8.354166984558105,8.354166984558105
23-12-1998,8.1875,8.1875,1524600,8.395833015441895,8.270833015441895,8.270833015441895
24-12-1998,8.479166984558105,8.5,644400,8.729166984558105,8.708333015441895,8.708333015441895
28-12-1998,8.833333015441895,8.833333015441895,1433100,9.25,9.125,9.125
29-12-1998,9.0,9.125,1580100,9.270833015441895,9.020833015441895,9.020833015441895
30-12-1998,9.041666984558105,9.041666984558105,1272000,9.5,9.4375,9.4375
31-12-1998,9.4375,9.458333015441895,841500,9.854166984558105,9.854166984558105,9.854166984558105
04-01-1999,9.291666984558105,9.833333015441895,2855100,9.875,9.333333015441895,9.333333015441895
05-01-1999,8.979166984558105,9.333333015441895,2644500,9.354166984558105,8.979166984558105,8.979166984558105
06-01-1999,8.291666984558105,9.020833015441895,5053200,9.041666984558105,8.354166984558105,8.354166984558105
07-01-1999,8.354166984558105,8.354166984558105,4562700,8.708333015441895,8.604166984558105,8.604166984558105
08-01-1999,8.4375,8.645833015441895,1902600,8.875,8.5625,8.5625
11-01-1999,8.166666984558105,8.5,1676400,8.5,8.208333015441895,8.208333015441895
12-01-1999,8.125,8.166666984558105,1702200,8.5,8.3125,8.3125
13-01-1999,8.041666984558105,8.145833015441895,789600,8.5,8.458333015441895,8.458333015441895
14-01-1999,8.291666984558105,8.4375,1189800,8.604166984558105,8.291666984558105,8.291666984558105
15-01-1999,8.270833015441895,8.333333015441895,2138400,8.666666984558105,8.5,8.5
19-01-1999,8.3125,8.5,1338300,8.666666984558105,8.3125,8.3125
20-01-1999,7.75,8.395833015441895,2423400,8.4375,8.0,8.0
21-01-1999,7.75,8.083333015441895,2071200,8.125,7.8333330154418945,7.8333330154418945
22-01-1999,7.6041669845581055,7.75,2266200,8.166666984558105,8.166666984558105,8.166666984558105
25-01-1999,7.7708330154418945,8.166666984558105,1202700,8.166666984558105,7.8125,7.8125
26-01-1999,7.375,7.7916669845581055,3109200,7.9583330154418945,7.625,7.625
27-01-1999,7.375,7.625,1194600,7.6458330154418945,7.5833330154418945,7.5833330154418945
28-01-1999,7.4583330154418945,7.5833330154418945,1076400,7.8333330154418945,7.4583330154418945,7.4583330154418945
29-01-1999,7.5,7.5416669845581055,1413300,7.9166669845581055,7.7708330154418945,7.7708330154418945
01-02-1999,7.7291669845581055,7.7708330154418945,1728000,8.041666984558105,8.041666984558105,8.041666984558105
02-02-1999,7.7916669845581055,8.041666984558105,1357800,8.291666984558105,8.0,8.0
03-02-1999,7.9583330154418945,8.020833015441895,1516500,8.25,8.166666984558105,8.166666984558105
04-02-1999,7.9166669845581055,8.166666984558105,1321200,8.166666984558105,7.9375,7.9375
05-02-1999,7.5208330154418945,7.9166669845581055,1073400,7.9375,7.5833330154418945,7.5833330154418945
08-02-1999,7.1875,7.7291669845581055,1316400,7.7291669845581055,7.5,7.5
09-02-1999,7.3333330154418945,7.5208330154418945,1309800,7.6666669845581055,7.4166669845581055,7.4166669845581055
10-02-1999,7.0416669845581055,7.5,949200,7.5625,7.1666669845581055,7.1666669845581055
11-02-1999,6.875,7.1875,1738800,7.2291669845581055,7.125,7.125
12-02-1999,6.5416669845581055,6.8333330154418945,2021100,6.9166669845581055,6.5833330154418945,6.5833330154418945
16-02-1999,6.7708330154418945,6.8333330154418945,1710300,7.125,6.875,6.875
17-02-1999,6.8958330154418945,6.8958330154418945,2128800,7.25,7.0,7.0
18-02-1999,2.8333330154418945,3.4166669845581055,56235600,3.5416669845581055,2.9166669845581055,2.9166669845581055
19-02-1999,3.0,3.0416669845581055,35790000,3.375,3.125,3.125
22-02-1999,3.2083330154418945,3.2916669845581055,14965200,3.375,3.3333330154418945,3.3333330154418945
23-02-1999,3.0833330154418945,3.3125,9807900,3.3125,3.1041669845581055,3.1041669845581055
24-02-1999,2.875,3.1041669845581055,14771700,3.1041669845581055,2.875,2.875
25-02-1999,2.875,2.8958330154418945,3788100,3.1041669845581055,3.0,3.0
26-02-1999,2.8333330154418945,3.0208330154418945,5418300,3.0416669845581055,2.9583330154418945,2.9583330154418945
01-03-1999,2.9166669845581055,2.9583330154418945,2019300,2.9791669845581055,2.9375,2.9375
02-03-1999,2.8958330154418945,2.9583330154418945,2492700,3.0,2.9166669845581055,2.9166669845581055
03-03-1999,2.7083330154418945,2.9375,3286500,2.9583330154418945,2.75,2.75
04-03-1999,2.3125,2.6875,15152700,2.6875,2.5,2.5
05-03-1999,2.5833330154418945,2.6666669845581055,10073100,2.8125,2.8125,2.8125
08-03-1999,2.75,2.8333330154418945,5885400,2.9375,2.7916669845581055,2.7916669845581055
09-03-1999,2.7708330154418945,2.7708330154418945,5748300,2.9166669845581055,2.8958330154418945,2.8958330154418945
10-03-1999,2.8958330154418945,2.8958330154418945,7638900,3.1666669845581055,3.125,3.125
11-03-1999,3.0,3.1666669845581055,5161500,3.2708330154418945,3.0208330154418945,3.0208330154418945
12-03-1999,2.9166669845581055,3.0625,3740100,3.1458330154418945,3.0625,3.0625
15-03-1999,2.9791669845581055,3.0625,3762000,3.1458330154418945,3.0833330154418945,3.0833330154418945
16-03-1999,3.0833330154418945,3.0833330154418945,5146800,3.2708330154418945,3.2083330154418945,3.2083330154418945
17-03-1999,3.25,3.3125,6377100,3.625,3.625,3.625
18-03-1999,3.3958330154418945,3.6041669845581055,5642400,3.7083330154418945,3.4375,3.4375
19-03-1999,3.4583330154418945,3.4791669845581055,4722900,3.7291669845581055,3.7291669845581055,3.7291669845581055
22-03-1999,3.75,3.75,4952100,3.875,3.7916669845581055,3.7916669845581055
23-03-1999,3.4166669845581055,3.75,3040800,3.7708330154418945,3.5208330154418945,3.5208330154418945
24-03-1999,3.5,3.5625,2195400,3.625,3.5833330154418945,3.5833330154418945
25-03-1999,3.625,3.6458330154418945,3018000,3.9375,3.7708330154418945,3.7708330154418945
26-03-1999,3.6041669845581055,3.75,2307300,3.8333330154418945,3.6458330154418945,3.6458330154418945
29-03-1999,3.4583330154418945,3.6666669845581055,3620100,3.6666669845581055,3.4791669845581055,3.4791669845581055
30-03-1999,3.4375,3.5,2338200,3.5416669845581055,3.4583330154418945,3.4583330154418945
31-03-1999,3.4583330154418945,3.4583330154418945,3352800,3.7708330154418945,3.6666669845581055,3.6666669845581055
01-04-1999,3.4166669845581055,3.7291669845581055,3170700,3.7291669845581055,3.5625,3.5625
05-04-1999,3.5625,3.5625,3380400,3.8333330154418945,3.6458330154418945,3.6458330154418945
06-04-1999,3.4375,3.6041669845581055,1064700,3.6458330154418945,3.4375,3.4375
07-04-1999,3.2916669845581055,3.4791669845581055,1501200,3.625,3.3541669845581055,3.3541669845581055
08-04-1999,3.1041669845581055,3.3541669845581055,1871700,3.3541669845581055,3.2708330154418945,3.2708330154418945
09-04-1999,3.2083330154418945,3.2708330154418945,1798800,3.5416669845581055,3.5,3.5
12-04-1999,3.3541669845581055,3.5,2752800,3.6666669845581055,3.5208330154418945,3.5208330154418945
13-04-1999,3.5,3.5208330154418945,1719000,3.5833330154418945,3.5,3.5
14-04-1999,3.4583330154418945,3.5,2168400,3.6458330154418945,3.5208330154418945,3.5208330154418945
15-04-1999,3.5,3.5208330154418945,1830600,3.6458330154418945,3.5416669845581055,3.5416669845581055
16-04-1999,3.5416669845581055,3.5625,2043000,3.6666669845581055,3.6458330154418945,3.6458330154418945
19-04-1999,3.4375,3.5833330154418945,1972800,3.6666669845581055,3.4791669845581055,3.4791669845581055
20-04-1999,3.3333330154418945,3.4583330154418945,2173800,3.5208330154418945,3.5208330154418945,3.5208330154418945
21-04-1999,3.5,3.5208330154418945,2722200,3.6875,3.6666669845581055,3.6666669845581055
22-04-1999,3.6458330154418945,3.6666669845581055,2754900,3.7916669845581055,3.7083330154418945,3.7083330154418945
23-04-1999,3.6875,3.7083330154418945,11554800,4.6666669845581055,4.4166669845581055,4.4166669845581055
26-04-1999,4.4166669845581055,4.5208330154418945,4935900,4.8125,4.6458330154418945,4.6458330154418945
27-04-1999,4.5,4.7083330154418945,5474700,4.8541669845581055,4.6875,4.6875
28-04-1999,4.5,4.6458330154418945,2485200,4.6458330154418945,4.5625,4.5625
29-04-1999,4.4583330154418945,4.5625,3146700,4.8333330154418945,4.7708330154418945,4.7708330154418945
30-04-1999,4.5833330154418945,4.7708330154418945,1697100,4.7708330154418945,4.625,4.625
03-05-1999,4.6041669845581055,4.6458330154418945,1005000,4.6875,4.6666669845581055,4.6666669845581055
04-05-1999,4.625,4.6666669845581055,1630200,4.8958330154418945,4.7291669845581055,4.7291669845581055
05-05-1999,4.6041669845581055,4.75,1663500,4.8125,4.7916669845581055,4.7916669845581055
06-05-1999,4.7916669845581055,4.8333330154418945,1985400,4.8958330154418945,4.875,4.875
07-05-1999,4.7083330154418945,4.875,1230900,4.8958330154418945,4.875,4.875
10-05-1999,4.875,4.875,3096900,5.2291669845581055,5.1041669845581055,5.1041669845581055
11-05-1999,4.8125,5.125,4136100,5.4166669845581055,4.8333330154418945,4.8333330154418945
12-05-1999,4.9375,5.1666669845581055,7465200,5.3541669845581055,5.2083330154418945,5.2083330154418945
13-05-1999,5.2083330154418945,5.2291669845581055,3324300,5.375,5.3125,5.3125
14-05-1999,5.1458330154418945,5.2708330154418945,1940100,5.2708330154418945,5.1458330154418945,5.1458330154418945
17-05-1999,4.8958330154418945,5.0833330154418945,1723500,5.0833330154418945,4.9583330154418945,4.9583330154418945
18-05-1999,4.8541669845581055,5.0833330154418945,987600,5.0833330154418945,4.9375,4.9375
19-05-1999,4.8333330154418945,4.8958330154418945,1850400,5.0208330154418945,4.9791669845581055,4.9791669845581055
20-05-1999,4.9375,5.0,1842000,5.25,5.2291669845581055,5.2291669845581055
21-05-1999,5.1041669845581055,5.2083330154418945,1130100,5.3541669845581055,5.1458330154418945,5.1458330154418945
24-05-1999,5.0,5.1875,1736400,5.2916669845581055,5.0625,5.0625
25-05-1999,4.9166669845581055,5.0625,3167700,5.0833330154418945,4.9791669845581055,4.9791669845581055
26-05-1999,4.9166669845581055,5.0,741600,5.0625,5.0,5.0
27-05-1999,4.9166669845581055,4.9583330154418945,1170600,5.1458330154418945,5.125,5.125
28-05-1999,5.0833330154418945,5.1666669845581055,389700,5.2083330154418945,5.125,5.125
01-06-1999,4.9791669845581055,5.1458330154418945,397200,5.1458330154418945,4.9791669845581055,4.9791669845581055
02-06-1999,4.9375,5.0,1195200,5.0625,4.9583330154418945,4.9583330154418945
03-06-1999,4.9166669845581055,4.9791669845581055,1037100,5.0,4.9791669845581055,4.9791669845581055
04-06-1999,4.9791669845581055,4.9791669845581055,509700,5.0208330154418945,5.0,5.0
07-06-1999,4.9583330154418945,5.0,1106400,5.0,5.0,5.0
08-06-1999,4.9375,5.0,649200,5.0625,4.9583330154418945,4.9583330154418945
09-06-1999,4.8333330154418945,4.9583330154418945,1590900,4.9791669845581055,4.8958330154418945,4.8958330154418945
10-06-1999,4.8125,4.9166669845581055,876900,4.9166669845581055,4.875,4.875
11-06-1999,4.875,4.875,1242900,5.0208330154418945,5.0,5.0
14-06-1999,4.8333330154418945,4.9583330154418945,893700,4.9791669845581055,4.9583330154418945,4.9583330154418945
15-06-1999,4.6666669845581055,4.9166669845581055,2772000,4.9791669845581055,4.7708330154418945,4.7708330154418945
16-06-1999,4.7916669845581055,4.9375,1029900,4.9375,4.875,4.875
17-06-1999,4.8333330154418945,4.875,1064400,4.8958330154418945,4.8333330154418945,4.8333330154418945
18-06-1999,4.8333330154418945,4.8541669845581055,1787100,4.9583330154418945,4.9375,4.9375
21-06-1999,4.8333330154418945,4.9375,786900,4.9583330154418945,4.9166669845581055,4.9166669845581055
22-06-1999,4.8541669845581055,4.8958330154418945,785100,4.9583330154418945,4.8541669845581055,4.8541669845581055
23-06-1999,4.7708330154418945,4.8333330154418945,997800,4.875,4.8333330154418945,4.8333330154418945
24-06-1999,4.4166669845581055,4.8541669845581055,1472100,4.875,4.6458330154418945,4.6458330154418945
25-06-1999,4.625,4.6666669845581055,1027800,4.7083330154418945,4.6666669845581055,4.6666669845581055
28-06-1999,4.625,4.7083330154418945,948600,4.8333330154418945,4.8125,4.8125
29-06-1999,4.7708330154418945,4.7708330154418945,1049100,5.0416669845581055,5.0,5.0
30-06-1999,4.9791669845581055,5.0,2596500,5.25,5.1875,5.1875
01-07-1999,4.9166669845581055,5.1666669845581055,993900,5.1666669845581055,5.1041669845581055,5.1041669845581055
02-07-1999,5.0,5.1041669845581055,342300,5.1041669845581055,5.0416669845581055,5.0416669845581055
06-07-1999,4.9375,5.0208330154418945,571200,5.0208330154418945,4.9583330154418945,4.9583330154418945
07-07-1999,4.75,4.9375,793800,4.9375,4.8125,4.8125
08-07-1999,4.6875,4.8541669845581055,1065600,4.8541669845581055,4.7291669845581055,4.7291669845581055
09-07-1999,4.7291669845581055,4.7708330154418945,586500,4.8333330154418945,4.75,4.75
12-07-1999,4.625,4.7291669845581055,1183800,4.75,4.6458330154418945,4.6458330154418945
13-07-1999,4.5625,4.625,1043400,4.7083330154418945,4.625,4.625
14-07-1999,4.4166669845581055,4.6041669845581055,2740200,4.6041669845581055,4.5208330154418945,4.5208330154418945
15-07-1999,4.5,4.5625,910200,4.5833330154418945,4.5416669845581055,4.5416669845581055
16-07-1999,4.25,4.5416669845581055,3244800,4.5416669845581055,4.2916669845581055,4.2916669845581055
19-07-1999,2.8125,2.8333330154418945,19648200,3.25,2.875,2.875
20-07-1999,2.6875,2.8333330154418945,10664700,2.9166669845581055,2.7708330154418945,2.7708330154418945
21-07-1999,2.7291669845581055,2.7708330154418945,5116500,3.0833330154418945,3.0833330154418945,3.0833330154418945
22-07-1999,3.125,3.125,6415800,3.3958330154418945,3.2916669845581055,3.2916669845581055
23-07-1999,3.1458330154418945,3.3333330154418945,2104200,3.3333330154418945,3.1666669845581055,3.1666669845581055
26-07-1999,3.0208330154418945,3.1666669845581055,1272300,3.1666669845581055,3.0833330154418945,3.0833330154418945
27-07-1999,2.9583330154418945,3.125,1956600,3.1666669845581055,3.0,3.0
28-07-1999,2.875,3.0208330154418945,1817700,3.0208330154418945,2.9166669845581055,2.9166669845581055
29-07-1999,2.7708330154418945,2.875,2110800,2.875,2.8125,2.8125
30-07-1999,2.7708330154418945,2.8333330154418945,1245000,2.8333330154418945,2.7916669845581055,2.7916669845581055
02-08-1999,2.7708330154418945,2.7916669845581055,1379400,2.8333330154418945,2.8333330154418945,2.8333330154418945
03-08-1999,2.75,2.8125,1176900,2.8958330154418945,2.7916669845581055,2.7916669845581055
04-08-1999,2.625,2.7916669845581055,1950300,2.7916669845581055,2.6458330154418945,2.6458330154418945
05-08-1999,2.6458330154418945,2.6666669845581055,1461000,2.75,2.7083330154418945,2.7083330154418945
06-08-1999,2.6666669845581055,2.7083330154418945,730800,2.75,2.7083330154418945,2.7083330154418945
09-08-1999,2.6041669845581055,2.7291669845581055,1170000,2.75,2.6458330154418945,2.6458330154418945
10-08-1999,2.7083330154418945,2.7083330154418945,2227500,2.8958330154418945,2.8333330154418945,2.8333330154418945
11-08-1999,2.6666669845581055,2.8958330154418945,2624100,2.8958330154418945,2.7083330154418945,2.7083330154418945
12-08-1999,2.6875,2.7291669845581055,2939700,2.8958330154418945,2.6875,2.6875
13-08-1999,2.6875,2.7291669845581055,1766700,2.7708330154418945,2.7291669845581055,2.7291669845581055
16-08-1999,2.7083330154418945,2.7083330154418945,1437600,2.875,2.8333330154418945,2.8333330154418945
17-08-1999,2.875,2.875,1603500,2.9583330154418945,2.9166669845581055,2.9166669845581055
18-08-1999,2.9166669845581055,2.9166669845581055,2078100,2.9791669845581055,2.9375,2.9375
19-08-1999,2.875,2.8958330154418945,1189500,2.9375,2.9166669845581055,2.9166669845581055
20-08-1999,2.9375,2.9583330154418945,2407800,3.1041669845581055,3.0,3.0
23-08-1999,2.875,3.0,1950000,3.0416669845581055,2.8958330154418945,2.8958330154418945
24-08-1999,2.7916669845581055,2.8958330154418945,1516500,2.8958330154418945,2.8333330154418945,2.8333330154418945
25-08-1999,2.7916669845581055,2.8333330154418945,1326600,2.8333330154418945,2.8125,2.8125
26-08-1999,2.7291669845581055,2.8333330154418945,1314300,2.8541669845581055,2.7708330154418945,2.7708330154418945
27-08-1999,2.75,2.7916669845581055,1275000,2.8333330154418945,2.7916669845581055,2.7916669845581055
30-08-1999,2.7708330154418945,2.8333330154418945,1147500,2.875,2.7916669845581055,2.7916669845581055
31-08-1999,2.6666669845581055,2.7916669845581055,1187400,2.7916669845581055,2.6875,2.6875
01-09-1999,2.6041669845581055,2.6875,1326600,2.7291669845581055,2.6458330154418945,2.6458330154418945
02-09-1999,2.5,2.625,2187000,2.6458330154418945,2.6041669845581055,2.6041669845581055
03-09-1999,2.625,2.625,1142700,2.7291669845581055,2.6666669845581055,2.6666669845581055
07-09-1999,2.625,2.7083330154418945,952500,2.7291669845581055,2.6875,2.6875
08-09-1999,2.6041669845581055,2.6666669845581055,2116500,2.6666669845581055,2.625,2.625
09-09-1999,2.5833330154418945,2.625,925800,2.7083330154418945,2.6458330154418945,2.6458330154418945
10-09-1999,2.625,2.6875,1105200,2.6875,2.6666669845581055,2.6666669845581055
13-09-1999,2.625,2.6666669845581055,727200,2.6875,2.6458330154418945,2.6458330154418945
14-09-1999,2.625,2.6458330154418945,2136600,2.7291669845581055,2.6875,2.6875
15-09-1999,2.7291669845581055,2.7291669845581055,805500,2.8541669845581055,2.8333330154418945,2.8333330154418945
16-09-1999,2.6875,2.8333330154418945,630300,2.8333330154418945,2.6875,2.6875
17-09-1999,2.6666669845581055,2.6666669845581055,741600,2.7291669845581055,2.7291669845581055,2.7291669845581055
20-09-1999,2.6458330154418945,2.7291669845581055,644700,2.7291669845581055,2.6666669845581055,2.6666669845581055
21-09-1999,2.6041669845581055,2.6666669845581055,1219800,2.6875,2.625,2.625
22-09-1999,2.5,2.6041669845581055,2009400,2.6458330154418945,2.5625,2.5625
23-09-1999,2.5,2.5833330154418945,712500,2.6041669845581055,2.5208330154418945,2.5208330154418945
24-09-1999,2.4583330154418945,2.5208330154418945,676500,2.5208330154418945,2.5,2.5
27-09-1999,2.4583330154418945,2.5,784200,2.5625,2.5,2.5
28-09-1999,2.3333330154418945,2.5,1618500,2.5208330154418945,2.5208330154418945,2.5208330154418945
29-09-1999,2.3541669845581055,2.5,1579200,2.5,2.3541669845581055,2.3541669845581055
30-09-1999,2.3958330154418945,2.4791669845581055,1690200,2.5416669845581055,2.4791669845581055,2.4791669845581055
01-10-1999,2.3541669845581055,2.4583330154418945,961500,2.4791669845581055,2.375,2.375
04-10-1999,2.0625,2.3958330154418945,2550300,2.3958330154418945,2.1666669845581055,2.1666669845581055
05-10-1999,1.9583330154418945,2.1458330154418945,3866100,2.1666669845581055,2.0,2.0
06-10-1999,2.0208330154418945,2.0208330154418945,2935800,2.25,2.25,2.25
07-10-1999,1.9791669845581055,2.2083330154418945,3258000,2.2083330154418945,2.0208330154418945,2.0208330154418945
08-10-1999,1.9583330154418945,2.0208330154418945,2792400,2.0416669845581055,1.9583330154418945,1.9583330154418945
11-10-1999,1.9583330154418945,2.0,3114000,2.0208330154418945,1.9791669845581055,1.9791669845581055
12-10-1999,1.9583330154418945,1.9791669845581055,2450700,2.0208330154418945,2.0,2.0
13-10-1999,1.8958330154418945,2.0,1007100,2.0,1.9583330154418945,1.9583330154418945
14-10-1999,1.9375,1.9583330154418945,1404600,2.0625,2.0208330154418945,2.0208330154418945
15-10-1999,1.9375,2.0,826200,2.0,2.0,2.0
18-10-1999,2.3125,2.4166669845581055,5589300,2.4166669845581055,2.4166669845581055,2.4166669845581055
19-10-1999,2.5208330154418945,2.5416669845581055,3780900,2.7083330154418945,2.6666669845581055,2.6666669845581055
20-10-1999,2.5416669845581055,2.6666669845581055,2328600,2.75,2.7083330154418945,2.7083330154418945
21-10-1999,2.625,2.6666669845581055,2229600,2.8541669845581055,2.8125,2.8125
22-10-1999,2.7916669845581055,2.8333330154418945,1185000,2.875,2.8541669845581055,2.8541669845581055
25-10-1999,2.6041669845581055,2.8333330154418945,1734600,2.8541669845581055,2.6666669845581055,2.6666669845581055
26-10-1999,2.6041669845581055,2.6666669845581055,1686000,2.6666669845581055,2.6458330154418945,2.6458330154418945
27-10-1999,2.5625,2.5625,600000,2.7291669845581055,2.6666669845581055,2.6666669845581055
28-10-1999,2.4166669845581055,2.6666669845581055,1316400,2.6666669845581055,2.5625,2.5625
29-10-1999,2.2708330154418945,2.625,2889600,2.6666669845581055,2.4375,2.4375
01-11-1999,2.5,2.5416669845581055,1705200,2.6458330154418945,2.6041669845581055,2.6041669845581055
02-11-1999,2.5416669845581055,2.625,2222100,2.7083330154418945,2.6666669845581055,2.6666669845581055
03-11-1999,2.5833330154418945,2.6875,1395600,2.6875,2.5833330154418945,2.5833330154418945
04-11-1999,2.5208330154418945,2.625,748800,2.6458330154418945,2.5625,2.5625
05-11-1999,2.4583330154418945,2.5,9369000,2.6041669845581055,2.5,2.5
08-11-1999,2.5,2.5208330154418945,677100,2.5625,2.5208330154418945,2.5208330154418945
09-11-1999,2.3541669845581055,2.5208330154418945,985200,2.5833330154418945,2.4375,2.4375
10-11-1999,2.1666669845581055,2.25,4227000,2.3958330154418945,2.3125,2.3125
11-11-1999,2.0833330154418945,2.2708330154418945,4199100,2.2708330154418945,2.0833330154418945,2.0833330154418945
12-11-1999,2.125,2.125,1573800,2.3333330154418945,2.3125,2.3125
15-11-1999,2.2708330154418945,2.3333330154418945,1353600,2.3541669845581055,2.3333330154418945,2.3333330154418945
16-11-1999,2.3333330154418945,2.3541669845581055,1323600,2.4166669845581055,2.375,2.375
17-11-1999,2.2708330154418945,2.375,1945200,2.4375,2.3541669845581055,2.3541669845581055
18-11-1999,2.2708330154418945,2.3333330154418945,802500,2.3541669845581055,2.3333330154418945,2.3333330154418945
19-11-1999,2.2916669845581055,2.3541669845581055,1286700,2.375,2.375,2.375
22-11-1999,2.3333330154418945,2.3958330154418945,1093800,2.4166669845581055,2.4166669845581055,2.4166669845581055
23-11-1999,2.3541669845581055,2.4166669845581055,1260000,2.5,2.4583330154418945,2.4583330154418945
24-11-1999,2.25,2.4166669845581055,735000,2.4375,2.3333330154418945,2.3333330154418945
26-11-1999,2.3333330154418945,2.375,667200,2.3958330154418945,2.3333330154418945,2.3333330154418945
29-11-1999,2.2708330154418945,2.2916669845581055,1187700,2.3541669845581055,2.3541669845581055,2.3541669845581055
30-11-1999,2.3125,2.3333330154418945,1107600,2.375,2.375,2.375
01-12-1999,2.1458330154418945,2.3541669845581055,2047500,2.375,2.25,2.25
02-12-1999,2.1458330154418945,2.2083330154418945,1939800,2.3541669845581055,2.3333330154418945,2.3333330154418945
03-12-1999,2.3125,2.3541669845581055,1563900,2.5625,2.3333330154418945,2.3333330154418945
06-12-1999,2.2916669845581055,2.3541669845581055,1212600,2.4166669845581055,2.3333330154418945,2.3333330154418945
07-12-1999,2.1666669845581055,2.3333330154418945,916800,2.3333330154418945,2.2291669845581055,2.2291669845581055
08-12-1999,2.1875,2.2291669845581055,1026900,2.2916669845581055,2.2916669845581055,2.2916669845581055
09-12-1999,2.1875,2.25,1417800,2.2708330154418945,2.2291669845581055,2.2291669845581055
10-12-1999,2.1458330154418945,2.1875,1218600,2.25,2.25,2.25
13-12-1999,2.1875,2.25,1598700,2.3333330154418945,2.2916669845581055,2.2916669845581055
14-12-1999,2.2916669845581055,2.2916669845581055,858900,2.3333330154418945,2.2916669845581055,2.2916669845581055
15-12-1999,2.2291669845581055,2.2708330154418945,500100,2.2916669845581055,2.2916669845581055,2.2916669845581055
16-12-1999,2.1875,2.2708330154418945,727500,2.3541669845581055,2.2291669845581055,2.2291669845581055
17-12-1999,2.1666669845581055,2.1875,1359000,2.2708330154418945,2.1875,2.1875
20-12-1999,2.0833330154418945,2.1875,2574900,2.2083330154418945,2.1041669845581055,2.1041669845581055
21-12-1999,2.0,2.0625,1377600,2.1041669845581055,2.0416669845581055,2.0416669845581055
22-12-1999,2.0,2.0416669845581055,806100,2.0625,2.0416669845581055,2.0416669845581055
23-12-1999,2.0208330154418945,2.0208330154418945,1233000,2.1666669845581055,2.1041669845581055,2.1041669845581055
27-12-1999,2.0416669845581055,2.0416669845581055,2201700,2.1875,2.0416669845581055,2.0416669845581055
28-12-1999,2.0208330154418945,2.0625,1798500,2.1458330154418945,2.0833330154418945,2.0833330154418945
29-12-1999,2.0208330154418945,2.0416669845581055,1766700,2.0833330154418945,2.0833330154418945,2.0833330154418945
30-12-1999,2.0416669845581055,2.0416669845581055,1436400,2.125,2.125,2.125
31-12-1999,2.0833330154418945,2.1041669845581055,2130900,2.25,2.2291669845581055,2.2291669845581055
03-01-2000,2.1666669845581055,2.25,1027500,2.3125,2.2916669845581055,2.2916669845581055
04-01-2000,2.125,2.25,518400,2.2708330154418945,2.25,2.25
05-01-2000,2.0625,2.2083330154418945,1800000,2.2083330154418945,2.0625,2.0625
06-01-2000,1.9583330154418945,2.0416669845581055,2559600,2.0625,2.0,2.0
07-01-2000,1.9791669845581055,2.0,2153100,2.2083330154418945,2.2083330154418945,2.2083330154418945
10-01-2000,2.25,2.3333330154418945,1212900,2.3541669845581055,2.25,2.25
11-01-2000,2.2083330154418945,2.2291669845581055,783000,2.3333330154418945,2.2291669845581055,2.2291669845581055
12-01-2000,2.1875,2.2708330154418945,772200,2.3333330154418945,2.2083330154418945,2.2083330154418945
13-01-2000,2.2291669845581055,2.2291669845581055,1608300,2.3125,2.3125,2.3125
14-01-2000,2.3541669845581055,2.3541669845581055,2369700,2.5416669845581055,2.3958330154418945,2.3958330154418945
18-01-2000,2.2708330154418945,2.3333330154418945,963300,2.5,2.3958330154418945,2.3958330154418945
19-01-2000,1.5833330154418945,2.2083330154418945,10565700,2.2083330154418945,1.625,1.625
20-01-2000,1.625,1.6458330154418945,5778600,1.7916669845581055,1.7708330154418945,1.7708330154418945
21-01-2000,1.7708330154418945,1.7916669845581055,6084600,1.9583330154418945,1.9166669845581055,1.9166669845581055
24-01-2000,1.6666669845581055,1.8958330154418945,3576300,1.9166669845581055,1.6666669845581055,1.6666669845581055
25-01-2000,1.6458330154418945,1.7083330154418945,1853400,1.7916669845581055,1.6458330154418945,1.6458330154418945
26-01-2000,1.6458330154418945,1.6666669845581055,1546200,1.75,1.6458330154418945,1.6458330154418945
27-01-2000,1.5625,1.6666669845581055,1993800,1.6666669845581055,1.5833330154418945,1.5833330154418945
28-01-2000,1.5208330154418945,1.5833330154418945,1328400,1.5833330154418945,1.5208330154418945,1.5208330154418945
31-01-2000,1.5,1.5416669845581055,1049100,1.5833330154418945,1.5416669845581055,1.5416669845581055
01-02-2000,1.5208330154418945,1.5833330154418945,2383800,1.5833330154418945,1.5208330154418945,1.5208330154418945
02-02-2000,1.5416669845581055,1.5416669845581055,1445700,1.6041669845581055,1.5625,1.5625
03-02-2000,1.4791669845581055,1.5625,4986600,1.5625,1.5208330154418945,1.5208330154418945
04-02-2000,1.4583330154418945,1.5,2919300,1.5208330154418945,1.4583330154418945,1.4583330154418945
07-02-2000,1.4166669845581055,1.4583330154418945,1455600,1.5,1.4583330154418945,1.4583330154418945
08-02-2000,1.4375,1.4791669845581055,873000,1.5,1.4583330154418945,1.4583330154418945
09-02-2000,1.3958330154418945,1.4583330154418945,1524900,1.4791669845581055,1.4166669845581055,1.4166669845581055
10-02-2000,1.2708330154418945,1.4166669845581055,1789800,1.4375,1.3333330154418945,1.3333330154418945
11-02-2000,1.3125,1.3333330154418945,2527200,1.3958330154418945,1.3541669845581055,1.3541669845581055
14-02-2000,1.2291669845581055,1.3541669845581055,2811000,1.3958330154418945,1.25,1.25
15-02-2000,1.25,1.25,2350800,1.3333330154418945,1.2916669845581055,1.2916669845581055
16-02-2000,1.2916669845581055,1.3125,1055400,1.3333330154418945,1.2916669845581055,1.2916669845581055
17-02-2000,1.2916669845581055,1.3125,2709000,1.3333330154418945,1.3125,1.3125
18-02-2000,1.2708330154418945,1.2708330154418945,1063500,1.3125,1.2708330154418945,1.2708330154418945
22-02-2000,1.25,1.2708330154418945,988200,1.3125,1.2708330154418945,1.2708330154418945
23-02-2000,1.2916669845581055,1.3125,888600,1.3333330154418945,1.2916669845581055,1.2916669845581055
24-02-2000,1.25,1.3125,910500,1.3125,1.2916669845581055,1.2916669845581055
25-02-2000,1.1666669845581055,1.3125,2386800,1.3125,1.1666669845581055,1.1666669845581055
28-02-2000,0.9166669845581055,1.1666669845581055,4963800,1.1666669845581055,1.0416669845581055,1.0416669845581055
29-02-2000,0.9583330154418945,1.0833330154418945,2095200,1.125,1.0,1.0
01-03-2000,0.9583330154418945,1.0,2486400,1.0416669845581055,0.9583330154418945,0.9583330154418945
02-03-2000,0.6875,0.8333330154418945,12602400,1.0416669845581055,1.0416669845581055,1.0416669845581055
03-03-2000,0.9583330154418945,1.0625,2180700,1.0833330154418945,1.0,1.0
06-03-2000,1.0833330154418945,1.0833330154418945,2396700,1.25,1.1666669845581055,1.1666669845581055
07-03-2000,1.1458330154418945,1.1666669845581055,1963500,1.2083330154418945,1.1666669845581055,1.1666669845581055
08-03-2000,1.1041669845581055,1.1666669845581055,1114500,1.1875,1.1458330154418945,1.1458330154418945
09-03-2000,1.0625,1.125,2439000,1.25,1.1041669845581055,1.1041669845581055
10-03-2000,1.0208330154418945,1.1041669845581055,759300,1.1041669845581055,1.0416669845581055,1.0416669845581055
13-03-2000,0.9375,1.0208330154418945,1875300,1.0625,0.9583330154418945,0.9583330154418945
14-03-2000,0.9791669845581055,0.9791669845581055,1673400,1.0,1.0,1.0
15-03-2000,0.8125,1.0,5955900,1.0,0.8958330154418945,0.8958330154418945
16-03-2000,0.875,0.8958330154418945,1356600,0.9583330154418945,0.9583330154418945,0.9583330154418945
17-03-2000,0.9166669845581055,0.9166669845581055,974100,0.9583330154418945,0.9583330154418945,0.9583330154418945
20-03-2000,0.8541669845581055,0.9375,2575800,0.9583330154418945,0.8958330154418945,0.8958330154418945
21-03-2000,0.75,0.875,3794100,0.9166669845581055,0.8541669845581055,0.8541669845581055
22-03-2000,0.8125,0.8541669845581055,2763300,0.875,0.8541669845581055,0.8541669845581055
23-03-2000,0.8333330154418945,0.8541669845581055,3479100,0.8958330154418945,0.8541669845581055,0.8541669845581055
24-03-2000,0.875,0.875,4530300,1.0833330154418945,1.0,1.0
27-03-2000,0.875,0.9791669845581055,2176500,0.9791669845581055,0.875,0.875
28-03-2000,0.8541669845581055,0.875,3159000,0.9166669845581055,0.875,0.875
29-03-2000,0.8541669845581055,0.875,1092300,0.8958330154418945,0.8958330154418945,0.8958330154418945
30-03-2000,0.9166669845581055,0.9166669845581055,1827900,1.0208330154418945,0.9791669845581055,0.9791669845581055
31-03-2000,1.0,1.0,1781100,1.0833330154418945,1.0416669845581055,1.0416669845581055
03-04-2000,1.0,1.0625,899400,1.0625,1.0,1.0
04-04-2000,0.9166669845581055,1.0416669845581055,1104000,1.0416669845581055,1.0208330154418945,1.0208330154418945
05-04-2000,1.0,1.0208330154418945,950400,1.0416669845581055,1.0208330154418945,1.0208330154418945
06-04-2000,1.0208330154418945,1.0416669845581055,1057500,1.0625,1.0416669845581055,1.0416669845581055
07-04-2000,1.0208330154418945,1.0416669845581055,488100,1.0833330154418945,1.0625,1.0625
10-04-2000,1.1041669845581055,1.125,1349700,1.1666669845581055,1.1666669845581055,1.1666669845581055
11-04-2000,1.1458330154418945,1.1666669845581055,2556600,1.4791669845581055,1.4791669845581055,1.4791669845581055
12-04-2000,1.1458330154418945,1.3958330154418945,3282300,1.3958330154418945,1.1666669845581055,1.1666669845581055
13-04-2000,1.0625,1.1666669845581055,2264100,1.1666669845581055,1.1041669845581055,1.1041669845581055
14-04-2000,0.8125,1.0625,11777400,1.125,0.8958330154418945,0.8958330154418945
17-04-2000,0.8958330154418945,0.9166669845581055,2560500,0.9791669845581055,0.9166669845581055,0.9166669845581055
18-04-2000,0.9583330154418945,0.9583330154418945,2129100,1.0208330154418945,1.0,1.0
19-04-2000,0.9791669845581055,1.0,2095800,1.0416669845581055,1.0416669845581055,1.0416669845581055
20-04-2000,0.9791669845581055,1.0416669845581055,1423800,1.0833330154418945,0.9791669845581055,0.9791669845581055
24-04-2000,0.875,1.0,984300,1.0,0.9583330154418945,0.9583330154418945
25-04-2000,0.8958330154418945,1.0,1031400,1.0,0.9166669845581055,0.9166669845581055
26-04-2000,0.8958330154418945,0.9166669845581055,822300,1.0,0.9375,0.9375
27-04-2000,0.8958330154418945,0.8958330154418945,956100,0.9583330154418945,0.8958330154418945,0.8958330154418945
28-04-2000,0.8958330154418945,0.9166669845581055,772500,0.9791669845581055,0.9583330154418945,0.9583330154418945
01-05-2000,0.9166669845581055,0.9791669845581055,1220400,1.0,1.0,1.0
02-05-2000,0.9791669845581055,1.0,492000,1.0208330154418945,0.9791669845581055,0.9791669845581055
03-05-2000,0.9166669845581055,1.0,608100,1.0,0.9583330154418945,0.9583330154418945
04-05-2000,0.9375,0.9375,965100,0.9583330154418945,0.9375,0.9375
05-05-2000,0.9166669845581055,0.9375,421200,0.9791669845581055,0.9791669845581055,0.9791669845581055
08-05-2000,0.8958330154418945,0.9375,987000,0.9583330154418945,0.9166669845581055,0.9166669845581055
09-05-2000,0.8541669845581055,0.9375,1095600,0.9375,0.875,0.875
10-05-2000,0.8333330154418945,0.875,1032300,0.9166669845581055,0.9166669845581055,0.9166669845581055
11-05-2000,1.0833330154418945,1.0833330154418945,6360900,1.375,1.375,1.375
12-05-2000,1.3333330154418945,1.4166669845581055,3804300,1.4791669845581055,1.375,1.375
15-05-2000,1.3333330154418945,1.3541669845581055,1885200,1.5416669845581055,1.4375,1.4375
16-05-2000,1.3958330154418945,1.4166669845581055,2350800,1.4791669845581055,1.4583330154418945,1.4583330154418945
17-05-2000,1.3333330154418945,1.4583330154418945,780900,1.4583330154418945,1.4166669845581055,1.4166669845581055
18-05-2000,1.3333330154418945,1.4166669845581055,486300,1.4375,1.4375,1.4375
19-05-2000,1.3958330154418945,1.4375,400500,1.4375,1.4375,1.4375
22-05-2000,1.2916669845581055,1.4375,912900,1.4375,1.3333330154418945,1.3333330154418945
23-05-2000,1.1875,1.3333330154418945,715500,1.3333330154418945,1.2083330154418945,1.2083330154418945
24-05-2000,1.125,1.1875,624600,1.2291669845581055,1.2291669845581055,1.2291669845581055
25-05-2000,1.1875,1.2291669845581055,748800,1.25,1.2083330154418945,1.2083330154418945
26-05-2000,1.1875,1.1875,697800,1.3125,1.2916669845581055,1.2916669845581055
30-05-2000,1.2916669845581055,1.2916669845581055,813900,1.375,1.375,1.375
31-05-2000,1.3125,1.3333330154418945,594600,1.3958330154418945,1.3125,1.3125
01-06-2000,1.2916669845581055,1.3333330154418945,655800,1.3333330154418945,1.3125,1.3125
02-06-2000,1.3125,1.3125,381900,1.3333330154418945,1.3333330154418945,1.3333330154418945
05-06-2000,1.2916669845581055,1.3333330154418945,332700,1.3541669845581055,1.3333330154418945,1.3333330154418945
06-06-2000,1.3333330154418945,1.3541669845581055,1450800,1.4375,1.3958330154418945,1.3958330154418945
07-06-2000,1.3958330154418945,1.3958330154418945,866400,1.4791669845581055,1.4583330154418945,1.4583330154418945
08-06-2000,1.2291669845581055,1.4791669845581055,676800,1.4791669845581055,1.3333330154418945,1.3333330154418945
09-06-2000,1.2708330154418945,1.3333330154418945,757200,1.3333330154418945,1.3125,1.3125
12-06-2000,1.2916669845581055,1.3333330154418945,1473000,1.3541669845581055,1.2916669845581055,1.2916669845581055
13-06-2000,1.2916669845581055,1.3333330154418945,1453200,1.4166669845581055,1.4166669845581055,1.4166669845581055
14-06-2000,1.4583330154418945,1.4583330154418945,3901200,1.7291669845581055,1.6875,1.6875
15-06-2000,1.7083330154418945,1.7083330154418945,2116200,1.8125,1.8125,1.8125
16-06-2000,1.75,1.8125,852300,1.8333330154418945,1.7708330154418945,1.7708330154418945
19-06-2000,1.7708330154418945,1.7708330154418945,994500,1.9791669845581055,1.9583330154418945,1.9583330154418945
20-06-2000,1.7708330154418945,2.0,1745700,2.0,1.8541669845581055,1.8541669845581055
21-06-2000,1.75,1.8541669845581055,563700,1.8958330154418945,1.7916669845581055,1.7916669845581055
22-06-2000,1.7708330154418945,1.8125,930600,1.9791669845581055,1.8541669845581055,1.8541669845581055
23-06-2000,1.75,1.8333330154418945,618900,1.8541669845581055,1.8125,1.8125
26-06-2000,1.7708330154418945,1.8125,509400,1.8333330154418945,1.7916669845581055,1.7916669845581055
27-06-2000,1.7916669845581055,1.8125,805500,1.9375,1.9375,1.9375
28-06-2000,1.8333330154418945,1.9375,430500,1.9375,1.9166669845581055,1.9166669845581055
29-06-2000,1.7916669845581055,1.9166669845581055,1706400,1.9375,1.8958330154418945,1.8958330154418945
30-06-2000,1.8125,1.875,1193700,2.0,2.0,2.0
03-07-2000,1.8958330154418945,2.0,494700,2.0833330154418945,2.0416669845581055,2.0416669845581055
05-07-2000,1.9791669845581055,2.0,1094700,2.1666669845581055,2.125,2.125
06-07-2000,2.1875,2.2083330154418945,1030800,2.2708330154418945,2.25,2.25
07-07-2000,2.25,2.2916669845581055,1806900,2.3333330154418945,2.2916669845581055,2.2916669845581055
10-07-2000,2.375,2.4791669845581055,2200500,2.5208330154418945,2.5,2.5
11-07-2000,2.25,2.5,1389600,2.5833330154418945,2.3125,2.3125
12-07-2000,2.3125,2.3541669845581055,1033200,2.4166669845581055,2.4166669845581055,2.4166669845581055
13-07-2000,2.3333330154418945,2.375,1567800,2.4791669845581055,2.4791669845581055,2.4791669845581055
14-07-2000,2.4375,2.4791669845581055,642600,2.5,2.4791669845581055,2.4791669845581055
17-07-2000,2.4791669845581055,2.5,1107900,2.5625,2.5,2.5
18-07-2000,2.5,2.5416669845581055,1230900,2.6041669845581055,2.5,2.5
19-07-2000,2.4166669845581055,2.5,591300,2.5208330154418945,2.4583330154418945,2.4583330154418945
20-07-2000,2.4583330154418945,2.4791669845581055,1239900,2.5416669845581055,2.5,2.5
21-07-2000,2.3958330154418945,2.4791669845581055,417900,2.5,2.3958330154418945,2.3958330154418945
24-07-2000,2.1875,2.3958330154418945,717300,2.4166669845581055,2.25,2.25
25-07-2000,2.0416669845581055,2.2708330154418945,798000,2.2916669845581055,2.1458330154418945,2.1458330154418945
26-07-2000,1.8958330154418945,2.125,1104300,2.125,2.125,2.125
27-07-2000,1.9791669845581055,2.0833330154418945,472500,2.0833330154418945,2.0625,2.0625
28-07-2000,2.0,2.0625,468600,2.125,2.125,2.125
31-07-2000,2.0416669845581055,2.0833330154418945,1313100,2.5416669845581055,2.5416669845581055,2.5416669845581055
01-08-2000,2.4375,2.5,1101900,2.5208330154418945,2.5,2.5
02-08-2000,2.375,2.4791669845581055,706500,2.5208330154418945,2.5208330154418945,2.5208330154418945
03-08-2000,2.3333330154418945,2.4791669845581055,431100,2.4791669845581055,2.4583330154418945,2.4583330154418945
04-08-2000,2.4166669845581055,2.4375,574200,2.5,2.5,2.5
07-08-2000,2.3541669845581055,2.4791669845581055,437400,2.5208330154418945,2.3958330154418945,2.3958330154418945
08-08-2000,2.25,2.375,441300,2.4375,2.3958330154418945,2.3958330154418945
09-08-2000,2.25,2.4791669845581055,540900,2.5,2.3125,2.3125
10-08-2000,2.1041669845581055,2.2916669845581055,586200,2.3125,2.1875,2.1875
11-08-2000,2.125,2.1458330154418945,331500,2.2291669845581055,2.2291669845581055,2.2291669845581055
14-08-2000,2.1458330154418945,2.1875,401700,2.25,2.1875,2.1875
15-08-2000,2.0833330154418945,2.1875,360900,2.2083330154418945,2.0833330154418945,2.0833330154418945
16-08-2000,2.0416669845581055,2.0416669845581055,252900,2.1875,2.1875,2.1875
17-08-2000,2.125,2.1458330154418945,246600,2.25,2.1875,2.1875
18-08-2000,2.0625,2.1458330154418945,196800,2.1666669845581055,2.125,2.125
21-08-2000,2.1041669845581055,2.1666669845581055,225300,2.2083330154418945,2.2083330154418945,2.2083330154418945
22-08-2000,2.1041669845581055,2.1666669845581055,279900,2.2083330154418945,2.125,2.125
23-08-2000,2.0833330154418945,2.1041669845581055,318600,2.1666669845581055,2.0833330154418945,2.0833330154418945
24-08-2000,2.0416669845581055,2.0625,81900,2.1041669845581055,2.0625,2.0625
25-08-2000,2.0,2.0625,321900,2.0625,2.0416669845581055,2.0416669845581055
28-08-2000,2.0,2.0,565800,2.1041669845581055,2.1041669845581055,2.1041669845581055
29-08-2000,2.0833330154418945,2.0833330154418945,212700,2.1875,2.1458330154418945,2.1458330154418945
30-08-2000,2.1041669845581055,2.1666669845581055,618600,2.2708330154418945,2.2708330154418945,2.2708330154418945
31-08-2000,2.1666669845581055,2.2708330154418945,420600,2.3333330154418945,2.3333330154418945,2.3333330154418945
01-09-2000,2.2083330154418945,2.3333330154418945,314400,2.3333330154418945,2.25,2.25
05-09-2000,2.1875,2.2083330154418945,356700,2.3333330154418945,2.2708330154418945,2.2708330154418945
06-09-2000,2.125,2.2291669845581055,547800,2.3125,2.1458330154418945,2.1458330154418945
07-09-2000,2.1666669845581055,2.1666669845581055,317400,2.25,2.1875,2.1875
08-09-2000,2.1041669845581055,2.1458330154418945,245400,2.25,2.1875,2.1875
11-09-2000,2.1666669845581055,2.1666669845581055,346200,2.2083330154418945,2.1875,2.1875
12-09-2000,2.1458330154418945,2.1458330154418945,306600,2.2083330154418945,2.1666669845581055,2.1666669845581055
13-09-2000,2.1458330154418945,2.1666669845581055,717900,2.3541669845581055,2.3125,2.3125
14-09-2000,2.2916669845581055,2.3541669845581055,407100,2.375,2.3541669845581055,2.3541669845581055
15-09-2000,2.2916669845581055,2.2916669845581055,379200,2.3958330154418945,2.3958330154418945,2.3958330154418945
18-09-2000,2.25,2.3541669845581055,238200,2.3541669845581055,2.2708330154418945,2.2708330154418945
19-09-2000,2.2083330154418945,2.25,269100,2.2916669845581055,2.2916669845581055,2.2916669845581055
20-09-2000,2.2291669845581055,2.2916669845581055,155700,2.3125,2.2708330154418945,2.2708330154418945
21-09-2000,2.1666669845581055,2.1875,319800,2.25,2.1875,2.1875
22-09-2000,2.0833330154418945,2.125,1105500,2.1875,2.1666669845581055,2.1666669845581055
25-09-2000,2.125,2.1666669845581055,697200,2.2708330154418945,2.1875,2.1875
26-09-2000,2.0833330154418945,2.1666669845581055,1040700,2.2083330154418945,2.1041669845581055,2.1041669845581055
27-09-2000,2.0625,2.0833330154418945,772500,2.1458330154418945,2.1041669845581055,2.1041669845581055
28-09-2000,2.0833330154418945,2.0833330154418945,453600,2.3125,2.2916669845581055,2.2916669845581055
29-09-2000,2.2708330154418945,2.2916669845581055,1210800,2.5,2.5,2.5
02-10-2000,2.3958330154418945,2.4791669845581055,2391300,2.7291669845581055,2.7291669845581055,2.7291669845581055
03-10-2000,2.5833330154418945,2.6666669845581055,2231700,2.8333330154418945,2.7916669845581055,2.7916669845581055
04-10-2000,2.6041669845581055,2.7083330154418945,1261500,2.7916669845581055,2.7708330154418945,2.7708330154418945
05-10-2000,2.6666669845581055,2.7291669845581055,6097800,3.1875,3.1875,3.1875
06-10-2000,3.2916669845581055,3.4166669845581055,5607000,3.5,3.4166669845581055,3.4166669845581055
09-10-2000,3.25,3.3541669845581055,1111200,3.4375,3.4375,3.4375
10-10-2000,3.2083330154418945,3.4166669845581055,4147800,3.625,3.625,3.625
11-10-2000,3.3333330154418945,3.5833330154418945,1582200,3.625,3.4166669845581055,3.4166669845581055
12-10-2000,3.0833330154418945,3.4375,2087700,3.4583330154418945,3.3125,3.3125
13-10-2000,3.1458330154418945,3.2083330154418945,1692000,3.3541669845581055,3.2916669845581055,3.2916669845581055
16-10-2000,3.2083330154418945,3.25,557700,3.3125,3.2916669845581055,3.2916669845581055
17-10-2000,3.25,3.3125,698400,3.3333330154418945,3.3125,3.3125
18-10-2000,3.1875,3.2708330154418945,1249800,3.5833330154418945,3.5833330154418945,3.5833330154418945
19-10-2000,3.4583330154418945,3.5833330154418945,1797900,3.75,3.5,3.5
20-10-2000,3.5208330154418945,3.5208330154418945,1215000,3.625,3.5625,3.5625
23-10-2000,3.5,3.6041669845581055,817500,3.6041669845581055,3.5625,3.5625
24-10-2000,3.5416669845581055,3.5625,2111400,3.625,3.6041669845581055,3.6041669845581055
25-10-2000,3.5625,3.5833330154418945,1224300,3.6875,3.625,3.625
26-10-2000,3.4583330154418945,3.5833330154418945,606600,3.6666669845581055,3.6666669845581055,3.6666669845581055
27-10-2000,3.625,3.625,2561700,3.8333330154418945,3.7916669845581055,3.7916669845581055
30-10-2000,3.5833330154418945,3.7916669845581055,808200,3.8333330154418945,3.7083330154418945,3.7083330154418945
31-10-2000,3.5208330154418945,3.7083330154418945,954300,3.75,3.75,3.75
01-11-2000,3.5,3.7083330154418945,1061400,3.75,3.5625,3.5625
02-11-2000,3.5833330154418945,3.6041669845581055,972600,3.7708330154418945,3.6666669845581055,3.6666669845581055
03-11-2000,3.6666669845581055,3.6666669845581055,1390200,3.875,3.8125,3.8125
06-11-2000,3.7083330154418945,3.7708330154418945,945600,3.7916669845581055,3.7083330154418945,3.7083330154418945
07-11-2000,3.7708330154418945,3.7916669845581055,1933500,3.9791669845581055,3.9166669845581055,3.9166669845581055
08-11-2000,3.9583330154418945,3.9583330154418945,1743300,4.0833330154418945,3.9791669845581055,3.9791669845581055
09-11-2000,3.8958330154418945,4.0833330154418945,1382100,4.0833330154418945,4.0,4.0
10-11-2000,3.8333330154418945,4.0,549600,4.0,3.8541669845581055,3.8541669845581055
13-11-2000,3.5,3.8125,536700,3.8125,3.6458330154418945,3.6458330154418945
14-11-2000,3.7083330154418945,3.7083330154418945,2054400,3.8958330154418945,3.875,3.875
15-11-2000,3.8333330154418945,3.875,1228800,3.875,3.8541669845581055,3.8541669845581055
16-11-2000,3.7708330154418945,3.8125,461700,3.8333330154418945,3.7708330154418945,3.7708330154418945
17-11-2000,3.7291669845581055,3.8125,1352100,3.8541669845581055,3.8125,3.8125
20-11-2000,3.5625,3.625,1151400,3.7083330154418945,3.6458330154418945,3.6458330154418945
21-11-2000,3.6041669845581055,3.625,2644500,3.6666669845581055,3.6666669845581055,3.6666669845581055
22-11-2000,3.5416669845581055,3.6458330154418945,689100,3.6458330154418945,3.5416669845581055,3.5416669845581055
24-11-2000,3.5833330154418945,3.5833330154418945,572400,3.7083330154418945,3.7083330154418945,3.7083330154418945
27-11-2000,3.5833330154418945,3.7083330154418945,840300,3.7291669845581055,3.6458330154418945,3.6458330154418945
28-11-2000,3.5833330154418945,3.6458330154418945,1420800,3.6666669845581055,3.6458330154418945,3.6458330154418945
29-11-2000,3.625,3.6458330154418945,743100,3.6666669845581055,3.6666669845581055,3.6666669845581055
30-11-2000,3.4583330154418945,3.625,1443900,3.625,3.5208330154418945,3.5208330154418945
01-12-2000,3.5208330154418945,3.5416669845581055,784200,3.7708330154418945,3.6875,3.6875
04-12-2000,3.6458330154418945,3.6666669845581055,1381800,3.7083330154418945,3.6666669845581055,3.6666669845581055
05-12-2000,3.6458330154418945,3.6458330154418945,1955100,3.7708330154418945,3.7708330154418945,3.7708330154418945
06-12-2000,3.7708330154418945,3.7708330154418945,1856100,4.2083330154418945,4.0625,4.0625
07-12-2000,4.0208330154418945,4.0208330154418945,2739900,4.3958330154418945,4.3333330154418945,4.3333330154418945
08-12-2000,4.25,4.3958330154418945,2339400,4.5,4.3541669845581055,4.3541669845581055
11-12-2000,4.2916669845581055,4.3333330154418945,2859900,4.6875,4.6458330154418945,4.6458330154418945
12-12-2000,4.375,4.375,1021500,4.6666669845581055,4.6041669845581055,4.6041669845581055
13-12-2000,4.4375,4.6458330154418945,510900,4.6458330154418945,4.5833330154418945,4.5833330154418945
14-12-2000,4.5208330154418945,4.5416669845581055,310200,4.5833330154418945,4.5625,4.5625
15-12-2000,4.2083330154418945,4.5833330154418945,729000,4.625,4.3333330154418945,4.3333330154418945
18-12-2000,4.2916669845581055,4.2916669845581055,1241400,4.8333330154418945,4.6666669845581055,4.6666669845581055
19-12-2000,4.6666669845581055,4.6666669845581055,3652200,5.1666669845581055,5.1458330154418945,5.1458330154418945
20-12-2000,4.8333330154418945,5.1041669845581055,3004200,5.1458330154418945,5.0416669845581055,5.0416669845581055
21-12-2000,4.875,5.0416669845581055,2749800,5.0625,5.0208330154418945,5.0208330154418945
22-12-2000,5.0625,5.0625,1953900,5.4791669845581055,5.3125,5.3125
26-12-2000,5.3333330154418945,5.3958330154418945,953400,5.5,5.4583330154418945,5.4583330154418945
27-12-2000,5.2708330154418945,5.4791669845581055,535800,5.4791669845581055,5.4791669845581055,5.4791669845581055
28-12-2000,5.4375,5.5,3213600,5.8333330154418945,5.8333330154418945,5.8333330154418945
29-12-2000,5.6875,5.8333330154418945,1655700,5.9375,5.7083330154418945,5.7083330154418945
02-01-2001,5.1458330154418945,5.7083330154418945,2508300,5.75,5.3541669845581055,5.3541669845581055
03-01-2001,5.1666669845581055,5.2916669845581055,5533500,5.9583330154418945,5.875,5.875
04-01-2001,5.4583330154418945,5.7916669845581055,3093600,5.8958330154418945,5.5625,5.5625
05-01-2001,5.4583330154418945,5.5833330154418945,2079600,5.7708330154418945,5.6041669845581055,5.6041669845581055
08-01-2001,5.4583330154418945,5.5416669845581055,1640100,5.6666669845581055,5.6041669845581055,5.6041669845581055
09-01-2001,5.5208330154418945,5.5416669845581055,3354600,5.8541669845581055,5.7916669845581055,5.7916669845581055
10-01-2001,5.6875,5.7291669845581055,2031900,6.0208330154418945,5.9166669845581055,5.9166669845581055
11-01-2001,5.7291669845581055,5.9166669845581055,2042700,6.125,6.1041669845581055,6.1041669845581055
12-01-2001,5.9583330154418945,6.0625,1296300,6.1875,6.0,6.0
16-01-2001,5.9583330154418945,5.9791669845581055,3185700,6.2083330154418945,6.2083330154418945,6.2083330154418945
17-01-2001,6.1041669845581055,6.1666669845581055,2852400,6.5416669845581055,6.1666669845581055,6.1666669845581055
18-01-2001,5.4583330154418945,6.125,2789700,6.1458330154418945,5.5833330154418945,5.5833330154418945
19-01-2001,5.0833330154418945,5.5416669845581055,3578400,5.5416669845581055,5.3541669845581055,5.3541669845581055
22-01-2001,5.3333330154418945,5.3541669845581055,1475700,5.6666669845581055,5.5833330154418945,5.5833330154418945
23-01-2001,5.5625,5.6041669845581055,980100,5.6458330154418945,5.6458330154418945,5.6458330154418945
24-01-2001,5.6458330154418945,5.6666669845581055,900300,5.75,5.7291669845581055,5.7291669845581055
25-01-2001,5.6875,5.6875,501900,5.7708330154418945,5.6875,5.6875
26-01-2001,5.4166669845581055,5.7291669845581055,1124100,5.8333330154418945,5.7708330154418945,5.7708330154418945
29-01-2001,5.840000152587891,5.853332996368408,2906400,6.329999923706055,6.24666690826416,6.24666690826416
30-01-2001,5.933332920074463,6.099999904632568,1866300,6.230000019073486,6.070000171661377,6.070000171661377
31-01-2001,6.02666711807251,6.033332824707031,3382800,6.533332824707031,6.516666889190674,6.516666889190674
01-02-2001,6.266666889190674,6.433332920074463,1057800,6.516666889190674,6.486667156219482,6.486667156219482
02-02-2001,6.1666669845581055,6.483333110809326,1887900,6.483333110809326,6.25,6.25
05-02-2001,4.6666669845581055,5.0,13317300,5.5,5.1666669845581055,5.1666669845581055
06-02-2001,5.1666669845581055,5.170000076293945,2192700,5.576666831970215,5.400000095367432,5.400000095367432
07-02-2001,5.340000152587891,5.349999904632568,1267800,5.483333110809326,5.4166669845581055,5.4166669845581055
08-02-2001,5.1666669845581055,5.3333330154418945,2341800,5.4166669845581055,5.300000190734863,5.300000190734863
09-02-2001,4.913332939147949,5.303332805633545,3960900,5.303332805633545,5.016666889190674,5.016666889190674
12-02-2001,4.75333309173584,5.0,5065500,5.063333034515381,4.866666793823242,4.866666793823242
13-02-2001,4.75333309173584,4.873332977294922,3630900,5.366666793823242,5.133333206176758,5.133333206176758
14-02-2001,5.016666889190674,5.0833330154418945,931500,5.1066670417785645,5.0233330726623535,5.0233330726623535
15-02-2001,4.983333110809326,5.0,1534500,5.0966668128967285,5.039999961853027,5.039999961853027
16-02-2001,5.0,5.066667079925537,1413000,5.316667079925537,5.266666889190674,5.266666889190674
20-02-2001,5.159999847412109,5.199999809265137,1183800,5.323332786560059,5.199999809265137,5.199999809265137
21-02-2001,5.066667079925537,5.183332920074463,1076700,5.183332920074463,5.0966668128967285,5.0966668128967285
22-02-2001,5.099999904632568,5.099999904632568,1239300,5.3333330154418945,5.313333034515381,5.313333034515381
23-02-2001,5.25,5.329999923706055,1843200,5.360000133514404,5.316667079925537,5.316667079925537
26-02-2001,5.329999923706055,5.329999923706055,1151700,5.650000095367432,5.636666774749756,5.636666774749756
27-02-2001,5.699999809265137,5.699999809265137,3972000,6.0,5.820000171661377,5.820000171661377
28-02-2001,5.763332843780518,5.933332920074463,2024400,5.933332920074463,5.860000133514404,5.860000133514404
01-03-2001,5.766666889190674,5.8333330154418945,1501800,5.8933329582214355,5.8933329582214355,5.8933329582214355
02-03-2001,5.690000057220459,5.849999904632568,1711500,5.909999847412109,5.766666889190674,5.766666889190674
05-03-2001,5.71999979019165,5.800000190734863,1311900,5.8333330154418945,5.760000228881836,5.760000228881836
06-03-2001,5.71999979019165,5.760000228881836,1488000,5.783332824707031,5.736667156219482,5.736667156219482
07-03-2001,5.650000095367432,5.733333110809326,770400,5.760000228881836,5.6666669845581055,5.6666669845581055
08-03-2001,5.656667232513428,5.6666669845581055,582900,5.733333110809326,5.670000076293945,5.670000076293945
09-03-2001,5.466667175292969,5.716667175292969,722400,5.730000019073486,5.599999904632568,5.599999904632568
12-03-2001,5.383333206176758,5.383333206176758,705000,5.550000190734863,5.5,5.5
13-03-2001,5.456666946411133,5.5833330154418945,952800,5.5833330154418945,5.559999942779541,5.559999942779541
14-03-2001,5.3333330154418945,5.349999904632568,521400,5.579999923706055,5.563333034515381,5.563333034515381
15-03-2001,5.516666889190674,5.5833330154418945,654000,5.599999904632568,5.5966668128967285,5.5966668128967285
16-03-2001,5.300000190734863,5.599999904632568,900300,5.599999904632568,5.329999923706055,5.329999923706055
19-03-2001,5.210000038146973,5.3333330154418945,893400,5.3333330154418945,5.25,5.25
20-03-2001,5.236667156219482,5.25,840600,5.3333330154418945,5.283332824707031,5.283332824707031
21-03-2001,5.199999809265137,5.449999809265137,1105800,5.449999809265137,5.3333330154418945,5.3333330154418945
22-03-2001,4.8333330154418945,5.300000190734863,2500800,5.300000190734863,5.133333206176758,5.133333206176758
23-03-2001,5.050000190734863,5.050000190734863,1296000,5.409999847412109,5.343332767486572,5.343332767486572
26-03-2001,5.383333206176758,5.383333206176758,950400,5.516666889190674,5.480000019073486,5.480000019073486
27-03-2001,5.453332901000977,5.47333288192749,807900,5.550000190734863,5.466667175292969,5.466667175292969
28-03-2001,5.300000190734863,5.433332920074463,750600,5.466667175292969,5.396667003631592,5.396667003631592
29-03-2001,5.3333330154418945,5.3333330154418945,1600800,5.659999847412109,5.5833330154418945,5.5833330154418945
30-03-2001,5.486667156219482,5.5,1839600,5.6666669845581055,5.659999847412109,5.659999847412109
02-04-2001,5.533332824707031,5.626667022705078,1528500,5.730000019073486,5.5833330154418945,5.5833330154418945
03-04-2001,5.366666793823242,5.616666793823242,504300,5.616666793823242,5.466667175292969,5.466667175292969
04-04-2001,5.389999866485596,5.47333288192749,608400,5.559999942779541,5.3933329582214355,5.3933329582214355
05-04-2001,5.466667175292969,5.466667175292969,1648200,5.683332920074463,5.6433329582214355,5.6433329582214355
06-04-2001,5.449999809265137,5.633333206176758,667500,5.650000095367432,5.5,5.5
09-04-2001,5.519999980926514,5.566667079925537,1056300,5.6666669845581055,5.613333225250244,5.613333225250244
10-04-2001,5.483333110809326,5.566667079925537,1599600,5.599999904632568,5.533332824707031,5.533332824707031
11-04-2001,5.4166669845581055,5.5,1146000,5.593332767486572,5.5833330154418945,5.5833330154418945
12-04-2001,5.480000019073486,5.5,791700,5.5833330154418945,5.533332824707031,5.533332824707031
16-04-2001,5.480000019073486,5.599999904632568,1362900,5.599999904632568,5.53000020980835,5.53000020980835
17-04-2001,5.449999809265137,5.546667098999023,1272600,5.550000190734863,5.543333053588867,5.543333053588867
18-04-2001,5.4633331298828125,5.566667079925537,1156800,5.566667079925537,5.5,5.5
19-04-2001,5.493332862854004,5.5233330726623535,557400,5.533332824707031,5.516666889190674,5.516666889190674
20-04-2001,5.3333330154418945,5.506667137145996,1474800,5.506667137145996,5.409999847412109,5.409999847412109
23-04-2001,5.3333330154418945,5.409999847412109,1427700,5.409999847412109,5.406667232513428,5.406667232513428
24-04-2001,5.3933329582214355,5.400000095367432,3777600,5.483333110809326,5.426667213439941,5.426667213439941
25-04-2001,5.426667213439941,5.433332920074463,4554300,5.533332824707031,5.493332862854004,5.493332862854004
26-04-2001,5.5,5.533332824707031,2404200,5.716667175292969,5.693333148956299,5.693333148956299
27-04-2001,5.616666793823242,5.663332939147949,2675400,5.816667079925537,5.816667079925537,5.816667079925537
30-04-2001,5.783332824707031,5.820000171661377,1229400,5.9166669845581055,5.866666793823242,5.866666793823242
01-05-2001,5.806666851043701,5.866666793823242,1378500,5.966667175292969,5.849999904632568,5.849999904632568
02-05-2001,5.883333206176758,5.883333206176758,1037100,5.989999771118164,5.933332920074463,5.933332920074463
03-05-2001,5.800000190734863,5.866666793823242,558000,5.933332920074463,5.849999904632568,5.849999904632568
04-05-2001,5.760000228881836,5.766666889190674,1258500,5.896667003631592,5.869999885559082,5.869999885559082
07-05-2001,6.360000133514404,6.366666793823242,7278900,6.693333148956299,6.383333206176758,6.383333206176758
08-05-2001,6.556666851043701,6.633333206176758,6271200,6.716667175292969,6.559999942779541,6.559999942779541
09-05-2001,6.573332786560059,6.5966668128967285,2500200,6.766666889190674,6.706666946411133,6.706666946411133
10-05-2001,6.28000020980835,6.5833330154418945,3708600,6.5833330154418945,6.466667175292969,6.466667175292969
11-05-2001,6.25,6.483333110809326,1519800,6.483333110809326,6.256667137145996,6.256667137145996
14-05-2001,6.133333206176758,6.260000228881836,1481100,6.300000190734863,6.206666946411133,6.206666946411133
15-05-2001,6.133333206176758,6.256667137145996,1630800,6.3333330154418945,6.2266669273376465,6.2266669273376465
16-05-2001,6.170000076293945,6.216667175292969,2229300,6.4166669845581055,6.300000190734863,6.300000190734863
17-05-2001,6.3333330154418945,6.3333330154418945,1566900,6.50333309173584,6.449999809265137,6.449999809265137
18-05-2001,6.4166669845581055,6.449999809265137,1286400,6.5966668128967285,6.52666711807251,6.52666711807251
21-05-2001,6.1066670417785645,6.493332862854004,2040900,6.5233330726623535,6.163332939147949,6.163332939147949
22-05-2001,5.800000190734863,6.0833330154418945,2587500,6.163332939147949,6.050000190734863,6.050000190734863
23-05-2001,6.0,6.050000190734863,1437000,6.343332767486572,6.199999809265137,6.199999809265137
24-05-2001,6.110000133514404,6.199999809265137,1308300,6.300000190734863,6.199999809265137,6.199999809265137
25-05-2001,6.066667079925537,6.1666669845581055,558900,6.1666669845581055,6.0833330154418945,6.0833330154418945
29-05-2001,6.066667079925537,6.150000095367432,771600,6.150000095367432,6.073332786560059,6.073332786560059
30-05-2001,5.953332901000977,6.066667079925537,849600,6.293333053588867,6.233333110809326,6.233333110809326
31-05-2001,6.123332977294922,6.183332920074463,712800,6.313333034515381,6.300000190734863,6.300000190734863
01-06-2001,6.25,6.300000190734863,620100,6.396667003631592,6.383333206176758,6.383333206176758
04-06-2001,6.309999942779541,6.383333206176758,676800,6.4166669845581055,6.383333206176758,6.383333206176758
05-06-2001,6.3333330154418945,6.433332920074463,720300,6.449999809265137,6.409999847412109,6.409999847412109
06-06-2001,6.366666793823242,6.426667213439941,873000,6.433332920074463,6.380000114440918,6.380000114440918
07-06-2001,6.183332920074463,6.380000114440918,690000,6.380000114440918,6.266666889190674,6.266666889190674
08-06-2001,6.25,6.300000190734863,196500,6.316667079925537,6.266666889190674,6.266666889190674
11-06-2001,5.966667175292969,6.233333110809326,1359900,6.239999771118164,6.103332996368408,6.103332996368408
12-06-2001,6.013332843780518,6.103332996368408,535200,6.303332805633545,6.079999923706055,6.079999923706055
13-06-2001,6.019999980926514,6.066667079925537,672900,6.25,6.1533331871032715,6.1533331871032715
14-06-2001,5.943333148956299,6.133333206176758,912000,6.133333206176758,6.019999980926514,6.019999980926514
15-06-2001,5.949999809265137,6.033332824707031,699600,6.116666793823242,6.093332767486572,6.093332767486572
18-06-2001,6.006667137145996,6.0833330154418945,648300,6.099999904632568,6.0833330154418945,6.0833330154418945
19-06-2001,6.0833330154418945,6.0833330154418945,1580700,6.363333225250244,6.300000190734863,6.300000190734863
20-06-2001,6.266666889190674,6.433332920074463,649200,6.433332920074463,6.3333330154418945,6.3333330154418945
21-06-2001,6.266666889190674,6.349999904632568,462600,6.383333206176758,6.283332824707031,6.283332824707031
22-06-2001,6.2866668701171875,6.3333330154418945,1678800,6.396667003631592,6.296667098999023,6.296667098999023
25-06-2001,6.269999980926514,6.366666793823242,1063200,6.449999809265137,6.2733330726623535,6.2733330726623535
26-06-2001,6.170000076293945,6.2733330726623535,1658400,6.283332824707031,6.199999809265137,6.199999809265137
27-06-2001,6.193333148956299,6.199999809265137,790200,6.366666793823242,6.3466668128967285,6.3466668128967285
28-06-2001,6.3933329582214355,6.3933329582214355,1711200,6.650000095367432,6.553332805633545,6.553332805633545
29-06-2001,6.546667098999023,6.546667098999023,6138300,6.9166669845581055,6.77666711807251,6.77666711807251
02-07-2001,6.733333110809326,6.849999904632568,3264300,7.016666889190674,6.766666889190674,6.766666889190674
03-07-2001,6.716667175292969,6.716667175292969,887400,7.0,6.99666690826416,6.99666690826416
05-07-2001,6.8333330154418945,6.99666690826416,911700,6.99666690826416,6.966667175292969,6.966667175292969
06-07-2001,6.703332901000977,6.949999809265137,1320900,6.96999979019165,6.803332805633545,6.803332805633545
09-07-2001,6.74666690826416,6.816667079925537,1409700,6.993332862854004,6.97333288192749,6.97333288192749
10-07-2001,6.933332920074463,7.233333110809326,2435100,7.233333110809326,7.0833330154418945,7.0833330154418945
11-07-2001,7.013332843780518,7.076666831970215,1333200,7.103332996368408,7.039999961853027,7.039999961853027
12-07-2001,7.0,7.066667079925537,831600,7.066667079925537,7.050000190734863,7.050000190734863
13-07-2001,6.900000095367432,7.046667098999023,827700,7.1666669845581055,6.986667156219482,6.986667156219482
16-07-2001,7.0833330154418945,7.0833330154418945,2228700,7.25,7.233333110809326,7.233333110809326
17-07-2001,7.186666965484619,7.316667079925537,2443500,7.316667079925537,7.25,7.25
18-07-2001,7.25,7.263332843780518,2189400,7.556666851043701,7.453332901000977,7.453332901000977
19-07-2001,7.396667003631592,7.449999809265137,1946700,7.5,7.400000095367432,7.400000095367432
20-07-2001,7.1533331871032715,7.366666793823242,617100,7.373332977294922,7.316667079925537,7.316667079925537
23-07-2001,7.2866668701171875,7.316667079925537,1175400,7.576666831970215,7.383333206176758,7.383333206176758
24-07-2001,6.883333206176758,7.316667079925537,1240500,7.316667079925537,7.050000190734863,7.050000190734863
25-07-2001,6.570000171661377,6.966667175292969,1984500,6.983333110809326,6.889999866485596,6.889999866485596
26-07-2001,6.8333330154418945,6.866666793823242,641700,7.1666669845581055,7.053332805633545,7.053332805633545
27-07-2001,6.883333206176758,7.066667079925537,541800,7.313333034515381,7.193333148956299,7.193333148956299
30-07-2001,7.006667137145996,7.183332920074463,744000,7.3333330154418945,7.329999923706055,7.329999923706055
31-07-2001,7.0833330154418945,7.300000190734863,638100,7.300000190734863,7.146667003631592,7.146667003631592
01-08-2001,7.0833330154418945,7.133333206176758,1515300,7.3333330154418945,7.3333330154418945,7.3333330154418945
02-08-2001,6.3333330154418945,7.383333206176758,3962700,7.533332824707031,6.6433329582214355,6.6433329582214355
03-08-2001,6.163332939147949,6.633333206176758,1444800,6.733333110809326,6.710000038146973,6.710000038146973
06-08-2001,6.676667213439941,6.683332920074463,969600,6.829999923706055,6.816667079925537,6.816667079925537
07-08-2001,6.533332824707031,6.800000190734863,1131300,6.816667079925537,6.616666793823242,6.616666793823242
08-08-2001,6.599999904632568,6.599999904632568,991800,6.760000228881836,6.6666669845581055,6.6666669845581055
09-08-2001,6.5,6.650000095367432,554700,6.6533331871032715,6.539999961853027,6.539999961853027
10-08-2001,6.449999809265137,6.5,830100,6.599999904632568,6.566667079925537,6.566667079925537
13-08-2001,6.576666831970215,6.5833330154418945,1147800,6.743332862854004,6.6533331871032715,6.6533331871032715
14-08-2001,6.676667213439941,6.683332920074463,1142700,7.0,6.9166669845581055,6.9166669845581055
15-08-2001,6.743332862854004,6.900000095367432,295800,6.900000095367432,6.883333206176758,6.883333206176758
16-08-2001,6.686666965484619,6.75,472500,6.800000190734863,6.77666711807251,6.77666711807251
17-08-2001,6.683332920074463,6.783332824707031,557100,6.8466668128967285,6.800000190734863,6.800000190734863
20-08-2001,6.800000190734863,6.800000190734863,609300,6.99666690826416,6.966667175292969,6.966667175292969
21-08-2001,6.873332977294922,6.933332920074463,1161000,7.039999961853027,6.880000114440918,6.880000114440918
22-08-2001,6.883333206176758,6.9166669845581055,1651200,7.116666793823242,7.073332786560059,7.073332786560059
23-08-2001,7.016666889190674,7.066667079925537,511800,7.156667232513428,7.0966668128967285,7.0966668128967285
24-08-2001,6.826666831970215,7.0833330154418945,607500,7.0833330154418945,6.829999923706055,6.829999923706055
27-08-2001,6.800000190734863,6.800000190734863,621900,7.050000190734863,6.933332920074463,6.933332920074463
28-08-2001,6.8933329582214355,6.966667175292969,576600,6.9766669273376465,6.909999847412109,6.909999847412109
29-08-2001,6.913332939147949,6.9166669845581055,1148400,7.173333168029785,6.966667175292969,6.966667175292969
30-08-2001,6.886666774749756,6.900000095367432,457500,7.050000190734863,6.966667175292969,6.966667175292969
31-08-2001,6.800000190734863,6.9633331298828125,866100,7.116666793823242,6.883333206176758,6.883333206176758
04-09-2001,6.800000190734863,6.800000190734863,792600,6.983333110809326,6.9766669273376465,6.9766669273376465
05-09-2001,6.933332920074463,7.050000190734863,2590800,7.119999885559082,6.966667175292969,6.966667175292969
06-09-2001,6.800000190734863,6.9633331298828125,917100,7.063333034515381,6.803332805633545,6.803332805633545
07-09-2001,6.5833330154418945,6.736667156219482,1050000,6.736667156219482,6.6666669845581055,6.6666669845581055
10-09-2001,6.610000133514404,6.699999809265137,605700,6.699999809265137,6.699999809265137,6.699999809265137
17-09-2001,6.363333225250244,6.400000095367432,1039500,6.6066670417785645,6.400000095367432,6.400000095367432
18-09-2001,6.066667079925537,6.433332920074463,1602300,6.449999809265137,6.266666889190674,6.266666889190674
19-09-2001,6.099999904632568,6.283332824707031,1379100,6.340000152587891,6.266666889190674,6.266666889190674
20-09-2001,6.099999904632568,6.216667175292969,731400,6.25,6.103332996368408,6.103332996368408
21-09-2001,5.566667079925537,5.566667079925537,2460600,6.199999809265137,6.133333206176758,6.133333206176758
24-09-2001,6.113333225250244,6.199999809265137,849600,6.4166669845581055,6.1666669845581055,6.1666669845581055
25-09-2001,6.323332786560059,6.3333330154418945,1762200,6.570000171661377,6.52666711807251,6.52666711807251
26-09-2001,6.283332824707031,6.566667079925537,2422800,6.6666669845581055,6.6666669845581055,6.6666669845581055
27-09-2001,6.599999904632568,6.616666793823242,1306200,6.816667079925537,6.679999828338623,6.679999828338623
28-09-2001,6.610000133514404,6.75,934800,6.829999923706055,6.783332824707031,6.783332824707031
01-10-2001,6.656667232513428,6.783332824707031,695700,6.800000190734863,6.696667194366455,6.696667194366455
02-10-2001,6.616666793823242,6.6666669845581055,1180800,6.75,6.699999809265137,6.699999809265137
03-10-2001,6.516666889190674,6.683332920074463,687300,6.683332920074463,6.576666831970215,6.576666831970215
04-10-2001,6.300000190734863,6.5,957900,6.516666889190674,6.329999923706055,6.329999923706055
05-10-2001,6.073332786560059,6.3333330154418945,855900,6.47333288192749,6.300000190734863,6.300000190734863
08-10-2001,6.086667060852051,6.316667079925537,1225200,6.316667079925537,6.1533331871032715,6.1533331871032715
09-10-2001,5.936666965484619,6.116666793823242,2655900,6.116666793823242,6.016666889190674,6.016666889190674
10-10-2001,5.966667175292969,5.983333110809326,2091300,6.103332996368408,6.0,6.0
11-10-2001,5.883333206176758,6.0,2289600,6.066667079925537,5.900000095367432,5.900000095367432
12-10-2001,5.886666774749756,5.900000095367432,3249300,6.050000190734863,5.993332862854004,5.993332862854004
15-10-2001,5.9166669845581055,5.9166669845581055,1956600,6.233333110809326,6.21999979019165,6.21999979019165
16-10-2001,6.116666793823242,6.25,692700,6.380000114440918,6.25,6.25
17-10-2001,5.933332920074463,6.199999809265137,1472700,6.199999809265137,5.933332920074463,5.933332920074463
18-10-2001,5.866666793823242,5.866666793823242,1603800,6.126667022705078,6.033332824707031,6.033332824707031
19-10-2001,6.039999961853027,6.050000190734863,514800,6.349999904632568,6.233333110809326,6.233333110809326
22-10-2001,6.176667213439941,6.233333110809326,366300,6.366666793823242,6.266666889190674,6.266666889190674
23-10-2001,5.760000228881836,6.283332824707031,2360100,6.300000190734863,5.766666889190674,5.766666889190674
24-10-2001,5.616666793823242,5.75,4920600,5.766666889190674,5.75,5.75
25-10-2001,5.6666669845581055,5.716667175292969,14234100,5.763332843780518,5.683332920074463,5.683332920074463
26-10-2001,5.683332920074463,5.699999809265137,1168500,6.033332824707031,5.96999979019165,5.96999979019165
29-10-2001,5.816667079925537,5.986667156219482,1145100,6.016666889190674,5.880000114440918,5.880000114440918
30-10-2001,5.75333309173584,5.816667079925537,1059900,5.9166669845581055,5.800000190734863,5.800000190734863
31-10-2001,5.873332977294922,5.883333206176758,1365600,6.066667079925537,6.066667079925537,6.066667079925537
01-11-2001,6.0833330154418945,6.0833330154418945,908100,6.300000190734863,6.206666946411133,6.206666946411133
02-11-2001,6.006667137145996,6.216667175292969,1080600,6.266666889190674,6.033332824707031,6.033332824707031
05-11-2001,6.233333110809326,6.366666793823242,3087600,6.400000095367432,6.329999923706055,6.329999923706055
06-11-2001,6.5833330154418945,6.6666669845581055,3555900,6.699999809265137,6.599999904632568,6.599999904632568
07-11-2001,6.466667175292969,6.633333206176758,1914600,6.6433329582214355,6.5,6.5
08-11-2001,6.27666711807251,6.550000190734863,1187100,6.5966668128967285,6.3333330154418945,6.3333330154418945
09-11-2001,6.349999904632568,6.400000095367432,1600800,6.516666889190674,6.5,6.5
12-11-2001,6.4166669845581055,6.433332920074463,1039200,6.736667156219482,6.71999979019165,6.71999979019165
13-11-2001,6.783332824707031,6.783332824707031,2782800,7.050000190734863,7.00333309173584,7.00333309173584
14-11-2001,6.933332920074463,7.00333309173584,1363200,7.099999904632568,7.033332824707031,7.033332824707031
15-11-2001,6.953332901000977,7.099999904632568,2068800,7.099999904632568,7.050000190734863,7.050000190734863
16-11-2001,6.986667156219482,7.050000190734863,591000,7.116666793823242,7.010000228881836,7.010000228881836
19-11-2001,7.199999809265137,7.316667079925537,1766400,7.340000152587891,7.323332786560059,7.323332786560059
20-11-2001,7.25,7.323332786560059,1416300,7.329999923706055,7.300000190734863,7.300000190734863
21-11-2001,7.296667098999023,7.300000190734863,1234500,7.449999809265137,7.3333330154418945,7.3333330154418945
23-11-2001,7.349999904632568,7.349999904632568,207000,7.449999809265137,7.400000095367432,7.400000095367432
26-11-2001,7.3466668128967285,7.449999809265137,1046700,7.550000190734863,7.396667003631592,7.396667003631592
27-11-2001,7.329999923706055,7.4166669845581055,653400,7.483333110809326,7.3333330154418945,7.3333330154418945
28-11-2001,7.283332824707031,7.300000190734863,1674900,7.449999809265137,7.300000190734863,7.300000190734863
29-11-2001,7.300000190734863,7.300000190734863,314100,7.396667003631592,7.396667003631592,7.396667003631592
30-11-2001,7.366666793823242,7.386666774749756,834000,7.586667060852051,7.550000190734863,7.550000190734863
03-12-2001,7.566667079925537,7.566667079925537,1682400,7.783332824707031,7.699999809265137,7.699999809265137
04-12-2001,7.6666669845581055,7.783332824707031,2819400,7.866666793823242,7.75,7.75
05-12-2001,7.733333110809326,7.766666889190674,3820200,7.9166669845581055,7.783332824707031,7.783332824707031
06-12-2001,7.6666669845581055,7.783332824707031,2470200,7.933332920074463,7.710000038146973,7.710000038146973
07-12-2001,7.53000020980835,7.699999809265137,987900,7.699999809265137,7.550000190734863,7.550000190734863
10-12-2001,7.349999904632568,7.550000190734863,1010700,7.550000190734863,7.383333206176758,7.383333206176758
11-12-2001,7.353332996368408,7.366666793823242,1323300,7.5833330154418945,7.533332824707031,7.533332824707031
12-12-2001,7.366666793823242,7.5366668701171875,534900,7.539999961853027,7.423333168029785,7.423333168029785
13-12-2001,7.383333206176758,7.400000095367432,725700,7.449999809265137,7.413332939147949,7.413332939147949
14-12-2001,7.383333206176758,7.4166669845581055,774000,7.823332786560059,7.650000095367432,7.650000095367432
17-12-2001,7.483333110809326,7.483333110809326,853500,7.716667175292969,7.6666669845581055,7.6666669845581055
18-12-2001,7.673333168029785,7.699999809265137,2106300,8.0,7.9166669845581055,7.9166669845581055
19-12-2001,7.816667079925537,7.900000095367432,1462500,7.980000019073486,7.9033331871032715,7.9033331871032715
20-12-2001,7.826666831970215,7.900000095367432,1179000,8.0,7.983333110809326,7.983333110809326
21-12-2001,7.949999809265137,8.0,521400,8.066666603088379,8.0,8.0
24-12-2001,7.913332939147949,7.9166669845581055,459300,8.046667098999023,8.016667366027832,8.016667366027832
26-12-2001,7.966667175292969,8.0,589500,8.016667366027832,8.00333309173584,8.00333309173584
27-12-2001,7.949999809265137,8.0,1270500,8.066666603088379,8.016667366027832,8.016667366027832
28-12-2001,7.933332920074463,8.066666603088379,1007100,8.096667289733887,8.066666603088379,8.066666603088379
31-12-2001,7.97333288192749,8.016667366027832,1311000,8.166666984558105,8.149999618530273,8.149999618530273
02-01-2002,7.8333330154418945,8.016667366027832,1431900,8.016667366027832,7.9166669845581055,7.9166669845581055
03-01-2002,7.550000190734863,7.8333330154418945,2208300,7.849999904632568,7.5833330154418945,7.5833330154418945
04-01-2002,7.3333330154418945,7.383333206176758,2722800,7.570000171661377,7.373332977294922,7.373332977294922
07-01-2002,7.236667156219482,7.25,2105100,7.630000114440918,7.4033331871032715,7.4033331871032715
08-01-2002,7.263332843780518,7.3333330154418945,2344800,7.366666793823242,7.316667079925537,7.316667079925537
09-01-2002,7.309999942779541,7.316667079925537,2139000,7.556666851043701,7.53000020980835,7.53000020980835
10-01-2002,7.53000020980835,7.53000020980835,1724400,7.710000038146973,7.646667003631592,7.646667003631592
11-01-2002,7.563333034515381,7.683332920074463,1461900,7.783332824707031,7.710000038146973,7.710000038146973
14-01-2002,7.616666793823242,7.7133331298828125,783600,7.816667079925537,7.633333206176758,7.633333206176758
15-01-2002,7.433332920074463,7.566667079925537,1978800,7.816667079925537,7.783332824707031,7.783332824707031
16-01-2002,7.599999904632568,7.766666889190674,909000,7.933332920074463,7.9166669845581055,7.9166669845581055
17-01-2002,7.6666669845581055,7.883333206176758,1867500,7.933332920074463,7.863333225250244,7.863333225250244
18-01-2002,7.766666889190674,7.783332824707031,661200,7.920000076293945,7.840000152587891,7.840000152587891
22-01-2002,7.75,7.816667079925537,1026000,7.993332862854004,7.913332939147949,7.913332939147949
23-01-2002,7.816667079925537,7.900000095367432,535800,7.933332920074463,7.849999904632568,7.849999904632568
24-01-2002,7.760000228881836,7.883333206176758,975600,7.986667156219482,7.966667175292969,7.966667175292969
25-01-2002,7.816667079925537,7.933332920074463,1151700,7.936666965484619,7.926667213439941,7.926667213439941
28-01-2002,7.75,7.8933329582214355,898500,7.8933329582214355,7.840000152587891,7.840000152587891
29-01-2002,7.783332824707031,7.840000152587891,1058100,7.880000114440918,7.869999885559082,7.869999885559082
30-01-2002,7.6666669845581055,7.869999885559082,1415400,7.906667232513428,7.883333206176758,7.883333206176758
31-01-2002,7.849999904632568,7.883333206176758,1595700,8.220000267028809,8.133333206176758,8.133333206176758
01-02-2002,7.936666965484619,8.066666603088379,620700,8.066666603088379,8.033332824707031,8.033332824707031
04-02-2002,7.940000057220459,8.033332824707031,890700,8.183333396911621,8.0,8.0
05-02-2002,7.949999809265137,7.986667156219482,851400,8.0,8.0,8.0
06-02-2002,7.9166669845581055,7.983333110809326,657900,8.00333309173584,7.96999979019165,7.96999979019165
07-02-2002,7.7866668701171875,7.9166669845581055,1135800,7.9166669845581055,7.840000152587891,7.840000152587891
08-02-2002,7.699999809265137,7.800000190734863,1315500,7.803332805633545,7.75,7.75
11-02-2002,7.699999809265137,7.699999809265137,788400,7.8333330154418945,7.800000190734863,7.800000190734863
12-02-2002,7.800000190734863,7.800000190734863,1765800,8.103333473205566,8.066666603088379,8.066666603088379
13-02-2002,8.039999961853027,8.066666603088379,833700,8.15999984741211,8.066666603088379,8.066666603088379
14-02-2002,8.050000190734863,8.076666831970215,990300,8.140000343322754,8.133333206176758,8.133333206176758
15-02-2002,8.0,8.100000381469727,472500,8.133333206176758,8.039999961853027,8.039999961853027
19-02-2002,7.940000057220459,7.983333110809326,1147200,8.053333282470703,8.0,8.0
20-02-2002,7.933332920074463,8.0,785100,8.033332824707031,7.980000019073486,7.980000019073486
21-02-2002,7.733333110809326,7.966667175292969,824400,8.00333309173584,7.77666711807251,7.77666711807251
22-02-2002,7.633333206176758,7.633333206176758,597900,7.760000228881836,7.739999771118164,7.739999771118164
25-02-2002,7.6666669845581055,7.739999771118164,801300,7.853332996368408,7.74666690826416,7.74666690826416
26-02-2002,7.650000095367432,7.716667175292969,932100,7.860000133514404,7.836667060852051,7.836667060852051
27-02-2002,7.559999942779541,7.836667060852051,2742600,7.869999885559082,7.650000095367432,7.650000095367432
28-02-2002,7.366666793823242,7.6666669845581055,3649500,7.716667175292969,7.449999809265137,7.449999809265137
01-03-2002,7.433332920074463,7.466667175292969,2182200,7.7733330726623535,7.690000057220459,7.690000057220459
04-03-2002,7.433332920074463,7.690000057220459,1657200,7.699999809265137,7.53000020980835,7.53000020980835
05-03-2002,7.1433329582214355,7.506667137145996,2600400,7.566667079925537,7.1666669845581055,7.1666669845581055
06-03-2002,7.22333288192749,7.233333110809326,2655600,7.5833330154418945,7.483333110809326,7.483333110809326
07-03-2002,7.313333034515381,7.493332862854004,1004100,7.493332862854004,7.366666793823242,7.366666793823242
08-03-2002,7.239999771118164,7.3933329582214355,812100,7.4166669845581055,7.313333034515381,7.313333034515381
11-03-2002,7.196667194366455,7.313333034515381,2047200,7.46999979019165,7.329999923706055,7.329999923706055
12-03-2002,7.266666889190674,7.329999923706055,1894800,7.433332920074463,7.343332767486572,7.343332767486572
13-03-2002,7.316667079925537,7.316667079925537,2810700,7.5,7.466667175292969,7.466667175292969
14-03-2002,7.426667213439941,7.466667175292969,1423500,7.683332920074463,7.639999866485596,7.639999866485596
15-03-2002,8.350000381469727,8.583333015441895,11055300,8.65666675567627,8.489999771118164,8.489999771118164
18-03-2002,8.5,8.533332824707031,5277300,8.69333267211914,8.666666984558105,8.666666984558105
19-03-2002,8.226667404174805,8.416666984558105,6990000,8.5,8.460000038146973,8.460000038146973
20-03-2002,8.416666984558105,8.460000038146973,2819100,8.630000114440918,8.630000114440918,8.630000114440918
21-03-2002,8.166666984558105,8.199999809265137,3646500,8.44333267211914,8.40666675567627,8.40666675567627
22-03-2002,8.333333015441895,8.333333015441895,990900,8.466667175292969,8.433333396911621,8.433333396911621
25-03-2002,8.333333015441895,8.5,2033100,8.533332824707031,8.350000381469727,8.350000381469727
26-03-2002,8.34333324432373,8.34333324432373,993000,8.433333396911621,8.376667022705078,8.376667022705078
27-03-2002,8.383333206176758,8.383333206176758,761700,8.446666717529297,8.416666984558105,8.416666984558105
28-03-2002,8.393333435058594,8.416666984558105,1318500,8.476667404174805,8.433333396911621,8.433333396911621
01-04-2002,8.356666564941406,8.399999618530273,1141500,8.5,8.466667175292969,8.466667175292969
02-04-2002,8.289999961853027,8.426667213439941,1940700,8.473333358764648,8.300000190734863,8.300000190734863
03-04-2002,8.300000190734863,8.300000190734863,1198800,8.449999809265137,8.356666564941406,8.356666564941406
04-04-2002,8.286666870117188,8.300000190734863,869400,8.4399995803833,8.4399995803833,8.4399995803833
05-04-2002,8.333333015441895,8.399999618530273,1338300,8.4399995803833,8.40666675567627,8.40666675567627
08-04-2002,8.353333473205566,8.40666675567627,985200,8.460000038146973,8.433333396911621,8.433333396911621
09-04-2002,8.399999618530273,8.399999618530273,688500,8.449999809265137,8.430000305175781,8.430000305175781
10-04-2002,8.399999618530273,8.399999618530273,1032900,8.463333129882812,8.433333396911621,8.433333396911621
11-04-2002,8.376667022705078,8.433333396911621,634500,8.446666717529297,8.40666675567627,8.40666675567627
12-04-2002,8.333333015441895,8.383333206176758,836700,8.40999984741211,8.40666675567627,8.40666675567627
15-04-2002,8.373332977294922,8.383333206176758,789000,8.4399995803833,8.390000343322754,8.390000343322754
16-04-2002,8.350000381469727,8.369999885559082,692100,8.396666526794434,8.373332977294922,8.373332977294922
17-04-2002,8.303333282470703,8.366666793823242,1192800,8.396666526794434,8.326666831970215,8.326666831970215
18-04-2002,8.326666831970215,8.326666831970215,2008800,8.423333168029785,8.386667251586914,8.386667251586914
19-04-2002,8.550000190734863,8.550000190734863,4566900,8.736666679382324,8.65666675567627,8.65666675567627
22-04-2002,8.603333473205566,8.65999984741211,1357800,8.699999809265137,8.630000114440918,8.630000114440918
23-04-2002,8.59000015258789,8.616666793823242,672600,8.633333206176758,8.630000114440918,8.630000114440918
24-04-2002,8.55666732788086,8.616666793823242,1192800,8.649999618530273,8.600000381469727,8.600000381469727
25-04-2002,8.533332824707031,8.600000381469727,1612800,8.666666984558105,8.636667251586914,8.636667251586914
26-04-2002,8.566666603088379,8.643333435058594,766800,8.643333435058594,8.58666706085205,8.58666706085205
29-04-2002,8.550000190734863,8.58666706085205,1226100,8.649999618530273,8.596667289733887,8.596667289733887
30-04-2002,8.583333015441895,8.600000381469727,2919900,8.733332633972168,8.640000343322754,8.640000343322754
01-05-2002,8.600000381469727,8.633333206176758,3292200,8.729999542236328,8.710000038146973,8.710000038146973
02-05-2002,8.616666793823242,8.683333396911621,3996600,8.710000038146973,8.640000343322754,8.640000343322754
03-05-2002,8.533332824707031,8.633333206176758,2213400,8.633333206176758,8.546667098999023,8.546667098999023
06-05-2002,8.533332824707031,8.533332824707031,2294100,8.643333435058594,8.5600004196167,8.5600004196167
07-05-2002,8.550000190734863,8.59333324432373,2352900,8.606666564941406,8.566666603088379,8.566666603088379
08-05-2002,7.456666946411133,8.033332824707031,13542000,8.033332824707031,7.683332920074463,7.683332920074463
09-05-2002,7.433332920074463,7.599999904632568,6778500,7.8333330154418945,7.449999809265137,7.449999809265137
10-05-2002,6.5,7.633333206176758,21455100,7.900000095367432,6.800000190734863,6.800000190734863
13-05-2002,6.920000076293945,7.0,4433400,7.099999904632568,7.039999961853027,7.039999961853027
14-05-2002,6.966667175292969,7.0,4016700,7.233333110809326,7.210000038146973,7.210000038146973
15-05-2002,7.433332920074463,7.533332824707031,3779400,7.633333206176758,7.4633331298828125,7.4633331298828125
16-05-2002,7.266666889190674,7.5,3097500,7.52666711807251,7.323332786560059,7.323332786560059
17-05-2002,7.300000190734863,7.316667079925537,2036100,7.3933329582214355,7.353332996368408,7.353332996368408
20-05-2002,7.236667156219482,7.400000095367432,2308800,7.400000095367432,7.263332843780518,7.263332843780518
21-05-2002,7.1666669845581055,7.22333288192749,2018700,7.243332862854004,7.230000019073486,7.230000019073486
22-05-2002,7.176667213439941,7.25,952800,7.300000190734863,7.2866668701171875,7.2866668701171875
23-05-2002,7.269999980926514,7.2866668701171875,2400300,7.366666793823242,7.289999961853027,7.289999961853027
24-05-2002,7.306666851043701,7.326666831970215,1578600,7.433332920074463,7.420000076293945,7.420000076293945
28-05-2002,7.456666946411133,7.466667175292969,2997300,7.579999923706055,7.550000190734863,7.550000190734863
29-05-2002,7.50333309173584,7.5833330154418945,6798300,7.599999904632568,7.510000228881836,7.510000228881836
30-05-2002,7.616666793823242,7.6666669845581055,3681000,7.783332824707031,7.766666889190674,7.766666889190674
31-05-2002,7.6666669845581055,7.766666889190674,1099800,7.800000190734863,7.800000190734863,7.800000190734863
03-06-2002,7.683332920074463,7.849999904632568,1523700,7.886666774749756,7.716667175292969,7.716667175292969
04-06-2002,7.539999961853027,7.716667175292969,1539900,7.72333288192749,7.556666851043701,7.556666851043701
05-06-2002,7.550000190734863,7.556666851043701,2025600,7.743332862854004,7.706666946411133,7.706666946411133
06-06-2002,7.599999904632568,7.733333110809326,2638800,7.866666793823242,7.826666831970215,7.826666831970215
07-06-2002,7.766666889190674,7.849999904632568,1076400,7.993332862854004,7.953332901000977,7.953332901000977
10-06-2002,7.873332977294922,7.953332901000977,774900,8.0,7.876667022705078,7.876667022705078
11-06-2002,7.896667003631592,7.900000095367432,891300,7.993332862854004,7.933332920074463,7.933332920074463
12-06-2002,7.800000190734863,7.933332920074463,706500,7.949999809265137,7.9166669845581055,7.9166669845581055
13-06-2002,7.8333330154418945,7.866666793823242,760800,7.943333148956299,7.866666793823242,7.866666793823242
14-06-2002,7.75,7.8333330154418945,606300,7.873332977294922,7.866666793823242,7.866666793823242
17-06-2002,7.860000133514404,7.869999885559082,1106700,7.989999771118164,7.966667175292969,7.966667175292969
18-06-2002,7.966667175292969,7.966667175292969,4158900,8.313332557678223,8.033332824707031,8.033332824707031
19-06-2002,7.993332862854004,7.993332862854004,4574100,8.5,8.329999923706055,8.329999923706055
20-06-2002,8.09000015258789,8.283332824707031,3403500,8.326666831970215,8.153332710266113,8.153332710266113
21-06-2002,8.033332824707031,8.149999618530273,3045600,8.166666984558105,8.033332824707031,8.033332824707031
24-06-2002,7.920000076293945,8.020000457763672,1728900,8.126667022705078,8.016667366027832,8.016667366027832
25-06-2002,7.716667175292969,8.0,1657500,8.069999694824219,7.739999771118164,7.739999771118164
26-06-2002,7.539999961853027,7.683332920074463,1552500,8.0,7.883333206176758,7.883333206176758
27-06-2002,7.860000133514404,7.949999809265137,788400,8.050000190734863,7.896667003631592,7.896667003631592
28-06-2002,7.876667022705078,7.9166669845581055,1497900,8.063332557678223,7.933332920074463,7.933332920074463
01-07-2002,7.836667060852051,7.966667175292969,1699500,8.020000457763672,7.9166669845581055,7.9166669845581055
02-07-2002,7.769999980926514,8.0,1711500,8.0,7.789999961853027,7.789999961853027
03-07-2002,7.433332920074463,7.783332824707031,1764000,7.7866668701171875,7.650000095367432,7.650000095367432
05-07-2002,7.743332862854004,7.75,675300,7.789999961853027,7.75,7.75
08-07-2002,7.6666669845581055,7.743332862854004,1664100,7.820000171661377,7.670000076293945,7.670000076293945
09-07-2002,7.5,7.6666669845581055,1394400,7.683332920074463,7.5,7.5
10-07-2002,7.196667194366455,7.5,2412000,7.50333309173584,7.239999771118164,7.239999771118164
11-07-2002,7.0,7.239999771118164,3013500,7.25333309173584,7.133333206176758,7.133333206176758
12-07-2002,6.883333206176758,7.033332824707031,3425400,7.066667079925537,7.016666889190674,7.016666889190674
15-07-2002,6.826666831970215,6.983333110809326,2356500,7.010000228881836,6.900000095367432,6.900000095367432
16-07-2002,6.803332805633545,6.826666831970215,2216700,6.933332920074463,6.886666774749756,6.886666774749756
17-07-2002,6.849999904632568,6.900000095367432,1741800,7.066667079925537,6.933332920074463,6.933332920074463
18-07-2002,6.836667060852051,6.933332920074463,1815900,7.066667079925537,6.860000133514404,6.860000133514404
19-07-2002,6.699999809265137,6.8333330154418945,1468800,6.8333330154418945,6.75,6.75
22-07-2002,6.3333330154418945,6.75,2817300,6.816667079925537,6.486667156219482,6.486667156219482
23-07-2002,6.486667156219482,6.486667156219482,2200800,6.7133331298828125,6.633333206176758,6.633333206176758
24-07-2002,6.626667022705078,6.633333206176758,1860300,7.1433329582214355,7.0,7.0
25-07-2002,6.866666793823242,6.966667175292969,1622400,7.283332824707031,7.019999980926514,7.019999980926514
26-07-2002,7.010000228881836,7.016666889190674,1052100,7.199999809265137,7.163332939147949,7.163332939147949
29-07-2002,7.233333110809326,7.233333110809326,1567500,7.493332862854004,7.440000057220459,7.440000057220459
30-07-2002,7.300000190734863,7.4166669845581055,1196400,7.493332862854004,7.320000171661377,7.320000171661377
31-07-2002,7.316667079925537,7.316667079925537,2409900,7.883333206176758,7.866666793823242,7.866666793823242
01-08-2002,7.50333309173584,7.849999904632568,1599000,7.849999904632568,7.650000095367432,7.650000095367432
02-08-2002,7.533332824707031,7.616666793823242,944100,7.670000076293945,7.533332824707031,7.533332824707031
05-08-2002,7.25,7.466667175292969,647100,7.46999979019165,7.309999942779541,7.309999942779541
06-08-2002,7.309999942779541,7.309999942779541,600000,7.440000057220459,7.409999847412109,7.409999847412109
07-08-2002,6.949999809265137,7.493332862854004,2245200,7.493332862854004,7.0,7.0
08-08-2002,7.199999809265137,7.199999809265137,1281600,7.413332939147949,7.400000095367432,7.400000095367432
09-08-2002,7.326666831970215,7.383333206176758,882600,7.480000019073486,7.389999866485596,7.389999866485596
12-08-2002,7.199999809265137,7.199999809265137,892800,7.516666889190674,7.4166669845581055,7.4166669845581055
13-08-2002,7.406667232513428,7.409999847412109,794700,7.626667022705078,7.436666965484619,7.436666965484619
14-08-2002,7.3333330154418945,7.483333110809326,552600,7.599999904632568,7.550000190734863,7.550000190734863
15-08-2002,7.5833330154418945,7.633333206176758,335400,7.816667079925537,7.619999885559082,7.619999885559082
16-08-2002,7.46999979019165,7.630000114440918,1087200,7.699999809265137,7.556666851043701,7.556666851043701
19-08-2002,7.559999942779541,7.5833330154418945,1041600,7.699999809265137,7.686666965484619,7.686666965484619
20-08-2002,7.603332996368408,7.679999828338623,501000,7.733333110809326,7.659999847412109,7.659999847412109
21-08-2002,7.613333225250244,7.670000076293945,358500,7.716667175292969,7.619999885559082,7.619999885559082
22-08-2002,7.5,7.599999904632568,1242900,7.696667194366455,7.599999904632568,7.599999904632568
23-08-2002,7.516666889190674,7.590000152587891,426000,7.683332920074463,7.559999942779541,7.559999942779541
26-08-2002,7.533332824707031,7.559999942779541,614400,7.6066670417785645,7.556666851043701,7.556666851043701
27-08-2002,7.1666669845581055,7.5,888000,7.533332824707031,7.316667079925537,7.316667079925537
28-08-2002,7.25,7.283332824707031,1093500,7.366666793823242,7.340000152587891,7.340000152587891
29-08-2002,7.300000190734863,7.329999923706055,948000,7.4166669845581055,7.4166669845581055,7.4166669845581055
30-08-2002,7.336667060852051,7.400000095367432,1275000,7.533332824707031,7.380000114440918,7.380000114440918
03-09-2002,7.233333110809326,7.383333206176758,1027200,7.4166669845581055,7.233333110809326,7.233333110809326
04-09-2002,7.25,7.4166669845581055,996000,7.4166669845581055,7.3933329582214355,7.3933329582214355
05-09-2002,7.343332767486572,7.343332767486572,720000,7.5,7.386666774749756,7.386666774749756
06-09-2002,7.369999885559082,7.433332920074463,586500,7.5,7.4633331298828125,7.4633331298828125
09-09-2002,7.433332920074463,7.456666946411133,610800,7.566667079925537,7.563333034515381,7.563333034515381
10-09-2002,7.5,7.599999904632568,457800,7.613333225250244,7.573332786560059,7.573332786560059
11-09-2002,7.616666793823242,7.616666793823242,621300,7.690000057220459,7.633333206176758,7.633333206176758
12-09-2002,7.480000019073486,7.633333206176758,1021800,7.633333206176758,7.519999980926514,7.519999980926514
13-09-2002,7.466667175292969,7.5,721800,7.613333225250244,7.590000152587891,7.590000152587891
16-09-2002,7.466667175292969,7.466667175292969,660000,7.656667232513428,7.626667022705078,7.626667022705078
17-09-2002,7.566667079925537,7.636666774749756,652200,7.733333110809326,7.5833330154418945,7.5833330154418945
18-09-2002,7.513332843780518,7.5833330154418945,633600,7.679999828338623,7.616666793823242,7.616666793823242
19-09-2002,7.550000190734863,7.5833330154418945,1087200,7.7133331298828125,7.656667232513428,7.656667232513428
20-09-2002,7.6666669845581055,7.6666669845581055,1929300,7.849999904632568,7.7866668701171875,7.7866668701171875
23-09-2002,7.6433329582214355,7.800000190734863,984900,7.800000190734863,7.75,7.75
24-09-2002,7.5966668128967285,7.699999809265137,655500,7.716667175292969,7.686666965484619,7.686666965484619
25-09-2002,7.6666669845581055,7.696667194366455,1080300,7.8333330154418945,7.796667098999023,7.796667098999023
26-09-2002,7.760000228881836,7.7733330726623535,1675800,8.026666641235352,7.96999979019165,7.96999979019165
27-09-2002,7.849999904632568,7.966667175292969,713700,8.149999618530273,7.936666965484619,7.936666965484619
30-09-2002,7.816667079925537,7.9033331871032715,1632000,7.933332920074463,7.866666793823242,7.866666793823242
01-10-2002,7.869999885559082,7.966667175292969,2878500,7.97333288192749,7.9166669845581055,7.9166669845581055
02-10-2002,7.826666831970215,7.9166669845581055,1362600,7.923333168029785,7.900000095367432,7.900000095367432
03-10-2002,7.816667079925537,7.866666793823242,1318200,7.923333168029785,7.816667079925537,7.816667079925537
04-10-2002,7.816667079925537,7.816667079925537,1527300,7.900000095367432,7.866666793823242,7.866666793823242
07-10-2002,7.806666851043701,7.860000133514404,885900,7.883333206176758,7.806666851043701,7.806666851043701
08-10-2002,7.623332977294922,7.806666851043701,1305900,7.849999904632568,7.6533331871032715,7.6533331871032715
09-10-2002,7.6066670417785645,7.633333206176758,1288800,7.716667175292969,7.646667003631592,7.646667003631592
10-10-2002,7.5,7.633333206176758,1167900,7.716667175292969,7.599999904632568,7.599999904632568
11-10-2002,7.6066670417785645,7.633333206176758,960000,7.736667156219482,7.696667194366455,7.696667194366455
14-10-2002,7.566667079925537,7.616666793823242,907500,7.683332920074463,7.683332920074463,7.683332920074463
15-10-2002,7.623332977294922,7.679999828338623,1183500,7.806666851043701,7.77666711807251,7.77666711807251
16-10-2002,7.703332901000977,7.766666889190674,729000,7.800000190734863,7.72333288192749,7.72333288192749
17-10-2002,7.78000020980835,7.783332824707031,1742400,8.0,7.816667079925537,7.816667079925537
18-10-2002,7.826666831970215,7.829999923706055,1325700,8.133333206176758,8.109999656677246,8.109999656677246
21-10-2002,8.036666870117188,8.103333473205566,634200,8.170000076293945,8.109999656677246,8.109999656677246
22-10-2002,8.053333282470703,8.100000381469727,1130400,8.266667366027832,8.203332901000977,8.203332901000977
23-10-2002,8.143333435058594,8.166666984558105,1157700,8.266667366027832,8.203332901000977,8.203332901000977
24-10-2002,8.203332901000977,8.213333129882812,798000,8.329999923706055,8.233332633972168,8.233332633972168
25-10-2002,8.180000305175781,8.183333396911621,928200,8.333333015441895,8.296667098999023,8.296667098999023
28-10-2002,8.0,8.329999923706055,1029000,8.350000381469727,8.05666732788086,8.05666732788086
29-10-2002,8.050000190734863,8.05666732788086,899400,8.166666984558105,8.123332977294922,8.123332977294922
30-10-2002,8.043333053588867,8.126667022705078,681300,8.180000305175781,8.066666603088379,8.066666603088379
31-10-2002,7.920000076293945,8.069999694824219,1229700,8.143333435058594,7.989999771118164,7.989999771118164
01-11-2002,7.920000076293945,7.989999771118164,1368900,8.216667175292969,8.199999809265137,8.199999809265137
04-11-2002,8.140000343322754,8.199999809265137,807300,8.260000228881836,8.146666526794434,8.146666526794434
05-11-2002,8.09000015258789,8.116666793823242,995700,8.213333129882812,8.206666946411133,8.206666946411133
06-11-2002,8.30666732788086,8.399999618530273,4692900,8.543333053588867,8.44333267211914,8.44333267211914
07-11-2002,8.41333293914795,8.44333267211914,2261700,8.566666603088379,8.436667442321777,8.436667442321777
08-11-2002,7.920000076293945,8.436667442321777,2259900,8.436667442321777,8.050000190734863,8.050000190734863
11-11-2002,8.033332824707031,8.050000190734863,835500,8.313332557678223,8.199999809265137,8.199999809265137
12-11-2002,8.166666984558105,8.206666946411133,1344000,8.30666732788086,8.216667175292969,8.216667175292969
13-11-2002,8.143333435058594,8.213333129882812,1242600,8.350000381469727,8.296667098999023,8.296667098999023
14-11-2002,8.286666870117188,8.286666870117188,687900,8.436667442321777,8.329999923706055,8.329999923706055
15-11-2002,8.350000381469727,8.350000381469727,1841400,8.729999542236328,8.623332977294922,8.623332977294922
18-11-2002,8.603333473205566,8.649999618530273,1568700,8.816666603088379,8.616666793823242,8.616666793823242
19-11-2002,8.386667251586914,8.600000381469727,1486500,8.600000381469727,8.58666706085205,8.58666706085205
20-11-2002,8.516667366027832,8.566666603088379,521700,8.623332977294922,8.623332977294922,8.623332977294922
21-11-2002,8.510000228881836,8.546667098999023,739200,8.59333324432373,8.516667366027832,8.516667366027832
22-11-2002,8.399999618530273,8.433333396911621,1135200,8.626667022705078,8.513333320617676,8.513333320617676
25-11-2002,8.283332824707031,8.566666603088379,1939500,8.606666564941406,8.300000190734863,8.300000190734863
26-11-2002,8.0600004196167,8.300000190734863,1401600,8.329999923706055,8.199999809265137,8.199999809265137
27-11-2002,8.133333206176758,8.233332633972168,800700,8.329999923706055,8.329999923706055,8.329999923706055
29-11-2002,8.333333015441895,8.333333015441895,891900,8.600000381469727,8.550000190734863,8.550000190734863
02-12-2002,8.359999656677246,8.583333015441895,776700,8.583333015441895,8.399999618530273,8.399999618530273
03-12-2002,8.300000190734863,8.416666984558105,868800,8.466667175292969,8.350000381469727,8.350000381469727
04-12-2002,8.206666946411133,8.300000190734863,2214900,8.373332977294922,8.369999885559082,8.369999885559082
05-12-2002,8.393333435058594,8.433333396911621,1325700,8.649999618530273,8.583333015441895,8.583333015441895
06-12-2002,8.436667442321777,8.566666603088379,551700,8.613332748413086,8.529999732971191,8.529999732971191
09-12-2002,8.333333015441895,8.529999732971191,720600,8.529999732971191,8.33666706085205,8.33666706085205
10-12-2002,8.313332557678223,8.366666793823242,575400,8.466667175292969,8.466667175292969,8.466667175292969
11-12-2002,8.316666603088379,8.466667175292969,1129200,8.466667175292969,8.363332748413086,8.363332748413086
12-12-2002,8.266667366027832,8.366666793823242,1053900,8.420000076293945,8.300000190734863,8.300000190734863
13-12-2002,8.233332633972168,8.300000190734863,769800,8.34333324432373,8.313332557678223,8.313332557678223
16-12-2002,8.196666717529297,8.316666603088379,690900,8.316666603088379,8.283332824707031,8.283332824707031
17-12-2002,8.170000076293945,8.233332633972168,1107900,8.25,8.170000076293945,8.170000076293945
18-12-2002,8.170000076293945,8.170000076293945,651000,8.220000267028809,8.19333267211914,8.19333267211914
19-12-2002,8.106666564941406,8.19333267211914,1016700,8.266667366027832,8.140000343322754,8.140000343322754
20-12-2002,8.133333206176758,8.166666984558105,1317600,8.199999809265137,8.143333435058594,8.143333435058594
23-12-2002,8.036666870117188,8.15999984741211,796200,8.199999809265137,8.113332748413086,8.113332748413086
24-12-2002,8.076666831970215,8.140000343322754,302700,8.153332710266113,8.140000343322754,8.140000343322754
26-12-2002,8.050000190734863,8.166666984558105,433200,8.176667213439941,8.079999923706055,8.079999923706055
27-12-2002,8.00333309173584,8.079999923706055,446400,8.079999923706055,8.033332824707031,8.033332824707031
30-12-2002,7.923333168029785,8.033332824707031,1151100,8.096667289733887,8.09000015258789,8.09000015258789
31-12-2002,8.066666603088379,8.116666793823242,833700,8.263333320617676,8.223333358764648,8.223333358764648
02-01-2003,8.183333396911621,8.233332633972168,893100,8.396666526794434,8.363332748413086,8.363332748413086
03-01-2003,8.283332824707031,8.283332824707031,1460700,8.479999542236328,8.460000038146973,8.460000038146973
06-01-2003,8.416666984558105,8.416666984558105,746700,8.5,8.483332633972168,8.483332633972168
07-01-2003,8.416666984558105,8.483332633972168,471600,8.516667366027832,8.416666984558105,8.416666984558105
08-01-2003,8.34000015258789,8.416666984558105,629700,8.5,8.376667022705078,8.376667022705078
09-01-2003,8.366666793823242,8.366666793823242,1073700,8.516667366027832,8.466667175292969,8.466667175292969
10-01-2003,8.4399995803833,8.466667175292969,814500,8.583333015441895,8.529999732971191,8.529999732971191
13-01-2003,8.403332710266113,8.50333309173584,1345500,8.600000381469727,8.526666641235352,8.526666641235352
14-01-2003,8.423333168029785,8.529999732971191,830400,8.566666603088379,8.49666690826416,8.49666690826416
15-01-2003,8.239999771118164,8.466667175292969,3412200,8.533332824707031,8.300000190734863,8.300000190734863
16-01-2003,8.300000190734863,8.350000381469727,1606800,8.363332748413086,8.323332786560059,8.323332786560059
17-01-2003,8.286666870117188,8.300000190734863,3057000,8.41333293914795,8.383333206176758,8.383333206176758
21-01-2003,8.286666870117188,8.383333206176758,799800,8.436667442321777,8.329999923706055,8.329999923706055
22-01-2003,8.239999771118164,8.270000457763672,1072200,8.396666526794434,8.390000343322754,8.390000343322754
23-01-2003,8.300000190734863,8.390000343322754,866100,8.533332824707031,8.416666984558105,8.416666984558105
24-01-2003,8.220000267028809,8.420000076293945,719100,8.420000076293945,8.270000457763672,8.270000457763672
27-01-2003,8.09333324432373,8.233332633972168,831900,8.25,8.130000114440918,8.130000114440918
28-01-2003,8.013333320617676,8.136667251586914,1746600,8.180000305175781,8.063332557678223,8.063332557678223
29-01-2003,8.0,8.006667137145996,934800,8.050000190734863,8.010000228881836,8.010000228881836
30-01-2003,7.9166669845581055,8.016667366027832,933900,8.043333053588867,7.940000057220459,7.940000057220459
31-01-2003,7.933332920074463,7.943333148956299,937200,8.033332824707031,8.033332824707031,8.033332824707031
03-02-2003,7.883333206176758,8.116666793823242,965400,8.126667022705078,7.949999809265137,7.949999809265137
04-02-2003,7.7866668701171875,7.949999809265137,684000,7.960000038146973,7.793333053588867,7.793333053588867
05-02-2003,7.766666889190674,7.7866668701171875,1144200,7.900000095367432,7.8333330154418945,7.8333330154418945
06-02-2003,7.769999980926514,7.8333330154418945,555300,7.8566670417785645,7.803332805633545,7.803332805633545
07-02-2003,7.739999771118164,7.826666831970215,370800,7.829999923706055,7.800000190734863,7.800000190734863
10-02-2003,7.766666889190674,7.766666889190674,1289100,7.966667175292969,7.966667175292969,7.966667175292969
11-02-2003,7.763332843780518,7.989999771118164,721500,8.0,7.763332843780518,7.763332843780518
12-02-2003,7.283332824707031,7.679999828338623,2045700,7.693333148956299,7.366666793823242,7.366666793823242
13-02-2003,7.233333110809326,7.400000095367432,2260800,7.546667098999023,7.533332824707031,7.533332824707031
14-02-2003,6.566667079925537,7.3333330154418945,5901000,7.3333330154418945,6.803332805633545,6.803332805633545
18-02-2003,6.816667079925537,6.816667079925537,1424100,6.929999828338623,6.883333206176758,6.883333206176758
19-02-2003,6.883333206176758,6.883333206176758,1248300,7.033332824707031,7.010000228881836,7.010000228881836
20-02-2003,6.8333330154418945,7.006667137145996,1825500,7.0966668128967285,6.840000152587891,6.840000152587891
21-02-2003,6.836667060852051,6.840000152587891,849300,6.966667175292969,6.933332920074463,6.933332920074463
24-02-2003,6.756667137145996,6.929999828338623,1179000,6.946667194366455,6.766666889190674,6.766666889190674
25-02-2003,6.7133331298828125,6.733333110809326,609900,6.803332805633545,6.803332805633545,6.803332805633545
26-02-2003,6.703332901000977,6.783332824707031,1435500,6.829999923706055,6.766666889190674,6.766666889190674
27-02-2003,6.733333110809326,6.793333053588867,807600,6.853332996368408,6.836667060852051,6.836667060852051
28-02-2003,6.783332824707031,6.849999904632568,1501200,6.960000038146973,6.9166669845581055,6.9166669845581055
03-03-2003,6.9166669845581055,6.949999809265137,1324800,7.033332824707031,6.96999979019165,6.96999979019165
04-03-2003,6.9166669845581055,6.923333168029785,742800,6.99666690826416,6.943333148956299,6.943333148956299
05-03-2003,6.8566670417785645,6.943333148956299,324300,6.993332862854004,6.933332920074463,6.933332920074463
06-03-2003,6.766666889190674,6.929999828338623,900300,6.929999828338623,6.806666851043701,6.806666851043701
07-03-2003,6.710000038146973,6.800000190734863,699900,6.863333225250244,6.8566670417785645,6.8566670417785645
10-03-2003,6.756667137145996,6.756667137145996,315000,6.849999904632568,6.7866668701171875,6.7866668701171875
11-03-2003,6.650000095367432,6.7866668701171875,645600,6.7866668701171875,6.663332939147949,6.663332939147949
12-03-2003,6.433332920074463,6.663332939147949,1276800,6.676667213439941,6.590000152587891,6.590000152587891
13-03-2003,6.483333110809326,6.593332767486572,996900,6.626667022705078,6.566667079925537,6.566667079925537
14-03-2003,6.550000190734863,6.616666793823242,1352400,6.6433329582214355,6.556666851043701,6.556666851043701
17-03-2003,6.383333206176758,6.553332805633545,1858200,6.553332805633545,6.516666889190674,6.516666889190674
18-03-2003,6.513332843780518,6.550000190734863,951300,6.676667213439941,6.663332939147949,6.663332939147949
19-03-2003,6.6066670417785645,6.630000114440918,1192800,6.683332920074463,6.650000095367432,6.650000095367432
20-03-2003,6.610000133514404,6.646667003631592,778200,6.679999828338623,6.626667022705078,6.626667022705078
21-03-2003,6.616666793823242,6.683332920074463,1166700,6.683332920074463,6.633333206176758,6.633333206176758
24-03-2003,6.49666690826416,6.533332824707031,1153200,6.6666669845581055,6.619999885559082,6.619999885559082
25-03-2003,6.566667079925537,6.619999885559082,3384300,6.716667175292969,6.706666946411133,6.706666946411133
26-03-2003,6.683332920074463,6.683332920074463,2505300,6.876667022705078,6.816667079925537,6.816667079925537
27-03-2003,6.769999980926514,6.8333330154418945,670800,6.883333206176758,6.806666851043701,6.806666851043701
28-03-2003,6.8333330154418945,6.8333330154418945,747300,6.9166669845581055,6.8933329582214355,6.8933329582214355
31-03-2003,6.699999809265137,6.699999809265137,876300,6.929999828338623,6.909999847412109,6.909999847412109
01-04-2003,6.9166669845581055,6.9166669845581055,1066200,6.99666690826416,6.960000038146973,6.960000038146973
02-04-2003,6.8333330154418945,6.906667232513428,953100,7.03000020980835,6.966667175292969,6.966667175292969
03-04-2003,6.920000076293945,6.949999809265137,692700,7.006667137145996,6.943333148956299,6.943333148956299
04-04-2003,6.840000152587891,6.966667175292969,983400,6.983333110809326,6.866666793823242,6.866666793823242
07-04-2003,6.876667022705078,6.949999809265137,614700,7.076666831970215,6.909999847412109,6.909999847412109
08-04-2003,6.800000190734863,6.8333330154418945,571500,6.869999885559082,6.843332767486572,6.843332767486572
09-04-2003,6.71999979019165,6.849999904632568,709200,6.849999904632568,6.75,6.75
10-04-2003,6.683332920074463,6.75,793500,6.766666889190674,6.730000019073486,6.730000019073486
11-04-2003,6.75,6.800000190734863,569700,6.8333330154418945,6.796667098999023,6.796667098999023
14-04-2003,6.766666889190674,6.813333034515381,522900,6.866666793823242,6.820000171661377,6.820000171661377
15-04-2003,6.673333168029785,6.803332805633545,701700,6.8333330154418945,6.696667194366455,6.696667194366455
16-04-2003,6.449999809265137,6.699999809265137,1590900,6.710000038146973,6.506667137145996,6.506667137145996
17-04-2003,6.466667175292969,6.466667175292969,592200,6.619999885559082,6.603332996368408,6.603332996368408
21-04-2003,6.586667060852051,6.6666669845581055,484800,6.6666669845581055,6.639999866485596,6.639999866485596
22-04-2003,6.550000190734863,6.5833330154418945,633000,6.696667194366455,6.6666669845581055,6.6666669845581055
23-04-2003,6.6533331871032715,6.670000076293945,891900,6.843332767486572,6.823332786560059,6.823332786560059
24-04-2003,6.77666711807251,6.789999961853027,434400,6.9033331871032715,6.829999923706055,6.829999923706055
25-04-2003,6.733333110809326,6.733333110809326,350400,6.829999923706055,6.769999980926514,6.769999980926514
28-04-2003,6.8333330154418945,6.8333330154418945,734400,6.926667213439941,6.866666793823242,6.866666793823242
29-04-2003,6.733333110809326,6.816667079925537,669000,6.863333225250244,6.809999942779541,6.809999942779541
30-04-2003,6.766666889190674,6.766666889190674,662100,6.9033331871032715,6.873332977294922,6.873332977294922
01-05-2003,6.900000095367432,6.906667232513428,1070100,7.076666831970215,7.00333309173584,7.00333309173584
02-05-2003,6.900000095367432,6.983333110809326,874500,7.02666711807251,6.986667156219482,6.986667156219482
05-05-2003,7.383333206176758,7.5,3612000,7.769999980926514,7.733333110809326,7.733333110809326
06-05-2003,7.766666889190674,7.766666889190674,2080800,7.989999771118164,7.96999979019165,7.96999979019165
07-05-2003,7.860000133514404,7.96999979019165,1377600,8.166666984558105,7.989999771118164,7.989999771118164
08-05-2003,7.949999809265137,8.010000228881836,553800,8.050000190734863,7.986667156219482,7.986667156219482
09-05-2003,7.966667175292969,7.966667175292969,1043100,8.0600004196167,8.0600004196167,8.0600004196167
12-05-2003,8.0,8.023332595825195,1119900,8.076666831970215,8.033332824707031,8.033332824707031
13-05-2003,7.960000038146973,8.0,685500,8.00333309173584,7.993332862854004,7.993332862854004
14-05-2003,7.866666793823242,7.866666793823242,1442100,8.016667366027832,8.00333309173584,8.00333309173584
15-05-2003,7.983333110809326,7.993332862854004,718800,8.046667098999023,8.016667366027832,8.016667366027832
16-05-2003,7.983333110809326,8.0,1923000,8.079999923706055,8.073332786560059,8.073332786560059
19-05-2003,7.956666946411133,8.053333282470703,1594500,8.066666603088379,7.97333288192749,7.97333288192749
20-05-2003,7.936666965484619,7.966667175292969,480000,8.0,7.943333148956299,7.943333148956299
21-05-2003,7.883333206176758,7.966667175292969,909900,7.980000019073486,7.956666946411133,7.956666946411133
22-05-2003,7.923333168029785,7.989999771118164,636000,8.0,8.0,8.0
23-05-2003,7.933332920074463,7.97333288192749,446400,8.033332824707031,8.00333309173584,8.00333309173584
27-05-2003,8.0,8.036666870117188,780000,8.140000343322754,8.066666603088379,8.066666603088379
28-05-2003,8.033332824707031,8.08666706085205,606300,8.08666706085205,8.046667098999023,8.046667098999023
29-05-2003,7.936666965484619,8.029999732971191,511500,8.046667098999023,7.986667156219482,7.986667156219482
30-05-2003,8.016667366027832,8.020000457763672,768300,8.109999656677246,8.083333015441895,8.083333015441895
02-06-2003,8.270000457763672,8.416666984558105,3142500,8.466667175292969,8.300000190734863,8.300000190734863
03-06-2003,8.216667175292969,8.303333282470703,483900,8.329999923706055,8.263333320617676,8.263333320617676
04-06-2003,8.266667366027832,8.326666831970215,1216500,8.446666717529297,8.376667022705078,8.376667022705078
05-06-2003,8.303333282470703,8.333333015441895,516300,8.460000038146973,8.399999618530273,8.399999618530273
06-06-2003,8.426667213439941,8.433333396911621,1067400,8.649999618530273,8.533332824707031,8.533332824707031
09-06-2003,8.506667137145996,8.583333015441895,757800,8.630000114440918,8.510000228881836,8.510000228881836
10-06-2003,8.533332824707031,8.533332824707031,1020300,8.65999984741211,8.566666603088379,8.566666603088379
11-06-2003,8.516667366027832,8.646666526794434,1590900,8.776666641235352,8.75,8.75
12-06-2003,8.633333206176758,8.783332824707031,2662200,8.960000038146973,8.676667213439941,8.676667213439941
13-06-2003,8.600000381469727,8.600000381469727,1390500,8.850000381469727,8.8100004196167,8.8100004196167
16-06-2003,8.783332824707031,8.8100004196167,1040400,8.983332633972168,8.979999542236328,8.979999542236328
17-06-2003,8.899999618530273,8.983332633972168,1904700,9.0,8.91333293914795,8.91333293914795
18-06-2003,8.773332595825195,8.896666526794434,1492200,8.916666984558105,8.803333282470703,8.803333282470703
19-06-2003,8.710000038146973,8.736666679382324,1793700,8.883333206176758,8.829999923706055,8.829999923706055
20-06-2003,8.766667366027832,8.833333015441895,915900,8.916666984558105,8.880000114440918,8.880000114440918
23-06-2003,8.856666564941406,8.866666793823242,947400,8.893333435058594,8.866666793823242,8.866666793823242
24-06-2003,8.819999694824219,8.833333015441895,864000,8.893333435058594,8.866666793823242,8.866666793823242
25-06-2003,8.733332633972168,8.866666793823242,844200,8.91333293914795,8.80666732788086,8.80666732788086
26-06-2003,8.8100004196167,8.829999923706055,654000,8.866666793823242,8.823332786560059,8.823332786560059
27-06-2003,8.75,8.803333282470703,1042500,8.816666603088379,8.8100004196167,8.8100004196167
30-06-2003,8.826666831970215,8.826666831970215,3178500,9.033332824707031,8.926667213439941,8.926667213439941
01-07-2003,8.933333396911621,9.0,2794200,9.140000343322754,9.066666603088379,9.066666603088379
02-07-2003,9.063332557678223,9.069999694824219,2517000,9.199999809265137,9.19333267211914,9.19333267211914
03-07-2003,9.103333473205566,9.166666984558105,588600,9.166666984558105,9.119999885559082,9.119999885559082
07-07-2003,9.050000190734863,9.199999809265137,1087500,9.236666679382324,9.180000305175781,9.180000305175781
08-07-2003,9.116666793823242,9.143333435058594,1037100,9.210000038146973,9.133333206176758,9.133333206176758
09-07-2003,9.029999732971191,9.103333473205566,1538400,9.15666675567627,9.123332977294922,9.123332977294922
10-07-2003,8.90666675567627,9.083333015441895,2255400,9.083333015441895,8.946666717529297,8.946666717529297
11-07-2003,8.923333168029785,8.966667175292969,1296900,8.993332862854004,8.94333267211914,8.94333267211914
14-07-2003,8.936667442321777,9.0,3168600,9.050000190734863,8.993332862854004,8.993332862854004
15-07-2003,9.033332824707031,9.050000190734863,916200,9.123332977294922,9.106666564941406,9.106666564941406
16-07-2003,9.113332748413086,9.130000114440918,2617200,9.449999809265137,9.449999809265137,9.449999809265137
17-07-2003,9.239999771118164,9.41333293914795,1633200,9.416666984558105,9.266667366027832,9.266667366027832
18-07-2003,9.333333015441895,9.333333015441895,1101300,9.449999809265137,9.423333168029785,9.423333168029785
21-07-2003,9.399999618530273,9.449999809265137,1122000,9.583333015441895,9.44333267211914,9.44333267211914
22-07-2003,9.180000305175781,9.483332633972168,1596600,9.486666679382324,9.399999618530273,9.399999618530273
23-07-2003,9.396666526794434,9.433333396911621,917100,9.516667366027832,9.50333309173584,9.50333309173584
24-07-2003,9.383333206176758,9.50333309173584,981000,9.539999961853027,9.456666946411133,9.456666946411133
25-07-2003,9.333333015441895,9.449999809265137,1197300,9.470000267028809,9.470000267028809,9.470000267028809
28-07-2003,9.516667366027832,9.583333015441895,1133400,9.710000038146973,9.58666706085205,9.58666706085205
29-07-2003,9.466667175292969,9.553333282470703,949200,9.649999618530273,9.613332748413086,9.613332748413086
30-07-2003,9.233332633972168,9.616666793823242,2708100,9.616666793823242,9.456666946411133,9.456666946411133
31-07-2003,9.210000038146973,9.489999771118164,826800,9.510000228881836,9.333333015441895,9.333333015441895
01-08-2003,8.533332824707031,9.333333015441895,4304100,9.333333015441895,9.0,9.0
04-08-2003,9.029999732971191,9.029999732971191,1809000,9.196666717529297,9.170000076293945,9.170000076293945
05-08-2003,9.026666641235352,9.199999809265137,2621100,9.199999809265137,9.180000305175781,9.180000305175781
06-08-2003,9.066666603088379,9.166666984558105,1317900,9.24666690826416,9.166666984558105,9.166666984558105
07-08-2003,9.033332824707031,9.166666984558105,1013100,9.346667289733887,9.293333053588867,9.293333053588867
08-08-2003,9.289999961853027,9.289999961853027,1727100,9.633333206176758,9.619999885559082,9.619999885559082
11-08-2003,9.550000190734863,9.619999885559082,1017900,9.75,9.699999809265137,9.699999809265137
12-08-2003,9.640000343322754,9.733332633972168,738300,9.733332633972168,9.65666675567627,9.65666675567627
13-08-2003,9.653332710266113,9.666666984558105,901200,9.75,9.65999984741211,9.65999984741211
14-08-2003,9.533332824707031,9.626667022705078,570000,9.673333168029785,9.666666984558105,9.666666984558105
15-08-2003,9.666666984558105,9.733332633972168,947100,9.886667251586914,9.783332824707031,9.783332824707031
18-08-2003,9.800000190734863,9.800000190734863,1209600,9.946666717529297,9.899999618530273,9.899999618530273
19-08-2003,9.933333396911621,9.983332633972168,1060800,10.050000190734863,10.050000190734863,10.050000190734863
20-08-2003,9.953332901000977,10.0,918300,10.066666603088379,10.00333309173584,10.00333309173584
21-08-2003,9.933333396911621,10.0,1091700,10.066666603088379,9.993332862854004,9.993332862854004
22-08-2003,9.960000038146973,10.033332824707031,766800,10.046667098999023,10.00333309173584,10.00333309173584
25-08-2003,9.80666732788086,9.923333168029785,489300,10.0,9.90999984741211,9.90999984741211
26-08-2003,9.846667289733887,9.876667022705078,659700,9.946666717529297,9.936667442321777,9.936667442321777
27-08-2003,9.883333206176758,9.9399995803833,764700,10.010000228881836,9.956666946411133,9.956666946411133
28-08-2003,9.850000381469727,9.966667175292969,837600,9.973333358764648,9.923333168029785,9.923333168029785
29-08-2003,9.949999809265137,9.949999809265137,1650900,10.133333206176758,10.133333206176758,10.133333206176758
02-09-2003,10.063332557678223,10.133333206176758,1769400,10.333333015441895,10.316666603088379,10.316666603088379
03-09-2003,10.199999809265137,10.329999923706055,1059600,10.329999923706055,10.276666641235352,10.276666641235352
04-09-2003,10.19333267211914,10.19333267211914,2246700,10.363332748413086,10.333333015441895,10.333333015441895
05-09-2003,10.236666679382324,10.300000190734863,659100,10.333333015441895,10.30666732788086,10.30666732788086
08-09-2003,10.220000267028809,10.329999923706055,789900,10.363332748413086,10.326666831970215,10.326666831970215
09-09-2003,10.266667366027832,10.326666831970215,1258200,10.479999542236328,10.350000381469727,10.350000381469727
10-09-2003,10.300000190734863,10.350000381469727,750300,10.433333396911621,10.300000190734863,10.300000190734863
11-09-2003,10.220000267028809,10.25,1159200,10.383333206176758,10.376667022705078,10.376667022705078
12-09-2003,10.289999961853027,10.333333015441895,889500,10.5,10.423333168029785,10.423333168029785
15-09-2003,10.333333015441895,10.533332824707031,888900,10.533332824707031,10.350000381469727,10.350000381469727
16-09-2003,10.286666870117188,10.366666793823242,427500,10.483332633972168,10.44333267211914,10.44333267211914
17-09-2003,10.396666526794434,10.433333396911621,1530300,10.623332977294922,10.5600004196167,10.5600004196167
18-09-2003,10.59333324432373,10.59333324432373,1213500,10.666666984558105,10.666666984558105,10.666666984558105
19-09-2003,10.606666564941406,10.633333206176758,1225800,10.716667175292969,10.649999618530273,10.649999618530273
22-09-2003,10.566666603088379,10.633333206176758,746100,10.633333206176758,10.566666603088379,10.566666603088379
23-09-2003,10.600000381469727,10.600000381469727,1228200,10.800000190734863,10.783332824707031,10.783332824707031
24-09-2003,10.643333435058594,10.75,888000,10.800000190734863,10.643333435058594,10.643333435058594
25-09-2003,10.66333293914795,10.666666984558105,2079900,10.90999984741211,10.833333015441895,10.833333015441895
26-09-2003,10.596667289733887,10.800000190734863,1139100,10.84333324432373,10.600000381469727,10.600000381469727
29-09-2003,10.533332824707031,10.633333206176758,1966500,10.643333435058594,10.630000114440918,10.630000114440918
30-09-2003,10.466667175292969,10.630000114440918,2292000,10.633333206176758,10.609999656677246,10.609999656677246
01-10-2003,10.539999961853027,10.583333015441895,2324400,11.033332824707031,10.983332633972168,10.983332633972168
02-10-2003,10.970000267028809,10.983332633972168,1654500,11.130000114440918,11.020000457763672,11.020000457763672
03-10-2003,11.033332824707031,11.033332824707031,978900,11.316666603088379,11.229999542236328,11.229999542236328
06-10-2003,11.199999809265137,11.233332633972168,698400,11.30666732788086,11.24666690826416,11.24666690826416
07-10-2003,11.206666946411133,11.24666690826416,678300,11.266667366027832,11.233332633972168,11.233332633972168
08-10-2003,11.116666793823242,11.183333396911621,753000,11.226667404174805,11.173333168029785,11.173333168029785
09-10-2003,11.199999809265137,11.199999809265137,708300,11.390000343322754,11.279999732971191,11.279999732971191
10-10-2003,11.270000457763672,11.300000190734863,515400,11.390000343322754,11.316666603088379,11.316666603088379
13-10-2003,11.386667251586914,11.399999618530273,850800,11.5600004196167,11.460000038146973,11.460000038146973
14-10-2003,11.366666793823242,11.466667175292969,883500,11.470000267028809,11.373332977294922,11.373332977294922
15-10-2003,11.393333435058594,11.396666526794434,1071600,11.573332786560059,11.493332862854004,11.493332862854004
16-10-2003,11.5,11.5,1212000,11.649999618530273,11.649999618530273,11.649999618530273
17-10-2003,11.326666831970215,11.66333293914795,1014600,11.66333293914795,11.333333015441895,11.333333015441895
20-10-2003,11.316666603088379,11.350000381469727,986100,11.433333396911621,11.40999984741211,11.40999984741211
21-10-2003,11.380000114440918,11.40999984741211,1097700,11.683333396911621,11.670000076293945,11.670000076293945
22-10-2003,11.456666946411133,11.616666793823242,749100,11.616666793823242,11.466667175292969,11.466667175292969
23-10-2003,11.399999618530273,11.399999618530273,916200,11.600000381469727,11.573332786560059,11.573332786560059
24-10-2003,11.40999984741211,11.600000381469727,1050300,11.600000381469727,11.463333129882812,11.463333129882812
27-10-2003,11.576666831970215,11.576666831970215,948900,11.833333015441895,11.776666641235352,11.776666641235352
28-10-2003,11.710000038146973,11.859999656677246,874800,11.90999984741211,11.716667175292969,11.716667175292969
29-10-2003,11.713333129882812,11.720000267028809,717600,11.91333293914795,11.783332824707031,11.783332824707031
30-10-2003,11.59000015258789,11.783332824707031,1144500,11.786666870117188,11.640000343322754,11.640000343322754
31-10-2003,11.683333396911621,11.699999809265137,500700,11.766667366027832,11.699999809265137,11.699999809265137
03-11-2003,11.75,11.75,5255700,12.963333129882812,12.796667098999023,12.796667098999023
04-11-2003,12.789999961853027,12.796667098999023,1224300,12.930000305175781,12.826666831970215,12.826666831970215
05-11-2003,12.773332595825195,12.793333053588867,951000,12.899999618530273,12.833333015441895,12.833333015441895
06-11-2003,12.816666603088379,12.816666603088379,1485000,12.94333267211914,12.920000076293945,12.920000076293945
07-11-2003,12.880000114440918,12.963333129882812,866400,12.966667175292969,12.916666984558105,12.916666984558105
10-11-2003,12.640000343322754,12.883333206176758,2124000,12.883333206176758,12.69333267211914,12.69333267211914
11-11-2003,12.550000190734863,12.666666984558105,1567800,12.666666984558105,12.600000381469727,12.600000381469727
12-11-2003,12.59000015258789,12.616666793823242,1512300,12.829999923706055,12.766667366027832,12.766667366027832
13-11-2003,12.716667175292969,12.783332824707031,1506000,13.096667289733887,13.066666603088379,13.066666603088379
14-11-2003,13.0,13.0,631500,13.149999618530273,13.006667137145996,13.006667137145996
17-11-2003,12.733332633972168,12.966667175292969,597300,12.970000267028809,12.899999618530273,12.899999618530273
18-11-2003,12.796667098999023,12.933333396911621,429600,12.99666690826416,12.796667098999023,12.796667098999023
19-11-2003,12.653332710266113,12.800000190734863,1201500,12.800000190734863,12.713333129882812,12.713333129882812
20-11-2003,12.516667366027832,12.703332901000977,904500,12.703332901000977,12.520000457763672,12.520000457763672
21-11-2003,11.649999618530273,12.0,4551300,12.213333129882812,12.203332901000977,12.203332901000977
24-11-2003,12.286666870117188,12.286666870117188,1757400,12.453332901000977,12.40999984741211,12.40999984741211
25-11-2003,12.573332786560059,12.583333015441895,1208400,12.816666603088379,12.786666870117188,12.786666870117188
26-11-2003,12.573332786560059,12.786666870117188,933600,12.873332977294922,12.65999984741211,12.65999984741211
28-11-2003,12.646666526794434,12.733332633972168,681000,12.733332633972168,12.726667404174805,12.726667404174805
01-12-2003,12.720000267028809,12.720000267028809,1355700,13.136667251586914,13.09333324432373,13.09333324432373
02-12-2003,13.09000015258789,13.100000381469727,1233000,13.149999618530273,13.116666793823242,13.116666793823242
03-12-2003,13.199999809265137,13.199999809265137,1217100,13.470000267028809,13.333333015441895,13.333333015441895
04-12-2003,13.289999961853027,13.333333015441895,767100,13.33666706085205,13.333333015441895,13.333333015441895
05-12-2003,12.966667175292969,13.266667366027832,651600,13.266667366027832,12.983332633972168,12.983332633972168
08-12-2003,12.8100004196167,13.033332824707031,668400,13.066666603088379,12.893333435058594,12.893333435058594
09-12-2003,12.819999694824219,12.933333396911621,431700,12.936667442321777,12.833333015441895,12.833333015441895
10-12-2003,12.613332748413086,12.850000381469727,389100,12.853333473205566,12.65999984741211,12.65999984741211
11-12-2003,12.596667289733887,12.65999984741211,725400,12.720000267028809,12.666666984558105,12.666666984558105
12-12-2003,12.58666706085205,12.683333396911621,745500,12.706666946411133,12.670000076293945,12.670000076293945
15-12-2003,12.533332824707031,12.75333309173584,537900,12.853333473205566,12.576666831970215,12.576666831970215
16-12-2003,12.293333053588867,12.566666603088379,611400,12.58666706085205,12.426667213439941,12.426667213439941
17-12-2003,12.300000190734863,12.333333015441895,357600,12.5,12.5,12.5
18-12-2003,12.466667175292969,12.466667175292969,590700,12.75,12.733332633972168,12.733332633972168
19-12-2003,12.456666946411133,12.733332633972168,986700,12.793333053588867,12.539999961853027,12.539999961853027
22-12-2003,12.390000343322754,12.5,656100,12.526666641235352,12.420000076293945,12.420000076293945
23-12-2003,12.430000305175781,12.486666679382324,681300,12.583333015441895,12.573332786560059,12.573332786560059
24-12-2003,12.566666603088379,12.576666831970215,354300,12.803333282470703,12.803333282470703,12.803333282470703
26-12-2003,12.716667175292969,12.803333282470703,171000,12.833333015441895,12.789999961853027,12.789999961853027
29-12-2003,12.66333293914795,12.793333053588867,770100,12.823332786560059,12.779999732971191,12.779999732971191
30-12-2003,12.773332595825195,12.779999732971191,1063200,13.096667289733887,13.073332786560059,13.073332786560059
31-12-2003,12.960000038146973,13.133333206176758,576900,13.243332862854004,13.0,13.0
02-01-2004,12.933333396911621,12.949999809265137,906000,13.233332633972168,13.170000076293945,13.170000076293945
05-01-2004,13.170000076293945,13.233332633972168,1731600,13.333333015441895,13.316666603088379,13.316666603088379
06-01-2004,13.053333282470703,13.300000190734863,1440000,13.3100004196167,13.153332710266113,13.153332710266113
07-01-2004,13.029999732971191,13.199999809265137,527100,13.216667175292969,13.100000381469727,13.100000381469727
08-01-2004,12.960000038146973,13.133333206176758,855600,13.153332710266113,13.010000228881836,13.010000228881836
09-01-2004,12.933333396911621,12.983332633972168,526500,13.016667366027832,12.979999542236328,12.979999542236328
12-01-2004,12.819999694824219,12.979999542236328,700200,12.979999542236328,12.863332748413086,12.863332748413086
13-01-2004,12.613332748413086,12.696666717529297,834300,12.850000381469727,12.699999809265137,12.699999809265137
14-01-2004,12.633333206176758,12.633333206176758,1020000,12.74666690826416,12.680000305175781,12.680000305175781
15-01-2004,12.649999618530273,12.75,1224000,12.8100004196167,12.666666984558105,12.666666984558105
16-01-2004,12.713333129882812,12.75,1436100,12.899999618530273,12.876667022705078,12.876667022705078
20-01-2004,12.883333206176758,12.883333206176758,1460700,13.050000190734863,12.983332633972168,12.983332633972168
21-01-2004,13.033332824707031,13.033332824707031,1416300,13.233332633972168,13.233332633972168,13.233332633972168
22-01-2004,13.010000228881836,13.233332633972168,465600,13.233332633972168,13.026666641235352,13.026666641235352
23-01-2004,12.983332633972168,13.109999656677246,544200,13.126667022705078,13.083333015441895,13.083333015441895
26-01-2004,13.0,13.0,1041000,13.116666793823242,13.05666732788086,13.05666732788086
27-01-2004,13.010000228881836,13.023332595825195,1220400,13.399999618530273,13.373332977294922,13.373332977294922
28-01-2004,13.033332824707031,13.393333435058594,1392900,13.399999618530273,13.050000190734863,13.050000190734863
29-01-2004,13.0,13.050000190734863,835200,13.313332557678223,13.313332557678223,13.313332557678223
30-01-2004,13.199999809265137,13.279999732971191,567900,13.396666526794434,13.373332977294922,13.373332977294922
02-02-2004,13.333333015441895,13.333333015441895,1898400,13.779999732971191,13.696666717529297,13.696666717529297
03-02-2004,13.75,13.75,1050900,13.916666984558105,13.819999694824219,13.819999694824219
04-02-2004,13.683333396911621,13.823332786560059,927300,13.829999923706055,13.686667442321777,13.686667442321777
05-02-2004,13.260000228881836,13.666666984558105,1169400,13.696666717529297,13.396666526794434,13.396666526794434
06-02-2004,13.333333015441895,13.363332748413086,678300,13.533332824707031,13.533332824707031,13.533332824707031
09-02-2004,13.453332901000977,13.566666603088379,624000,13.600000381469727,13.5600004196167,13.5600004196167
10-02-2004,13.366666793823242,13.476667404174805,707100,13.50333309173584,13.449999809265137,13.449999809265137
11-02-2004,13.833333015441895,13.833333015441895,3369000,14.466667175292969,14.199999809265137,14.199999809265137
12-02-2004,14.479999542236328,14.5,1853400,14.896666526794434,14.710000038146973,14.710000038146973
13-02-2004,14.713333129882812,14.713333129882812,1569300,15.066666603088379,14.963333129882812,14.963333129882812
17-02-2004,14.976667404174805,15.166666984558105,2492700,15.666666984558105,15.463333129882812,15.463333129882812
18-02-2004,15.216667175292969,15.479999542236328,2131500,15.489999771118164,15.383333206176758,15.383333206176758
19-02-2004,15.216667175292969,15.399999618530273,648300,15.416666984558105,15.220000267028809,15.220000267028809
20-02-2004,14.796667098999023,15.199999809265137,1001100,15.216667175292969,14.983332633972168,14.983332633972168
23-02-2004,14.6899995803833,15.066666603088379,881700,15.079999923706055,14.816666603088379,14.816666603088379
24-02-2004,14.616666793823242,14.816666603088379,877200,14.986666679382324,14.963333129882812,14.963333129882812
25-02-2004,14.873332977294922,14.899999618530273,1001400,15.083333015441895,15.0,15.0
26-02-2004,14.989999771118164,15.083333015441895,485100,15.180000305175781,14.99666690826416,14.99666690826416
27-02-2004,15.046667098999023,15.050000190734863,954300,15.206666946411133,15.170000076293945,15.170000076293945
01-03-2004,15.293333053588867,15.300000190734863,1260900,15.463333129882812,15.449999809265137,15.449999809265137
02-03-2004,15.4399995803833,15.483332633972168,752100,15.583333015441895,15.4399995803833,15.4399995803833
03-03-2004,15.316666603088379,15.416666984558105,676500,15.5,15.329999923706055,15.329999923706055
04-03-2004,15.296667098999023,15.350000381469727,804000,15.40666675567627,15.399999618530273,15.399999618530273
05-03-2004,15.366666793823242,15.399999618530273,1130700,15.543333053588867,15.41333293914795,15.41333293914795
08-03-2004,15.266667366027832,15.426667213439941,665400,15.550000190734863,15.323332786560059,15.323332786560059
09-03-2004,15.069999694824219,15.319999694824219,453600,15.319999694824219,15.116666793823242,15.116666793823242
10-03-2004,14.866666793823242,15.083333015441895,1024800,15.149999618530273,14.946666717529297,14.946666717529297
11-03-2004,14.529999732971191,14.91333293914795,996300,14.91333293914795,14.533332824707031,14.533332824707031
12-03-2004,14.566666603088379,14.566666603088379,1224600,14.783332824707031,14.766667366027832,14.766667366027832
15-03-2004,14.833333015441895,14.833333015441895,1632900,14.956666946411133,14.886667251586914,14.886667251586914
16-03-2004,14.896666526794434,14.916666984558105,984600,14.963333129882812,14.916666984558105,14.916666984558105
17-03-2004,14.850000381469727,14.899999618530273,1204500,15.066666603088379,14.9399995803833,14.9399995803833
18-03-2004,14.833333015441895,14.933333396911621,2223900,15.023332595825195,14.973333358764648,14.973333358764648
19-03-2004,14.989999771118164,15.016667366027832,544200,15.119999885559082,15.0,15.0
22-03-2004,14.706666946411133,15.0,539700,15.0,14.706666946411133,14.706666946411133
23-03-2004,14.703332901000977,14.706666946411133,813000,14.99666690826416,14.983332633972168,14.983332633972168
24-03-2004,14.976667404174805,14.983332633972168,873900,15.100000381469727,15.033332824707031,15.033332824707031
25-03-2004,15.0,15.036666870117188,1695600,15.546667098999023,15.543333053588867,15.543333053588867
26-03-2004,15.403332710266113,15.5,2234100,15.933333396911621,15.800000190734863,15.800000190734863
29-03-2004,15.876667022705078,16.016666412353516,1895100,16.31999969482422,15.930000305175781,15.930000305175781
30-03-2004,15.850000381469727,15.963333129882812,782400,16.01333236694336,15.930000305175781,15.930000305175781
31-03-2004,15.850000381469727,15.99666690826416,1133400,16.049999237060547,15.916666984558105,15.916666984558105
01-04-2004,15.600000381469727,15.866666793823242,1546800,15.920000076293945,15.800000190734863,15.800000190734863
02-04-2004,15.953332901000977,16.149999618530273,936900,16.233333587646484,15.99666690826416,15.99666690826416
05-04-2004,16.0,16.0,1838700,16.183332443237305,16.083332061767578,16.083332061767578
06-04-2004,15.960000038146973,16.066667556762695,1032300,16.066667556762695,15.989999771118164,15.989999771118164
07-04-2004,15.986666679382324,16.0,1407600,16.260000228881836,16.15333366394043,16.15333366394043
08-04-2004,15.983332633972168,16.200000762939453,1539000,16.333332061767578,16.059999465942383,16.059999465942383
12-04-2004,16.126667022705078,16.126667022705078,921900,16.27666664123535,16.176666259765625,16.176666259765625
13-04-2004,15.776666641235352,16.316667556762695,1693200,16.6299991607666,15.850000381469727,15.850000381469727
14-04-2004,15.783332824707031,15.800000190734863,718800,15.979999542236328,15.853333473205566,15.853333473205566
15-04-2004,15.706666946411133,15.936667442321777,1515000,15.936667442321777,15.779999732971191,15.779999732971191
16-04-2004,15.763333320617676,15.796667098999023,1574700,16.233333587646484,16.200000762939453,16.200000762939453
19-04-2004,16.126667022705078,16.333332061767578,816900,16.333332061767578,16.246667861938477,16.246667861938477
20-04-2004,16.18000030517578,16.299999237060547,1359600,16.399999618530273,16.183332443237305,16.183332443237305
21-04-2004,16.21666717529297,16.21666717529297,1422900,16.433332443237305,16.303333282470703,16.303333282470703
22-04-2004,16.303333282470703,16.333332061767578,1111800,16.6299991607666,16.553333282470703,16.553333282470703
23-04-2004,16.47333335876465,16.6299991607666,887100,16.71666717529297,16.649999618530273,16.649999618530273
26-04-2004,16.65999984741211,16.666667938232422,1759800,17.06333351135254,16.676666259765625,16.676666259765625
27-04-2004,16.799999237060547,16.799999237060547,1602600,16.933332443237305,16.8700008392334,16.8700008392334
28-04-2004,16.8700008392334,16.996667861938477,2415300,17.123332977294922,17.049999237060547,17.049999237060547
29-04-2004,16.920000076293945,17.083332061767578,2321700,17.133333206176758,17.083332061767578,17.083332061767578
30-04-2004,16.50666618347168,17.116666793823242,2713800,17.32666778564453,17.03333282470703,17.03333282470703
03-05-2004,16.233333587646484,17.083332061767578,5330700,17.21666717529297,16.593332290649414,16.593332290649414
04-05-2004,16.469999313354492,16.593332290649414,1413300,16.663333892822266,16.540000915527344,16.540000915527344
05-05-2004,16.549999237060547,16.600000381469727,1396200,16.75,16.643333435058594,16.643333435058594
06-05-2004,16.5,16.726667404174805,1070400,16.726667404174805,16.56333351135254,16.56333351135254
07-05-2004,16.510000228881836,16.583332061767578,1446600,16.893333435058594,16.520000457763672,16.520000457763672
10-05-2004,15.619999885559082,16.549999237060547,1385700,16.583332061767578,15.766667366027832,15.766667366027832
11-05-2004,15.850000381469727,15.850000381469727,1974600,16.166667938232422,16.100000381469727,16.100000381469727
12-05-2004,15.466667175292969,16.25,2210400,16.30666732788086,15.960000038146973,15.960000038146973
13-05-2004,15.766667366027832,15.973333358764648,1850400,16.03333282470703,15.84000015258789,15.84000015258789
14-05-2004,15.666666984558105,15.850000381469727,2251800,15.899999618530273,15.69333267211914,15.69333267211914
17-05-2004,15.229999542236328,15.633333206176758,1794000,15.633333206176758,15.363332748413086,15.363332748413086
18-05-2004,15.266667366027832,15.333333015441895,1883700,15.489999771118164,15.416666984558105,15.416666984558105
19-05-2004,15.126667022705078,15.466667175292969,1470900,15.479999542236328,15.216667175292969,15.216667175292969
20-05-2004,15.0600004196167,15.25,912000,15.326666831970215,15.143333435058594,15.143333435058594
21-05-2004,15.133333206176758,15.133333206176758,551400,15.329999923706055,15.266667366027832,15.266667366027832
24-05-2004,15.233332633972168,15.233332633972168,1036500,15.493332862854004,15.329999923706055,15.329999923706055
25-05-2004,15.266667366027832,15.329999923706055,1328700,15.5,15.456666946411133,15.456666946411133
26-05-2004,15.373332977294922,15.456666946411133,752700,15.49666690826416,15.393333435058594,15.393333435058594
27-05-2004,15.206666946411133,15.393333435058594,1857000,15.466667175292969,15.25,15.25
28-05-2004,15.239999771118164,15.399999618530273,1368300,15.533332824707031,15.473333358764648,15.473333358764648
01-06-2004,15.600000381469727,15.600000381469727,2278200,15.880000114440918,15.816666603088379,15.816666603088379
02-06-2004,15.819999694824219,16.0,1617900,16.176666259765625,15.829999923706055,15.829999923706055
03-06-2004,15.59000015258789,15.883333206176758,1647000,15.883333206176758,15.613332748413086,15.613332748413086
04-06-2004,15.666666984558105,15.726667404174805,675000,15.84333324432373,15.75333309173584,15.75333309173584
07-06-2004,15.630000114440918,15.766667366027832,1641300,15.770000457763672,15.733332633972168,15.733332633972168
08-06-2004,15.600000381469727,15.75,1636800,15.75,15.603333473205566,15.603333473205566
09-06-2004,15.25,15.606666564941406,1308300,15.613332748413086,15.283332824707031,15.283332824707031
10-06-2004,14.833333015441895,15.300000190734863,2195400,15.300000190734863,15.133333206176758,15.133333206176758
14-06-2004,15.033332824707031,15.100000381469727,962400,15.116666793823242,15.05666732788086,15.05666732788086
15-06-2004,14.966667175292969,15.016667366027832,1655400,15.143333435058594,15.023332595825195,15.023332595825195
16-06-2004,14.494999885559082,14.824999809265137,1994200,14.975000381469727,14.694999694824219,14.694999694824219
17-06-2004,14.550000190734863,14.694999694824219,1350000,14.755000114440918,14.635000228881836,14.635000228881836
18-06-2004,14.505000114440918,14.510000228881836,1083400,14.720000267028809,14.595000267028809,14.595000267028809
21-06-2004,14.399999618530273,14.550000190734863,2297600,15.050000190734863,14.975000381469727,14.975000381469727
22-06-2004,14.725000381469727,14.994999885559082,1544400,15.0,14.859999656677246,14.859999656677246
23-06-2004,14.805000305175781,14.875,648400,15.050000190734863,14.984999656677246,14.984999656677246
24-06-2004,14.75,14.899999618530273,1030600,15.050000190734863,14.979999542236328,14.979999542236328
25-06-2004,14.949999809265137,14.975000381469727,1258600,15.289999961853027,15.03499984741211,15.03499984741211
28-06-2004,14.654999732971191,15.104999542236328,974800,15.125,14.729999542236328,14.729999542236328
29-06-2004,14.805000305175781,14.805000305175781,735200,15.0,15.0,15.0
30-06-2004,14.899999618530273,15.100000381469727,1791400,15.425000190734863,15.414999961853027,15.414999961853027
01-07-2004,15.03499984741211,15.75,1467000,15.875,15.255000114440918,15.255000114440918
02-07-2004,15.085000038146973,15.449999809265137,576800,15.449999809265137,15.119999885559082,15.119999885559082
06-07-2004,14.774999618530273,15.119999885559082,716200,15.119999885559082,14.885000228881836,14.885000228881836
07-07-2004,14.864999771118164,14.914999961853027,1172600,15.125,15.005000114440918,15.005000114440918
08-07-2004,14.824999809265137,15.130000114440918,1053800,15.140000343322754,14.944999694824219,14.944999694824219
09-07-2004,15.0,15.0,1098600,15.25,15.170000076293945,15.170000076293945
12-07-2004,15.145000457763672,15.225000381469727,968800,15.319999694824219,15.220000267028809,15.220000267028809
13-07-2004,15.220000267028809,15.289999961853027,568400,15.404999732971191,15.399999618530273,15.399999618530273
14-07-2004,15.244999885559082,15.399999618530273,1053600,15.475000381469727,15.369999885559082,15.369999885559082
15-07-2004,15.300000190734863,15.420000076293945,1415200,15.739999771118164,15.699999809265137,15.699999809265137
16-07-2004,15.819999694824219,15.949999809265137,1812000,16.05500030517578,16.024999618530273,16.024999618530273
19-07-2004,15.895000457763672,16.19499969482422,1352400,16.200000762939453,15.975000381469727,15.975000381469727
20-07-2004,15.994999885559082,16.0,1369000,16.139999389648438,16.09000015258789,16.09000015258789
21-07-2004,15.664999961853027,16.21500015258789,1041800,16.21500015258789,15.819999694824219,15.819999694824219
22-07-2004,15.470000267028809,15.699999809265137,1093600,15.75,15.640000343322754,15.640000343322754
23-07-2004,15.09000015258789,15.699999809265137,1169800,15.699999809265137,15.270000457763672,15.270000457763672
26-07-2004,14.274999618530273,15.225000381469727,3492800,15.229999542236328,14.5,14.5
27-07-2004,14.640000343322754,15.0,2443400,15.020000457763672,15.010000228881836,15.010000228881836
28-07-2004,14.675000190734863,15.024999618530273,1465600,15.024999618530273,14.800000190734863,14.800000190734863
29-07-2004,14.664999961853027,14.805000305175781,1010600,15.010000228881836,14.875,14.875
30-07-2004,14.850000381469727,15.0,945600,15.204999923706055,15.1850004196167,15.1850004196167
02-08-2004,14.725000381469727,15.149999618530273,1916200,15.300000190734863,15.0,15.0
03-08-2004,13.0,13.795000076293945,11389200,14.069999694824219,13.760000228881836,13.760000228881836
04-08-2004,13.71500015258789,14.149999618530273,3938600,14.15999984741211,14.010000228881836,14.010000228881836
05-08-2004,13.885000228881836,14.010000228881836,1891000,14.175000190734863,13.979999542236328,13.979999542236328
06-08-2004,13.725000381469727,13.949999809265137,1895000,13.954999923706055,13.779999732971191,13.779999732971191
09-08-2004,13.604999542236328,13.739999771118164,2076200,13.84000015258789,13.6899995803833,13.6899995803833
10-08-2004,13.510000228881836,13.510000228881836,2380800,13.850000381469727,13.774999618530273,13.774999618530273
11-08-2004,13.600000381469727,13.770000457763672,1342200,14.125,14.09000015258789,14.09000015258789
12-08-2004,13.994999885559082,14.324999809265137,1759000,14.354999542236328,14.005000114440918,14.005000114440918
13-08-2004,14.029999732971191,14.055000305175781,1283200,14.220000267028809,14.210000038146973,14.210000038146973
16-08-2004,14.194999694824219,14.199999809265137,1785200,14.550000190734863,14.399999618530273,14.399999618530273
17-08-2004,14.399999618530273,14.5,1098000,14.550000190734863,14.505000114440918,14.505000114440918
18-08-2004,14.34000015258789,14.449999809265137,1367000,14.609999656677246,14.515000343322754,14.515000343322754
19-08-2004,14.395000457763672,14.59000015258789,892800,14.649999618530273,14.425000190734863,14.425000190734863
20-08-2004,14.300000190734863,14.5,945400,14.579999923706055,14.520000457763672,14.520000457763672
23-08-2004,14.204999923706055,14.520000457763672,936200,14.5649995803833,14.239999771118164,14.239999771118164
24-08-2004,14.199999809265137,14.274999618530273,983200,14.380000114440918,14.324999809265137,14.324999809265137
25-08-2004,14.25,14.324999809265137,918600,14.5,14.454999923706055,14.454999923706055
26-08-2004,14.4350004196167,14.579999923706055,871800,14.704999923706055,14.574999809265137,14.574999809265137
27-08-2004,14.600000381469727,14.649999618530273,1430200,15.28499984741211,14.925000190734863,14.925000190734863
30-08-2004,14.755000114440918,14.925000190734863,979800,14.925000190734863,14.829999923706055,14.829999923706055
31-08-2004,14.744999885559082,14.949999809265137,1652400,15.180000305175781,15.154999732971191,15.154999732971191
01-09-2004,14.885000228881836,15.0,1612200,15.050000190734863,14.989999771118164,14.989999771118164
02-09-2004,14.904999732971191,14.949999809265137,612000,15.21500015258789,15.1850004196167,15.1850004196167
03-09-2004,14.960000038146973,15.265000343322754,489000,15.324999809265137,15.029999732971191,15.029999732971191
07-09-2004,14.984999656677246,15.100000381469727,916800,15.149999618530273,15.069999694824219,15.069999694824219
08-09-2004,15.0,15.005000114440918,836400,15.100000381469727,15.024999618530273,15.024999618530273
09-09-2004,14.920000076293945,15.119999885559082,636800,15.1899995803833,15.050000190734863,15.050000190734863
10-09-2004,14.8100004196167,15.125,852400,15.125,14.904999732971191,14.904999732971191
13-09-2004,15.03499984741211,15.125,1084600,15.21500015258789,15.119999885559082,15.119999885559082
14-09-2004,15.149999618530273,15.149999618530273,1446200,15.46500015258789,15.425000190734863,15.425000190734863
15-09-2004,15.300000190734863,15.399999618530273,794400,15.550000190734863,15.484999656677246,15.484999656677246
16-09-2004,15.5,15.675000190734863,787600,15.699999809265137,15.600000381469727,15.600000381469727
17-09-2004,15.494999885559082,15.75,786600,15.75,15.524999618530273,15.524999618530273
20-09-2004,15.420000076293945,15.529999732971191,738400,15.550000190734863,15.515000343322754,15.515000343322754
21-09-2004,15.5,15.595000267028809,585400,15.65999984741211,15.545000076293945,15.545000076293945
22-09-2004,15.414999961853027,15.5649995803833,737400,15.625,15.555000305175781,15.555000305175781
23-09-2004,15.479999542236328,15.654999732971191,765400,15.699999809265137,15.5,15.5
24-09-2004,15.555000305175781,15.574999809265137,568600,15.75,15.6899995803833,15.6899995803833
27-09-2004,15.375,15.640000343322754,505800,15.640000343322754,15.395000457763672,15.395000457763672
28-09-2004,15.385000228881836,15.425000190734863,660400,15.550000190734863,15.520000457763672,15.520000457763672
29-09-2004,15.449999809265137,15.524999618530273,461800,15.5600004196167,15.5,15.5
30-09-2004,15.404999732971191,15.510000228881836,1343200,15.625,15.574999809265137,15.574999809265137
01-10-2004,15.475000381469727,15.475000381469727,852400,15.744999885559082,15.694999694824219,15.694999694824219
04-10-2004,15.59000015258789,15.899999618530273,960000,15.994999885559082,15.725000381469727,15.725000381469727
05-10-2004,15.625,15.725000381469727,993200,16.030000686645508,16.010000228881836,16.010000228881836
06-10-2004,15.755000114440918,16.0,693000,16.174999237060547,15.899999618530273,15.899999618530273
07-10-2004,15.649999618530273,15.824999809265137,719200,15.954999923706055,15.805000305175781,15.805000305175781
08-10-2004,15.699999809265137,15.75,872800,15.890000343322754,15.720000267028809,15.720000267028809
11-10-2004,15.71500015258789,15.770000457763672,469800,15.880000114440918,15.725000381469727,15.725000381469727
12-10-2004,15.600000381469727,15.725000381469727,402200,15.755000114440918,15.694999694824219,15.694999694824219
13-10-2004,15.600000381469727,15.694999694824219,592200,15.770000457763672,15.649999618530273,15.649999618530273
14-10-2004,15.25,15.649999618530273,730400,15.649999618530273,15.489999771118164,15.489999771118164
15-10-2004,15.385000228881836,15.4399995803833,480000,15.625,15.625,15.625
18-10-2004,15.484999656677246,15.550000190734863,475600,15.850000381469727,15.824999809265137,15.824999809265137
19-10-2004,15.329999923706055,15.875,1597600,15.914999961853027,15.5,15.5
20-10-2004,15.449999809265137,15.449999809265137,717800,15.744999885559082,15.704999923706055,15.704999923706055
21-10-2004,15.649999618530273,15.680000305175781,1011800,15.979999542236328,15.890000343322754,15.890000343322754
22-10-2004,15.899999618530273,15.925000190734863,653600,16.059999465942383,15.949999809265137,15.949999809265137
25-10-2004,15.75,15.850000381469727,1277600,16.149999618530273,16.1299991607666,16.1299991607666
26-10-2004,13.755000114440918,14.0,8885600,15.100000381469727,14.699999809265137,14.699999809265137
27-10-2004,14.430000305175781,14.550000190734863,2854800,15.149999618530273,15.100000381469727,15.100000381469727
28-10-2004,14.5,15.0,1857200,15.050000190734863,14.755000114440918,14.755000114440918
29-10-2004,14.524999618530273,14.675000190734863,1842400,14.899999618530273,14.8100004196167,14.8100004196167
01-11-2004,14.800000190734863,14.800000190734863,2436000,15.244999885559082,15.125,15.125
02-11-2004,15.03499984741211,15.149999618530273,2474200,15.350000381469727,15.345000267028809,15.345000267028809
03-11-2004,15.444999694824219,16.450000762939453,5398200,16.450000762939453,15.744999885559082,15.744999885559082
04-11-2004,15.645000457763672,15.744999885559082,2077200,16.0,15.949999809265137,15.949999809265137
05-11-2004,15.960000038146973,16.0,2967400,16.155000686645508,16.100000381469727,16.100000381469727
08-11-2004,16.125,16.225000381469727,2058400,16.440000534057617,16.25,16.25
09-11-2004,16.229999542236328,16.274999618530273,2033200,16.399999618530273,16.229999542236328,16.229999542236328
10-11-2004,16.30500030517578,16.354999542236328,1992800,16.6200008392334,16.450000762939453,16.450000762939453
11-11-2004,16.43000030517578,16.450000762939453,969400,16.545000076293945,16.5,16.5
12-11-2004,16.454999923706055,16.510000228881836,803000,16.684999465942383,16.665000915527344,16.665000915527344
15-11-2004,16.600000381469727,16.649999618530273,743200,16.815000534057617,16.7450008392334,16.7450008392334
16-11-2004,16.40999984741211,16.700000762939453,896600,16.81999969482422,16.524999618530273,16.524999618530273
17-11-2004,16.405000686645508,16.625,505800,16.725000381469727,16.459999084472656,16.459999084472656
18-11-2004,16.475000381469727,16.4950008392334,837400,16.610000610351562,16.5,16.5
19-11-2004,16.31999969482422,16.520000457763672,471800,16.575000762939453,16.385000228881836,16.385000228881836
22-11-2004,16.174999237060547,16.385000228881836,618000,16.545000076293945,16.475000381469727,16.475000381469727
23-11-2004,16.334999084472656,16.405000686645508,925200,16.6200008392334,16.395000457763672,16.395000457763672
24-11-2004,16.200000762939453,16.399999618530273,680000,16.475000381469727,16.395000457763672,16.395000457763672
26-11-2004,16.334999084472656,16.350000381469727,143000,16.469999313354492,16.3799991607666,16.3799991607666
29-11-2004,16.125,16.299999237060547,984000,16.549999237060547,16.375,16.375
30-11-2004,16.30500030517578,16.375,923000,16.610000610351562,16.610000610351562,16.610000610351562
01-12-2004,16.415000915527344,16.524999618530273,1473800,16.625,16.6200008392334,16.6200008392334
02-12-2004,16.625,16.639999389648438,616200,16.850000381469727,16.799999237060547,16.799999237060547
03-12-2004,16.65999984741211,16.834999084472656,777800,16.940000534057617,16.75,16.75
06-12-2004,16.799999237060547,16.799999237060547,6763000,18.600000381469727,18.40999984741211,18.40999984741211
07-12-2004,18.049999237060547,18.75,8131800,18.885000228881836,18.860000610351562,18.860000610351562
08-12-2004,18.475000381469727,18.75,5702000,19.010000228881836,18.795000076293945,18.795000076293945
09-12-2004,18.44499969482422,18.774999618530273,2828600,18.94499969482422,18.920000076293945,18.920000076293945
10-12-2004,18.84000015258789,18.924999237060547,1725400,19.190000534057617,19.149999618530273,19.149999618530273
13-12-2004,19.014999389648438,19.125,2134800,19.44499969482422,19.204999923706055,19.204999923706055
14-12-2004,19.280000686645508,20.549999237060547,7009600,20.549999237060547,19.790000915527344,19.790000915527344
15-12-2004,19.174999237060547,20.299999237060547,3427000,20.299999237060547,19.450000762939453,19.450000762939453
16-12-2004,19.389999389648438,19.575000762939453,1367000,19.594999313354492,19.450000762939453,19.450000762939453
17-12-2004,18.924999237060547,19.5,2928000,19.514999389648438,18.954999923706055,18.954999923706055
20-12-2004,18.850000381469727,19.149999618530273,1500400,19.149999618530273,18.924999237060547,18.924999237060547
21-12-2004,18.864999771118164,18.875,1188400,19.045000076293945,18.94499969482422,18.94499969482422
22-12-2004,19.0,19.024999618530273,3024200,19.46500015258789,19.395000457763672,19.395000457763672
23-12-2004,19.200000762939453,19.4950008392334,1434000,19.5,19.264999389648438,19.264999389648438
27-12-2004,19.1299991607666,19.25,532600,19.44499969482422,19.204999923706055,19.204999923706055
28-12-2004,19.1299991607666,19.25,685800,19.584999084472656,19.53499984741211,19.53499984741211
29-12-2004,19.68000030517578,19.725000381469727,1546600,19.915000915527344,19.799999237060547,19.799999237060547
30-12-2004,19.565000534057617,19.899999618530273,751400,19.934999465942383,19.809999465942383,19.809999465942383
31-12-2004,19.655000686645508,19.850000381469727,584200,19.905000686645508,19.764999389648438,19.764999389648438
03-01-2005,19.600000381469727,19.764999389648438,1511000,19.959999084472656,19.68000030517578,19.68000030517578
04-01-2005,19.704999923706055,19.75,1323200,19.96500015258789,19.7549991607666,19.7549991607666
05-01-2005,19.434999465942383,19.7549991607666,1040800,19.864999771118164,19.649999618530273,19.649999618530273
06-01-2005,19.579999923706055,19.655000686645508,1206400,19.674999237060547,19.6299991607666,19.6299991607666
07-01-2005,19.649999618530273,19.649999618530273,1631200,20.024999618530273,19.934999465942383,19.934999465942383
10-01-2005,19.950000762939453,19.975000381469727,3403400,21.19499969482422,20.850000381469727,20.850000381469727
11-01-2005,20.665000915527344,21.25,1852400,21.280000686645508,20.850000381469727,20.850000381469727
12-01-2005,20.55500030517578,20.854999542236328,1860600,21.19499969482422,20.700000762939453,20.700000762939453
13-01-2005,20.600000381469727,20.799999237060547,1095200,21.079999923706055,20.600000381469727,20.600000381469727
14-01-2005,20.584999084472656,20.604999542236328,1485000,21.010000228881836,21.0,21.0
18-01-2005,20.860000610351562,21.03499984741211,1385600,21.290000915527344,20.9950008392334,20.9950008392334
19-01-2005,20.8700008392334,21.0,835400,21.2450008392334,20.96500015258789,20.96500015258789
20-01-2005,20.665000915527344,21.024999618530273,945200,21.049999237060547,20.71500015258789,20.71500015258789
21-01-2005,20.459999084472656,20.725000381469727,817200,20.799999237060547,20.4950008392334,20.4950008392334
24-01-2005,19.684999465942383,20.420000076293945,2326800,20.424999237060547,20.010000228881836,20.010000228881836
25-01-2005,19.9950008392334,20.0,964800,20.295000076293945,20.235000610351562,20.235000610351562
26-01-2005,20.184999465942383,20.309999465942383,1186200,20.3799991607666,20.299999237060547,20.299999237060547
27-01-2005,20.325000762939453,20.325000762939453,925600,20.700000762939453,20.6200008392334,20.6200008392334
28-01-2005,20.635000228881836,20.795000076293945,2130000,20.8700008392334,20.700000762939453,20.700000762939453
31-01-2005,20.600000381469727,20.774999618530273,1910200,21.0,20.979999542236328,20.979999542236328
01-02-2005,20.940000534057617,21.0,1604600,21.209999084472656,21.075000762939453,21.075000762939453
02-02-2005,20.760000228881836,21.149999618530273,888800,21.200000762939453,20.834999084472656,20.834999084472656
03-02-2005,20.670000076293945,20.8700008392334,947800,20.8700008392334,20.700000762939453,20.700000762939453
04-02-2005,20.579999923706055,20.71500015258789,1678200,20.799999237060547,20.674999237060547,20.674999237060547
07-02-2005,20.584999084472656,20.75,1424200,20.75,20.625,20.625
08-02-2005,20.625,20.674999237060547,1210600,20.790000915527344,20.770000457763672,20.770000457763672
09-02-2005,20.299999237060547,20.5,2621400,21.600000381469727,21.290000915527344,21.290000915527344
10-02-2005,21.3799991607666,21.5,3699400,21.905000686645508,21.625,21.625
11-02-2005,21.6299991607666,21.700000762939453,3916800,21.934999465942383,21.774999618530273,21.774999618530273
14-02-2005,21.78499984741211,21.825000762939453,2181200,22.024999618530273,21.899999618530273,21.899999618530273
15-02-2005,21.549999237060547,21.889999389648438,1165400,21.889999389648438,21.55500030517578,21.55500030517578
16-02-2005,21.315000534057617,21.55500030517578,1469800,21.559999465942383,21.469999313354492,21.469999313354492
17-02-2005,20.604999542236328,21.024999618530273,3199000,21.600000381469727,21.125,21.125
18-02-2005,20.905000686645508,21.0,3263000,21.225000381469727,21.084999084472656,21.084999084472656
22-02-2005,20.5,20.975000381469727,2955000,21.0049991607666,20.69499969482422,20.69499969482422
23-02-2005,20.350000381469727,20.625,2040800,20.834999084472656,20.809999465942383,20.809999465942383
24-02-2005,20.725000381469727,20.809999465942383,1693400,21.219999313354492,21.100000381469727,21.100000381469727
25-02-2005,20.899999618530273,21.040000915527344,1813400,21.325000762939453,21.19499969482422,21.19499969482422
28-02-2005,20.920000076293945,21.125,746800,21.225000381469727,21.1200008392334,21.1200008392334
01-03-2005,21.174999237060547,21.174999237060547,876000,21.395000457763672,21.30500030517578,21.30500030517578
02-03-2005,21.075000762939453,21.125,1146200,21.674999237060547,21.600000381469727,21.600000381469727
03-03-2005,21.575000762939453,21.600000381469727,1921000,22.1200008392334,22.049999237060547,22.049999237060547
04-03-2005,21.725000381469727,22.100000381469727,1354600,22.1299991607666,22.024999618530273,22.024999618530273
07-03-2005,20.950000762939453,21.5,2594000,21.68000030517578,21.049999237060547,21.049999237060547
08-03-2005,20.729999542236328,20.850000381469727,1780800,20.985000610351562,20.854999542236328,20.854999542236328
09-03-2005,20.600000381469727,20.854999542236328,1109600,20.989999771118164,20.854999542236328,20.854999542236328
10-03-2005,20.704999923706055,20.799999237060547,797400,20.90999984741211,20.875,20.875
11-03-2005,20.424999237060547,20.7549991607666,1913600,20.905000686645508,20.510000228881836,20.510000228881836
14-03-2005,20.5,20.549999237060547,2378400,21.139999389648438,21.079999923706055,21.079999923706055
15-03-2005,20.950000762939453,21.0,1069000,21.25,21.135000228881836,21.135000228881836
16-03-2005,20.760000228881836,21.114999771118164,1120800,21.204999923706055,20.885000228881836,20.885000228881836
17-03-2005,20.834999084472656,20.885000228881836,636000,21.100000381469727,20.954999923706055,20.954999923706055
18-03-2005,20.700000762939453,20.975000381469727,577000,21.03499984741211,20.979999542236328,20.979999542236328
21-03-2005,20.639999389648438,20.975000381469727,621400,21.084999084472656,21.03499984741211,21.03499984741211
22-03-2005,20.84000015258789,20.940000534057617,1558600,21.125,20.915000915527344,20.915000915527344
23-03-2005,20.68000030517578,20.899999618530273,1063800,21.05500030517578,21.024999618530273,21.024999618530273
24-03-2005,20.8700008392334,20.975000381469727,1298000,21.075000762939453,20.950000762939453,20.950000762939453
28-03-2005,20.645000457763672,20.700000762939453,639400,20.825000762939453,20.674999237060547,20.674999237060547
29-03-2005,20.520000457763672,20.725000381469727,1282200,20.75,20.6299991607666,20.6299991607666
30-03-2005,20.565000534057617,20.600000381469727,1059800,21.0,20.924999237060547,20.924999237060547
31-03-2005,20.799999237060547,20.924999237060547,623600,21.030000686645508,20.924999237060547,20.924999237060547
01-04-2005,20.985000610351562,21.125,1340400,21.2450008392334,21.0,21.0
04-04-2005,20.905000686645508,21.0,769000,21.045000076293945,21.030000686645508,21.030000686645508
05-04-2005,21.020000457763672,21.03499984741211,727800,21.21500015258789,21.125,21.125
06-04-2005,21.149999618530273,21.219999313354492,2044000,21.375,21.344999313354492,21.344999313354492
07-04-2005,21.299999237060547,21.299999237060547,1071600,21.670000076293945,21.6299991607666,21.6299991607666
08-04-2005,21.43000030517578,21.635000228881836,1446400,21.860000610351562,21.6299991607666,21.6299991607666
11-04-2005,21.709999084472656,21.725000381469727,1383800,21.90999984741211,21.834999084472656,21.834999084472656
12-04-2005,21.7549991607666,21.834999084472656,1166000,22.049999237060547,21.975000381469727,21.975000381469727
13-04-2005,21.594999313354492,21.899999618530273,1188200,21.899999618530273,21.600000381469727,21.600000381469727
14-04-2005,20.979999542236328,21.565000534057617,1304600,21.579999923706055,21.059999465942383,21.059999465942383
15-04-2005,20.684999465942383,21.100000381469727,1051000,21.110000610351562,20.795000076293945,20.795000076293945
18-04-2005,20.649999618530273,20.81999969482422,1153600,20.950000762939453,20.889999389648438,20.889999389648438
19-04-2005,20.399999618530273,20.950000762939453,1904800,21.014999389648438,20.954999923706055,20.954999923706055
20-04-2005,20.549999237060547,20.885000228881836,1399800,20.975000381469727,20.604999542236328,20.604999542236328
21-04-2005,20.350000381469727,20.614999771118164,1533400,20.78499984741211,20.5,20.5
22-04-2005,20.15999984741211,20.565000534057617,1223800,20.600000381469727,20.315000534057617,20.315000534057617
25-04-2005,20.325000762939453,20.325000762939453,1313800,20.524999618530273,20.475000381469727,20.475000381469727
26-04-2005,20.299999237060547,20.375,1385000,20.454999923706055,20.399999618530273,20.399999618530273
27-04-2005,20.104999542236328,20.43000030517578,1488800,20.71500015258789,20.65999984741211,20.65999984741211
28-04-2005,19.575000762939453,20.399999618530273,2500000,20.434999465942383,20.0049991607666,20.0049991607666
29-04-2005,20.0,20.0,1718400,20.30500030517578,20.149999618530273,20.149999618530273
02-05-2005,20.0,20.100000381469727,1448400,20.25,20.079999923706055,20.079999923706055
03-05-2005,20.0,20.09000015258789,1334000,20.219999313354492,20.114999771118164,20.114999771118164
04-05-2005,20.579999923706055,20.625,3855400,21.0049991607666,20.604999542236328,20.604999542236328
05-05-2005,20.440000534057617,20.5,1671000,20.825000762939453,20.75,20.75
06-05-2005,20.510000228881836,20.559999465942383,628000,20.899999618530273,20.75,20.75
09-05-2005,20.625,20.674999237060547,956600,21.270000457763672,21.2549991607666,21.2549991607666
10-05-2005,21.145000457763672,21.264999389648438,1504800,21.469999313354492,21.290000915527344,21.290000915527344
11-05-2005,21.225000381469727,21.235000610351562,758800,21.385000228881836,21.31999969482422,21.31999969482422
12-05-2005,20.94499969482422,21.299999237060547,547000,21.309999465942383,21.059999465942383,21.059999465942383
13-05-2005,20.600000381469727,21.024999618530273,1161400,21.100000381469727,20.829999923706055,20.829999923706055
16-05-2005,20.844999313354492,20.844999313354492,916200,21.040000915527344,20.96500015258789,20.96500015258789
17-05-2005,20.80500030517578,20.989999771118164,751400,21.125,21.125,21.125
18-05-2005,21.094999313354492,21.094999313354492,995800,21.579999923706055,21.3700008392334,21.3700008392334
19-05-2005,21.260000228881836,21.31999969482422,438000,21.600000381469727,21.549999237060547,21.549999237060547
20-05-2005,21.385000228881836,21.510000228881836,1028200,21.80500030517578,21.75,21.75
23-05-2005,21.670000076293945,21.700000762939453,698200,21.985000610351562,21.924999237060547,21.924999237060547
24-05-2005,21.780000686645508,21.875,953200,21.975000381469727,21.844999313354492,21.844999313354492
25-05-2005,21.75,21.915000915527344,852600,21.950000762939453,21.84000015258789,21.84000015258789
26-05-2005,21.815000534057617,21.815000534057617,3288000,22.6200008392334,22.549999237060547,22.549999237060547
27-05-2005,22.459999084472656,22.459999084472656,2320000,23.375,23.045000076293945,23.045000076293945
31-05-2005,22.934999465942383,23.094999313354492,3863400,23.155000686645508,23.030000686645508,23.030000686645508
01-06-2005,22.899999618530273,23.03499984741211,1294200,23.334999084472656,23.209999084472656,23.209999084472656
02-06-2005,23.174999237060547,23.270000457763672,1045800,23.454999923706055,23.30500030517578,23.30500030517578
03-06-2005,23.104999542236328,23.18000030517578,1005000,23.475000381469727,23.125,23.125
06-06-2005,22.899999618530273,23.03499984741211,898600,23.059999465942383,23.0,23.0
07-06-2005,22.940000534057617,22.950000762939453,1005800,23.235000610351562,23.139999389648438,23.139999389648438
08-06-2005,23.110000610351562,23.110000610351562,617600,23.30500030517578,23.290000915527344,23.290000915527344
09-06-2005,22.969999313354492,23.200000762939453,592000,23.25,23.05500030517578,23.05500030517578
10-06-2005,22.75,23.100000381469727,445400,23.100000381469727,22.825000762939453,22.825000762939453
13-06-2005,22.625,22.649999618530273,828800,23.040000915527344,23.024999618530273,23.024999618530273
14-06-2005,22.8799991607666,22.950000762939453,467800,23.1299991607666,23.010000228881836,23.010000228881836
15-06-2005,22.684999465942383,22.959999084472656,424200,22.959999084472656,22.90999984741211,22.90999984741211
16-06-2005,22.725000381469727,22.875,418000,22.934999465942383,22.790000915527344,22.790000915527344
17-06-2005,22.375,22.75,1607600,23.065000534057617,23.05500030517578,23.05500030517578
20-06-2005,22.7549991607666,22.93000030517578,782800,23.375,23.360000610351562,23.360000610351562
21-06-2005,23.014999389648438,23.350000381469727,979600,23.375,23.084999084472656,23.084999084472656
22-06-2005,22.854999542236328,23.139999389648438,759200,23.170000076293945,22.924999237060547,22.924999237060547
23-06-2005,22.5,22.899999618530273,1070000,23.045000076293945,22.545000076293945,22.545000076293945
24-06-2005,22.100000381469727,22.450000762939453,1053200,22.584999084472656,22.204999923706055,22.204999923706055
27-06-2005,22.139999389648438,22.325000762939453,914400,22.46500015258789,22.395000457763672,22.395000457763672
28-06-2005,22.450000762939453,22.575000762939453,740200,23.084999084472656,22.969999313354492,22.969999313354492
29-06-2005,22.829999923706055,22.90999984741211,724400,23.084999084472656,22.875,22.875
30-06-2005,22.68000030517578,23.0,720000,23.045000076293945,22.739999771118164,22.739999771118164
01-07-2005,22.649999618530273,22.774999618530273,611600,22.895000457763672,22.770000457763672,22.770000457763672
05-07-2005,22.684999465942383,22.690000534057617,520200,22.975000381469727,22.899999618530273,22.899999618530273
06-07-2005,22.674999237060547,22.875,614600,23.0,22.850000381469727,22.850000381469727
07-07-2005,22.674999237060547,22.850000381469727,585400,23.125,23.065000534057617,23.065000534057617
08-07-2005,22.924999237060547,23.065000534057617,860600,23.235000610351562,23.21500015258789,23.21500015258789
11-07-2005,23.184999465942383,23.21500015258789,757600,23.594999313354492,23.3799991607666,23.3799991607666
12-07-2005,22.9950008392334,23.5,1119000,23.510000228881836,23.0049991607666,23.0049991607666
13-07-2005,22.450000762939453,22.895000457763672,1488400,22.899999618530273,22.565000534057617,22.565000534057617
14-07-2005,22.395000457763672,22.565000534057617,1219400,22.700000762939453,22.53499984741211,22.53499984741211
15-07-2005,22.204999923706055,22.485000610351562,704400,22.4950008392334,22.43000030517578,22.43000030517578
18-07-2005,22.09000015258789,22.3799991607666,724600,22.450000762939453,22.34000015258789,22.34000015258789
19-07-2005,21.895000457763672,22.395000457763672,1396800,22.450000762939453,22.2450008392334,22.2450008392334
20-07-2005,22.200000762939453,22.219999313354492,760400,22.510000228881836,22.485000610351562,22.485000610351562
21-07-2005,21.924999237060547,22.395000457763672,1052000,22.40999984741211,21.989999771118164,21.989999771118164
22-07-2005,21.489999771118164,21.905000686645508,839000,21.954999923706055,21.799999237060547,21.799999237060547
25-07-2005,21.549999237060547,21.549999237060547,1594800,21.950000762939453,21.639999389648438,21.639999389648438
26-07-2005,21.614999771118164,21.700000762939453,682800,22.024999618530273,21.915000915527344,21.915000915527344
27-07-2005,21.68000030517578,21.860000610351562,733800,22.084999084472656,22.084999084472656,22.084999084472656
28-07-2005,23.0,23.0,3484200,24.174999237060547,23.479999542236328,23.479999542236328
29-07-2005,23.434999465942383,23.479999542236328,1657600,23.75,23.6200008392334,23.6200008392334
01-08-2005,23.649999618530273,23.68000030517578,1206000,23.875,23.704999923706055,23.704999923706055
02-08-2005,23.635000228881836,23.635000228881836,1306800,24.184999465942383,23.889999389648438,23.889999389648438
03-08-2005,23.665000915527344,23.84000015258789,677600,23.959999084472656,23.7450008392334,23.7450008392334
04-08-2005,23.6299991607666,23.75,580800,23.934999465942383,23.6299991607666,23.6299991607666
05-08-2005,23.145000457763672,23.59000015258789,405600,23.6200008392334,23.21500015258789,23.21500015258789
08-08-2005,23.139999389648438,23.225000381469727,382800,23.479999542236328,23.139999389648438,23.139999389648438
09-08-2005,23.094999313354492,23.110000610351562,507000,23.5,23.450000762939453,23.450000762939453
10-08-2005,23.579999923706055,23.600000381469727,805400,23.875,23.770000457763672,23.770000457763672
11-08-2005,23.655000686645508,23.674999237060547,479400,23.924999237060547,23.825000762939453,23.825000762939453
12-08-2005,23.385000228881836,23.700000762939453,346800,23.725000381469727,23.59000015258789,23.59000015258789
15-08-2005,23.524999618530273,23.549999237060547,381200,23.80500030517578,23.770000457763672,23.770000457763672
16-08-2005,23.700000762939453,23.774999618530273,480200,23.94499969482422,23.760000228881836,23.760000228881836
17-08-2005,23.25,23.735000610351562,1333800,23.735000610351562,23.530000686645508,23.530000686645508
18-08-2005,23.459999084472656,23.5,462400,23.639999389648438,23.575000762939453,23.575000762939453
19-08-2005,23.190000534057617,23.610000610351562,418400,23.610000610351562,23.424999237060547,23.424999237060547
22-08-2005,23.200000762939453,23.389999389648438,370000,23.530000686645508,23.424999237060547,23.424999237060547
23-08-2005,23.0,23.399999618530273,829600,23.489999771118164,23.084999084472656,23.084999084472656
24-08-2005,22.354999542236328,23.079999923706055,1719000,23.15999984741211,22.5,22.5
25-08-2005,22.375,22.440000534057617,598200,22.735000610351562,22.575000762939453,22.575000762939453
26-08-2005,21.9950008392334,22.549999237060547,1259200,22.559999465942383,22.274999618530273,22.274999618530273
29-08-2005,22.0,22.174999237060547,840200,22.655000686645508,22.540000915527344,22.540000915527344
30-08-2005,22.350000381469727,22.5,691800,22.844999313354492,22.645000457763672,22.645000457763672
31-08-2005,22.405000686645508,22.579999923706055,644200,22.954999923706055,22.954999923706055,22.954999923706055
01-09-2005,22.915000915527344,22.924999237060547,833200,23.09000015258789,22.9950008392334,22.9950008392334
02-09-2005,22.9950008392334,23.0,1285200,23.274999618530273,23.174999237060547,23.174999237060547
06-09-2005,23.700000762939453,23.700000762939453,2138600,24.114999771118164,23.875,23.875
07-09-2005,23.704999923706055,23.799999237060547,742200,24.0,23.704999923706055,23.704999923706055
08-09-2005,23.3700008392334,23.674999237060547,643200,23.735000610351562,23.424999237060547,23.424999237060547
09-09-2005,23.420000076293945,23.420000076293945,709400,23.774999618530273,23.709999084472656,23.709999084472656
12-09-2005,23.40999984741211,23.5,772800,23.704999923706055,23.65999984741211,23.65999984741211
13-09-2005,23.280000686645508,23.700000762939453,709600,23.75,23.350000381469727,23.350000381469727
14-09-2005,23.135000228881836,23.440000534057617,308200,23.475000381469727,23.239999771118164,23.239999771118164
15-09-2005,23.2450008392334,23.364999771118164,474400,23.649999618530273,23.559999465942383,23.559999465942383
16-09-2005,23.0,23.559999465942383,867000,23.559999465942383,23.0,23.0
19-09-2005,22.924999237060547,23.024999618530273,1202400,23.100000381469727,23.075000762939453,23.075000762939453
20-09-2005,23.024999618530273,23.024999618530273,585600,23.3799991607666,23.329999923706055,23.329999923706055
21-09-2005,23.079999923706055,23.280000686645508,963600,23.350000381469727,23.135000228881836,23.135000228881836
22-09-2005,22.8700008392334,23.135000228881836,595000,23.165000915527344,23.0,23.0
23-09-2005,22.924999237060547,22.924999237060547,735600,23.71500015258789,23.65999984741211,23.65999984741211
26-09-2005,23.299999237060547,23.625,597400,23.649999618530273,23.395000457763672,23.395000457763672
27-09-2005,22.979999542236328,23.399999618530273,766600,23.575000762939453,23.15999984741211,23.15999984741211
28-09-2005,22.71500015258789,23.15999984741211,1419200,23.229999542236328,22.975000381469727,22.975000381469727
29-09-2005,22.75,22.850000381469727,921600,23.100000381469727,23.100000381469727,23.100000381469727
30-09-2005,22.934999465942383,23.049999237060547,670000,23.114999771118164,23.03499984741211,23.03499984741211
03-10-2005,23.030000686645508,23.03499984741211,1862000,24.204999923706055,24.094999313354492,24.094999313354492
04-10-2005,23.90999984741211,24.0,3232400,25.364999771118164,25.200000762939453,25.200000762939453
05-10-2005,24.81999969482422,25.125,1974800,25.155000686645508,25.045000076293945,25.045000076293945
06-10-2005,24.559999465942383,24.979999542236328,1597200,25.145000457763672,24.864999771118164,24.864999771118164
07-10-2005,24.665000915527344,24.950000762939453,823600,25.010000228881836,24.764999389648438,24.764999389648438
10-10-2005,24.21500015258789,24.7450008392334,792000,25.05500030517578,24.290000915527344,24.290000915527344
11-10-2005,24.260000228881836,24.415000915527344,514800,24.559999465942383,24.354999542236328,24.354999542236328
12-10-2005,23.774999618530273,24.549999237060547,967800,24.549999237060547,24.049999237060547,24.049999237060547
13-10-2005,23.610000610351562,24.049999237060547,763800,24.094999313354492,23.940000534057617,23.940000534057617
14-10-2005,23.989999771118164,24.0,1134400,24.34000015258789,24.174999237060547,24.174999237060547
17-10-2005,24.0,24.09000015258789,322400,24.309999465942383,24.290000915527344,24.290000915527344
18-10-2005,24.100000381469727,24.239999771118164,1545000,24.469999313354492,24.405000686645508,24.405000686645508
19-10-2005,24.165000915527344,24.325000762939453,1336000,24.760000228881836,24.665000915527344,24.665000915527344
20-10-2005,24.110000610351562,24.68000030517578,1030600,24.68000030517578,24.350000381469727,24.350000381469727
21-10-2005,23.989999771118164,24.360000610351562,1557600,24.450000762939453,24.149999618530273,24.149999618530273
24-10-2005,23.934999465942383,24.075000762939453,1042600,24.31999969482422,24.219999313354492,24.219999313354492
25-10-2005,23.84000015258789,24.18000030517578,1346400,24.18000030517578,24.110000610351562,24.110000610351562
26-10-2005,24.0,24.110000610351562,1088800,24.25,24.149999618530273,24.149999618530273
27-10-2005,23.875,24.100000381469727,1041600,24.290000915527344,23.969999313354492,23.969999313354492
28-10-2005,23.725000381469727,23.899999618530273,2067000,24.125,23.9950008392334,23.9950008392334
31-10-2005,23.75,23.75,2337200,24.81999969482422,24.59000015258789,24.59000015258789
01-11-2005,24.559999465942383,24.600000381469727,1085000,24.989999771118164,24.950000762939453,24.950000762939453
02-11-2005,24.940000534057617,24.989999771118164,3009400,25.584999084472656,25.5,25.5
03-11-2005,25.950000762939453,26.399999618530273,2394000,26.5049991607666,25.975000381469727,25.975000381469727
04-11-2005,25.645000457763672,26.049999237060547,1292400,26.125,25.809999465942383,25.809999465942383
07-11-2005,25.635000228881836,25.875,499400,25.975000381469727,25.75,25.75
08-11-2005,25.5049991607666,25.764999389648438,643400,25.975000381469727,25.854999542236328,25.854999542236328
09-11-2005,25.024999618530273,25.375,1590800,25.584999084472656,25.579999923706055,25.579999923706055
10-11-2005,25.5049991607666,25.579999923706055,1000000,25.875,25.799999237060547,25.799999237060547
11-11-2005,25.665000915527344,25.71500015258789,619200,26.049999237060547,26.045000076293945,26.045000076293945
14-11-2005,25.920000076293945,26.049999237060547,717600,26.165000915527344,25.989999771118164,25.989999771118164
15-11-2005,25.5049991607666,25.924999237060547,563000,26.06999969482422,25.864999771118164,25.864999771118164
16-11-2005,25.684999465942383,25.924999237060547,763400,26.125,25.725000381469727,25.725000381469727
17-11-2005,25.600000381469727,25.75,1028200,26.415000915527344,26.264999389648438,26.264999389648438
18-11-2005,26.010000228881836,26.389999389648438,513600,26.395000457763672,26.100000381469727,26.100000381469727
21-11-2005,25.959999084472656,26.125,411400,26.219999313354492,26.190000534057617,26.190000534057617
22-11-2005,26.020000457763672,26.125,408000,26.440000534057617,26.334999084472656,26.334999084472656
23-11-2005,26.020000457763672,26.225000381469727,526000,26.399999618530273,26.25,26.25
25-11-2005,26.149999618530273,26.149999618530273,91600,26.375,26.360000610351562,26.360000610351562
28-11-2005,25.975000381469727,26.290000915527344,363200,26.395000457763672,26.0,26.0
29-11-2005,26.040000915527344,26.045000076293945,1916000,26.860000610351562,26.795000076293945,26.795000076293945
30-11-2005,26.165000915527344,26.625,562800,26.764999389648438,26.2450008392334,26.2450008392334
01-12-2005,25.924999237060547,26.174999237060547,940600,26.635000228881836,26.635000228881836,26.635000228881836
02-12-2005,26.549999237060547,26.579999923706055,377200,26.950000762939453,26.69499969482422,26.69499969482422
05-12-2005,26.18000030517578,26.649999618530273,511000,26.649999618530273,26.405000686645508,26.405000686645508
06-12-2005,26.209999084472656,26.40999984741211,793600,26.604999542236328,26.584999084472656,26.584999084472656
07-12-2005,26.360000610351562,26.600000381469727,749800,26.81999969482422,26.700000762939453,26.700000762939453
08-12-2005,26.43000030517578,26.584999084472656,477600,26.670000076293945,26.5,26.5
09-12-2005,26.125,26.485000610351562,812200,26.520000457763672,26.270000457763672,26.270000457763672
12-12-2005,25.799999237060547,26.075000762939453,931200,26.274999618530273,26.264999389648438,26.264999389648438
13-12-2005,25.280000686645508,25.290000915527344,2065600,26.19499969482422,25.920000076293945,25.920000076293945
14-12-2005,25.575000762939453,25.834999084472656,824600,25.860000610351562,25.78499984741211,25.78499984741211
15-12-2005,25.31999969482422,25.6299991607666,1704800,25.735000610351562,25.53499984741211,25.53499984741211
16-12-2005,25.59000015258789,25.594999313354492,1191800,25.934999465942383,25.729999542236328,25.729999542236328
19-12-2005,25.084999084472656,25.729999542236328,1227400,25.829999923706055,25.405000686645508,25.405000686645508
20-12-2005,25.190000534057617,25.299999237060547,894400,25.635000228881836,25.28499984741211,25.28499984741211
21-12-2005,25.25,25.459999084472656,1158400,25.684999465942383,25.3799991607666,25.3799991607666
22-12-2005,25.299999237060547,25.385000228881836,692600,25.520000457763672,25.454999923706055,25.454999923706055
23-12-2005,25.329999923706055,25.450000762939453,328200,25.489999771118164,25.454999923706055,25.454999923706055
27-12-2005,25.165000915527344,25.450000762939453,393200,25.600000381469727,25.219999313354492,25.219999313354492
28-12-2005,25.010000228881836,25.309999465942383,847600,25.364999771118164,25.280000686645508,25.280000686645508
29-12-2005,25.239999771118164,25.264999389648438,555000,25.510000228881836,25.450000762939453,25.450000762939453
30-12-2005,25.155000686645508,25.325000762939453,449200,25.360000610351562,25.31999969482422,25.31999969482422
03-01-2006,25.25,25.31999969482422,1304200,25.815000534057617,25.760000228881836,25.760000228881836
04-01-2006,25.780000686645508,25.825000762939453,1303200,26.5,25.90999984741211,25.90999984741211
05-01-2006,26.729999542236328,27.0,3200800,27.55500030517578,27.125,27.125
06-01-2006,27.209999084472656,27.299999237060547,1737000,27.950000762939453,27.69499969482422,27.69499969482422
09-01-2006,27.270000457763672,27.65999984741211,1204800,27.684999465942383,27.325000762939453,27.325000762939453
10-01-2006,26.954999923706055,27.325000762939453,1369400,27.4950008392334,27.020000457763672,27.020000457763672
11-01-2006,26.950000762939453,27.020000457763672,1248800,27.149999618530273,27.049999237060547,27.049999237060547
12-01-2006,26.975000381469727,27.010000228881836,1076800,27.360000610351562,27.084999084472656,27.084999084472656
13-01-2006,27.059999465942383,27.125,509400,27.450000762939453,27.1200008392334,27.1200008392334
17-01-2006,26.489999771118164,26.950000762939453,1102200,26.975000381469727,26.739999771118164,26.739999771118164
18-01-2006,26.704999923706055,26.71500015258789,1796800,27.280000686645508,27.110000610351562,27.110000610351562
19-01-2006,27.290000915527344,27.364999771118164,1836000,27.594999313354492,27.399999618530273,27.399999618530273
20-01-2006,27.375,27.395000457763672,1381400,27.8700008392334,27.43000030517578,27.43000030517578
23-01-2006,27.209999084472656,27.5,664600,27.665000915527344,27.344999313354492,27.344999313354492
24-01-2006,27.299999237060547,27.299999237060547,1958000,28.049999237060547,28.030000686645508,28.030000686645508
25-01-2006,27.2549991607666,27.940000534057617,2543200,27.989999771118164,27.459999084472656,27.459999084472656
26-01-2006,27.424999237060547,27.53499984741211,1408400,28.03499984741211,27.584999084472656,27.584999084472656
27-01-2006,27.440000534057617,27.709999084472656,1048600,27.90999984741211,27.450000762939453,27.450000762939453
30-01-2006,27.299999237060547,27.600000381469727,1464000,27.610000610351562,27.514999389648438,27.514999389648438
31-01-2006,27.31999969482422,27.59000015258789,1650400,27.655000686645508,27.375,27.375
01-02-2006,27.024999618530273,27.30500030517578,1782200,27.375,27.094999313354492,27.094999313354492
02-02-2006,26.790000915527344,27.0,781800,27.024999618530273,26.889999389648438,26.889999389648438
03-02-2006,26.75,26.889999389648438,774400,26.950000762939453,26.844999313354492,26.844999313354492
06-02-2006,26.385000228881836,26.844999313354492,7888400,29.0049991607666,28.600000381469727,28.600000381469727
07-02-2006,27.139999389648438,28.594999313354492,4708600,28.600000381469727,27.614999771118164,27.614999771118164
08-02-2006,27.514999389648438,27.989999771118164,885600,27.989999771118164,27.600000381469727,27.600000381469727
09-02-2006,27.6200008392334,27.6200008392334,829000,28.059999465942383,27.829999923706055,27.829999923706055
10-02-2006,27.450000762939453,27.899999618530273,925400,27.899999618530273,27.635000228881836,27.635000228881836
13-02-2006,27.440000534057617,27.774999618530273,756800,27.81999969482422,27.739999771118164,27.739999771118164
14-02-2006,27.524999618530273,27.725000381469727,1459400,27.875,27.665000915527344,27.665000915527344
15-02-2006,28.7549991607666,28.799999237060547,4855800,29.969999313354492,29.604999542236328,29.604999542236328
16-02-2006,29.135000228881836,29.604999542236328,1411600,29.6200008392334,29.56999969482422,29.56999969482422
17-02-2006,29.03499984741211,29.03499984741211,1411000,29.524999618530273,29.3799991607666,29.3799991607666
21-02-2006,29.25,29.5049991607666,1494200,29.825000762939453,29.4950008392334,29.4950008392334
22-02-2006,29.2549991607666,29.260000228881836,1088400,29.639999389648438,29.44499969482422,29.44499969482422
23-02-2006,29.25,29.44499969482422,659400,29.475000381469727,29.40999984741211,29.40999984741211
24-02-2006,29.260000228881836,29.415000915527344,857200,29.594999313354492,29.559999465942383,29.559999465942383
27-02-2006,29.270000457763672,29.485000610351562,856600,29.6200008392334,29.53499984741211,29.53499984741211
28-02-2006,29.06999969482422,29.5,1351000,29.549999237060547,29.19499969482422,29.19499969482422
01-03-2006,28.950000762939453,29.219999313354492,964800,29.219999313354492,29.084999084472656,29.084999084472656
02-03-2006,28.959999084472656,29.084999084472656,900200,29.290000915527344,29.18000030517578,29.18000030517578
03-03-2006,29.075000762939453,29.174999237060547,1028400,29.6299991607666,29.260000228881836,29.260000228881836
06-03-2006,28.514999389648438,29.260000228881836,2436600,29.329999923706055,29.079999923706055,29.079999923706055
07-03-2006,28.774999618530273,29.104999542236328,1181000,29.5049991607666,29.139999389648438,29.139999389648438
08-03-2006,28.8799991607666,29.1299991607666,766800,29.229999542236328,29.219999313354492,29.219999313354492
09-03-2006,28.875,29.190000534057617,1075000,29.25,28.950000762939453,28.950000762939453
10-03-2006,28.885000228881836,28.954999923706055,570400,29.155000686645508,29.075000762939453,29.075000762939453
13-03-2006,28.924999237060547,29.125,584200,29.3700008392334,29.25,29.25
14-03-2006,29.209999084472656,29.299999237060547,965800,29.69499969482422,29.549999237060547,29.549999237060547
15-03-2006,29.520000457763672,29.584999084472656,1251200,30.104999542236328,30.049999237060547,30.049999237060547
16-03-2006,29.809999465942383,30.094999313354492,717200,30.174999237060547,30.135000228881836,30.135000228881836
17-03-2006,29.834999084472656,30.225000381469727,828800,30.225000381469727,30.010000228881836,30.010000228881836
20-03-2006,29.75,30.110000610351562,1448200,30.125,29.885000228881836,29.885000228881836
21-03-2006,29.700000762939453,29.799999237060547,1140600,30.045000076293945,29.920000076293945,29.920000076293945
22-03-2006,28.950000762939453,29.795000076293945,2128200,29.825000762939453,29.625,29.625
23-03-2006,29.15999984741211,29.520000457763672,949400,29.520000457763672,29.31999969482422,29.31999969482422
24-03-2006,29.299999237060547,29.375,594400,29.639999389648438,29.540000915527344,29.540000915527344
27-03-2006,29.3799991607666,29.475000381469727,924200,29.899999618530273,29.725000381469727,29.725000381469727
28-03-2006,29.524999618530273,29.674999237060547,1088200,30.190000534057617,30.014999389648438,30.014999389648438
29-03-2006,29.889999389648438,30.049999237060547,1136000,30.235000610351562,30.045000076293945,30.045000076293945
30-03-2006,29.93000030517578,30.1299991607666,899400,30.350000381469727,29.975000381469727,29.975000381469727
31-03-2006,29.934999465942383,30.040000915527344,1159000,30.325000762939453,30.104999542236328,30.104999542236328
03-04-2006,29.079999923706055,30.030000686645508,2363400,30.05500030517578,29.375,29.375
04-04-2006,28.799999237060547,29.375,1261000,29.524999618530273,29.049999237060547,29.049999237060547
05-04-2006,29.059999465942383,29.100000381469727,1059000,29.645000457763672,29.15999984741211,29.15999984741211
06-04-2006,28.815000534057617,29.03499984741211,1157600,29.260000228881836,28.915000915527344,28.915000915527344
07-04-2006,27.860000610351562,28.885000228881836,2347200,29.15999984741211,28.079999923706055,28.079999923706055
10-04-2006,27.209999084472656,27.989999771118164,2168200,28.100000381469727,27.709999084472656,27.709999084472656
11-04-2006,27.28499984741211,27.56999969482422,1434800,27.71500015258789,27.53499984741211,27.53499984741211
12-04-2006,27.5,27.5,694400,28.0,27.795000076293945,27.795000076293945
13-04-2006,27.450000762939453,27.774999618530273,830000,27.875,27.549999237060547,27.549999237060547
17-04-2006,27.280000686645508,27.350000381469727,946200,27.719999313354492,27.579999923706055,27.579999923706055
18-04-2006,26.920000076293945,27.575000762939453,1698200,27.799999237060547,27.290000915527344,27.290000915527344
19-04-2006,27.190000534057617,27.280000686645508,2354400,27.645000457763672,27.524999618530273,27.524999618530273
20-04-2006,27.639999389648438,27.639999389648438,2041600,28.68000030517578,28.395000457763672,28.395000457763672
21-04-2006,28.56999969482422,28.649999618530273,1740600,29.149999618530273,28.809999465942383,28.809999465942383
24-04-2006,28.5,28.854999542236328,583400,28.989999771118164,28.584999084472656,28.584999084472656
25-04-2006,28.05500030517578,29.059999465942383,674800,29.059999465942383,28.25,28.25
26-04-2006,28.149999618530273,28.399999618530273,766000,28.625,28.424999237060547,28.424999237060547
27-04-2006,28.21500015258789,28.424999237060547,1117600,28.625,28.290000915527344,28.290000915527344
28-04-2006,28.040000915527344,28.315000534057617,963800,28.325000762939453,28.1299991607666,28.1299991607666
01-05-2006,27.885000228881836,28.25,930200,28.440000534057617,27.975000381469727,27.975000381469727
02-05-2006,27.315000534057617,27.799999237060547,1282200,28.03499984741211,27.40999984741211,27.40999984741211
03-05-2006,26.75,27.375,3512600,27.799999237060547,27.1200008392334,27.1200008392334
04-05-2006,24.829999923706055,27.040000915527344,9273000,27.114999771118164,25.475000381469727,25.475000381469727
05-05-2006,25.450000762939453,26.235000610351562,7345800,26.709999084472656,26.665000915527344,26.665000915527344
08-05-2006,26.594999313354492,26.665000915527344,1730600,27.135000228881836,26.790000915527344,26.790000915527344
09-05-2006,26.510000228881836,26.889999389648438,2052000,27.024999618530273,26.584999084472656,26.584999084472656
10-05-2006,26.399999618530273,26.510000228881836,870800,26.899999618530273,26.5049991607666,26.5049991607666
11-05-2006,26.0049991607666,26.424999237060547,1376200,26.4950008392334,26.155000686645508,26.155000686645508
12-05-2006,25.899999618530273,26.2450008392334,959600,26.2450008392334,26.100000381469727,26.100000381469727
15-05-2006,25.614999771118164,25.8799991607666,1614000,26.100000381469727,25.975000381469727,25.975000381469727
16-05-2006,25.924999237060547,26.0,1321000,26.5,26.2549991607666,26.2549991607666
17-05-2006,25.94499969482422,26.260000228881836,763600,26.360000610351562,26.145000457763672,26.145000457763672
18-05-2006,26.06999969482422,26.235000610351562,1052600,26.53499984741211,26.235000610351562,26.235000610351562
19-05-2006,25.700000762939453,26.299999237060547,808200,26.329999923706055,25.825000762939453,25.825000762939453
22-05-2006,25.579999923706055,25.825000762939453,1294000,25.860000610351562,25.645000457763672,25.645000457763672
23-05-2006,25.3799991607666,25.735000610351562,1719200,25.899999618530273,25.614999771118164,25.614999771118164
24-05-2006,24.950000762939453,25.610000610351562,1857200,25.71500015258789,25.21500015258789,25.21500015258789
25-05-2006,25.21500015258789,25.21500015258789,1311800,25.799999237060547,25.6299991607666,25.6299991607666
26-05-2006,25.479999542236328,25.649999618530273,756000,25.850000381469727,25.645000457763672,25.645000457763672
30-05-2006,25.28499984741211,25.645000457763672,991600,25.989999771118164,25.670000076293945,25.670000076293945
31-05-2006,25.6200008392334,25.649999618530273,3025000,26.4950008392334,26.479999542236328,26.479999542236328
01-06-2006,25.385000228881836,26.479999542236328,4734600,26.6299991607666,26.354999542236328,26.354999542236328
02-06-2006,26.325000762939453,26.459999084472656,1759600,26.6299991607666,26.350000381469727,26.350000381469727
05-06-2006,25.53499984741211,26.25,1830200,26.25,25.594999313354492,25.594999313354492
06-06-2006,24.815000534057617,25.575000762939453,1712400,25.575000762939453,25.155000686645508,25.155000686645508
07-06-2006,24.924999237060547,25.094999313354492,1201000,25.440000534057617,25.084999084472656,25.084999084472656
08-06-2006,23.875,24.979999542236328,3677200,24.9950008392334,24.450000762939453,24.450000762939453
09-06-2006,24.315000534057617,24.389999389648438,1920600,24.899999618530273,24.5049991607666,24.5049991607666
12-06-2006,23.729999542236328,24.510000228881836,1177000,24.600000381469727,23.795000076293945,23.795000076293945
13-06-2006,23.350000381469727,23.614999771118164,2205800,24.065000534057617,23.799999237060547,23.799999237060547
14-06-2006,23.655000686645508,23.81999969482422,1661600,24.114999771118164,24.104999542236328,24.104999542236328
15-06-2006,24.010000228881836,24.149999618530273,2483600,24.625,24.540000915527344,24.540000915527344
16-06-2006,24.299999237060547,24.524999618530273,1085200,24.7549991607666,24.44499969482422,24.44499969482422
19-06-2006,23.84000015258789,24.44499969482422,1439800,24.579999923706055,23.969999313354492,23.969999313354492
20-06-2006,23.770000457763672,24.0,909600,24.125,23.864999771118164,23.864999771118164
21-06-2006,23.889999389648438,23.90999984741211,2044200,25.114999771118164,25.020000457763672,25.020000457763672
22-06-2006,24.6299991607666,24.959999084472656,1041200,25.075000762939453,24.81999969482422,24.81999969482422
23-06-2006,24.344999313354492,24.770000457763672,1570200,24.770000457763672,24.399999618530273,24.399999618530273
26-06-2006,24.174999237060547,24.325000762939453,1411400,24.399999618530273,24.264999389648438,24.264999389648438
27-06-2006,23.78499984741211,23.78499984741211,644400,24.46500015258789,23.9950008392334,23.9950008392334
28-06-2006,23.655000686645508,24.030000686645508,991800,24.165000915527344,23.899999618530273,23.899999618530273
29-06-2006,23.920000076293945,23.950000762939453,1724000,24.295000076293945,24.200000762939453,24.200000762939453
30-06-2006,24.2450008392334,24.274999618530273,2600400,25.3700008392334,24.850000381469727,24.850000381469727
03-07-2006,24.725000381469727,25.049999237060547,499000,25.049999237060547,24.989999771118164,24.989999771118164
05-07-2006,24.81999969482422,24.985000610351562,1089000,25.155000686645508,25.094999313354492,25.094999313354492
06-07-2006,24.950000762939453,24.950000762939453,754000,25.424999237060547,25.094999313354492,25.094999313354492
07-07-2006,24.579999923706055,25.079999923706055,620600,25.084999084472656,24.674999237060547,24.674999237060547
10-07-2006,24.360000610351562,24.639999389648438,876400,24.729999542236328,24.450000762939453,24.450000762939453
11-07-2006,24.110000610351562,24.3700008392334,1326200,24.399999618530273,24.21500015258789,24.21500015258789
12-07-2006,24.25,24.299999237060547,1090200,24.649999618530273,24.309999465942383,24.309999465942383
13-07-2006,24.014999389648438,24.329999923706055,664400,24.46500015258789,24.15999984741211,24.15999984741211
14-07-2006,24.0049991607666,24.165000915527344,1191400,24.43000030517578,24.40999984741211,24.40999984741211
17-07-2006,24.700000762939453,24.78499984741211,2411000,25.2450008392334,24.764999389648438,24.764999389648438
18-07-2006,24.075000762939453,24.770000457763672,1123600,24.799999237060547,24.600000381469727,24.600000381469727
19-07-2006,24.649999618530273,24.649999618530273,1497600,25.575000762939453,25.43000030517578,25.43000030517578
20-07-2006,25.264999389648438,25.360000610351562,784200,25.719999313354492,25.489999771118164,25.489999771118164
21-07-2006,25.110000610351562,25.530000686645508,719800,25.559999465942383,25.5,25.5
24-07-2006,25.549999237060547,25.584999084472656,1605200,26.389999389648438,25.905000686645508,25.905000686645508
25-07-2006,25.739999771118164,25.950000762939453,1022000,26.3799991607666,26.290000915527344,26.290000915527344
26-07-2006,25.53499984741211,26.274999618530273,1144000,26.30500030517578,25.770000457763672,25.770000457763672
27-07-2006,24.8700008392334,25.80500030517578,2117400,26.079999923706055,25.045000076293945,25.045000076293945
28-07-2006,24.844999313354492,25.174999237060547,1090200,25.21500015258789,25.084999084472656,25.084999084472656
31-07-2006,24.854999542236328,25.020000457763672,636800,25.1200008392334,25.010000228881836,25.010000228881836
01-08-2006,24.450000762939453,25.0,1111200,25.0,24.5049991607666,24.5049991607666
02-08-2006,26.625,27.5,7062800,28.989999771118164,27.15999984741211,27.15999984741211
03-08-2006,27.09000015258789,27.1200008392334,2226800,27.94499969482422,27.5,27.5
04-08-2006,27.610000610351562,27.799999237060547,1303800,28.25,27.94499969482422,27.94499969482422
07-08-2006,27.385000228881836,27.8700008392334,1033600,27.8700008392334,27.770000457763672,27.770000457763672
08-08-2006,27.795000076293945,27.875,791600,28.145000457763672,27.889999389648438,27.889999389648438
09-08-2006,27.559999465942383,27.899999618530273,1050200,27.954999923706055,27.700000762939453,27.700000762939453
10-08-2006,27.674999237060547,27.700000762939453,1702600,28.350000381469727,28.315000534057617,28.315000534057617
11-08-2006,27.75,28.3700008392334,940000,28.44499969482422,28.024999618530273,28.024999618530273
14-08-2006,27.78499984741211,28.049999237060547,1051000,28.155000686645508,27.905000686645508,27.905000686645508
15-08-2006,27.469999313354492,27.959999084472656,1349800,28.0,27.6200008392334,27.6200008392334
16-08-2006,27.719999313354492,27.719999313354492,1130400,27.954999923706055,27.934999465942383,27.934999465942383
17-08-2006,27.790000915527344,27.940000534057617,1329600,28.05500030517578,27.795000076293945,27.795000076293945
18-08-2006,27.639999389648438,27.795000076293945,756800,27.969999313354492,27.799999237060547,27.799999237060547
21-08-2006,27.790000915527344,27.790000915527344,858000,28.104999542236328,28.049999237060547,28.049999237060547
22-08-2006,28.049999237060547,28.049999237060547,1186200,28.469999313354492,28.364999771118164,28.364999771118164
23-08-2006,28.049999237060547,28.399999618530273,852600,28.46500015258789,28.395000457763672,28.395000457763672
24-08-2006,28.200000762939453,28.30500030517578,742200,28.690000534057617,28.690000534057617,28.690000534057617
25-08-2006,28.454999923706055,28.575000762939453,902200,28.875,28.829999923706055,28.829999923706055
28-08-2006,28.799999237060547,28.905000686645508,1683000,29.46500015258789,29.395000457763672,29.395000457763672
29-08-2006,29.125,29.440000534057617,1348800,29.450000762939453,29.354999542236328,29.354999542236328
30-08-2006,29.1200008392334,29.239999771118164,608800,29.405000686645508,29.15999984741211,29.15999984741211
31-08-2006,28.96500015258789,29.104999542236328,826800,29.25,29.18000030517578,29.18000030517578
01-09-2006,28.850000381469727,29.114999771118164,673600,29.239999771118164,28.920000076293945,28.920000076293945
05-09-2006,28.420000076293945,28.799999237060547,1044000,28.799999237060547,28.670000076293945,28.670000076293945
06-09-2006,27.985000610351562,28.375,1727800,28.475000381469727,28.0049991607666,28.0049991607666
07-09-2006,27.44499969482422,27.8799991607666,2360600,27.954999923706055,27.93000030517578,27.93000030517578
08-09-2006,27.885000228881836,27.954999923706055,598200,28.40999984741211,28.15999984741211,28.15999984741211
11-09-2006,27.875,28.135000228881836,659000,28.530000686645508,28.46500015258789,28.46500015258789
12-09-2006,28.350000381469727,28.350000381469727,1529200,29.350000381469727,29.28499984741211,29.28499984741211
13-09-2006,29.200000762939453,29.299999237060547,1190000,29.600000381469727,29.31999969482422,29.31999969482422
14-09-2006,28.93000030517578,29.260000228881836,1306200,29.40999984741211,29.049999237060547,29.049999237060547
15-09-2006,28.565000534057617,29.174999237060547,1244800,29.225000381469727,28.575000762939453,28.575000762939453
18-09-2006,28.104999542236328,28.415000915527344,1304800,28.645000457763672,28.325000762939453,28.325000762939453
19-09-2006,28.28499984741211,28.309999465942383,698600,28.81999969482422,28.729999542236328,28.729999542236328
20-09-2006,28.649999618530273,28.7450008392334,711600,29.219999313354492,28.94499969482422,28.94499969482422
21-09-2006,28.399999618530273,28.924999237060547,798000,28.934999465942383,28.549999237060547,28.549999237060547
22-09-2006,28.325000762939453,28.385000228881836,785000,28.670000076293945,28.489999771118164,28.489999771118164
25-09-2006,28.21500015258789,28.68000030517578,811000,28.795000076293945,28.739999771118164,28.739999771118164
26-09-2006,28.610000610351562,28.739999771118164,1099200,29.309999465942383,29.190000534057617,29.190000534057617
27-09-2006,28.809999465942383,29.19499969482422,810000,29.19499969482422,28.844999313354492,28.844999313354492
28-09-2006,28.5049991607666,28.850000381469727,869800,28.9950008392334,28.834999084472656,28.834999084472656
29-09-2006,28.700000762939453,28.8700008392334,1301800,29.280000686645508,28.934999465942383,28.934999465942383
02-10-2006,28.485000610351562,28.485000610351562,1144800,29.059999465942383,28.725000381469727,28.725000381469727
03-10-2006,28.354999542236328,28.915000915527344,1071600,28.920000076293945,28.565000534057617,28.565000534057617
04-10-2006,28.5049991607666,28.600000381469727,1051200,29.239999771118164,29.209999084472656,29.209999084472656
05-10-2006,29.03499984741211,29.135000228881836,1124400,29.75,29.68000030517578,29.68000030517578
06-10-2006,29.065000534057617,29.68000030517578,1043400,29.68000030517578,29.2450008392334,29.2450008392334
09-10-2006,28.704999923706055,29.25,755800,29.25,28.709999084472656,28.709999084472656
10-10-2006,28.1200008392334,28.649999618530273,1160800,28.739999771118164,28.18000030517578,28.18000030517578
11-10-2006,27.989999771118164,28.18000030517578,1384000,28.30500030517578,28.190000534057617,28.190000534057617
12-10-2006,27.8799991607666,28.010000228881836,1680600,28.239999771118164,28.219999313354492,28.219999313354492
13-10-2006,28.040000915527344,28.204999923706055,671600,28.30500030517578,28.19499969482422,28.19499969482422
16-10-2006,28.1200008392334,28.200000762939453,598000,28.440000534057617,28.440000534057617,28.440000534057617
17-10-2006,27.709999084472656,28.34000015258789,715000,28.34000015258789,28.100000381469727,28.100000381469727
18-10-2006,28.100000381469727,28.200000762939453,674800,28.415000915527344,28.149999618530273,28.149999618530273
19-10-2006,27.950000762939453,28.204999923706055,1960400,29.424999237060547,28.325000762939453,28.325000762939453
20-10-2006,28.079999923706055,28.184999465942383,417400,28.649999618530273,28.604999542236328,28.604999542236328
23-10-2006,28.364999771118164,28.405000686645508,803600,28.950000762939453,28.825000762939453,28.825000762939453
24-10-2006,28.655000686645508,28.825000762939453,1252600,29.079999923706055,28.860000610351562,28.860000610351562
25-10-2006,27.9950008392334,28.860000610351562,861600,28.8799991607666,28.25,28.25
26-10-2006,28.094999313354492,28.350000381469727,703000,28.434999465942383,28.325000762939453,28.325000762939453
27-10-2006,28.0,28.094999313354492,626200,28.364999771118164,28.229999542236328,28.229999542236328
30-10-2006,28.059999465942383,28.204999923706055,915400,28.575000762939453,28.399999618530273,28.399999618530273
31-10-2006,27.729999542236328,28.385000228881836,1646600,28.450000762939453,27.815000534057617,27.815000534057617
01-11-2006,27.100000381469727,28.299999237060547,2410200,28.450000762939453,27.665000915527344,27.665000915527344
02-11-2006,27.174999237060547,27.649999618530273,2202000,27.65999984741211,27.530000686645508,27.530000686645508
03-11-2006,27.03499984741211,27.565000534057617,1080200,27.75,27.075000762939453,27.075000762939453
06-11-2006,27.024999618530273,27.075000762939453,1665000,27.229999542236328,27.200000762939453,27.200000762939453
07-11-2006,26.920000076293945,27.200000762939453,1752800,27.2450008392334,26.950000762939453,26.950000762939453
08-11-2006,26.274999618530273,26.950000762939453,3494600,26.989999771118164,26.479999542236328,26.479999542236328
09-11-2006,26.270000457763672,26.4950008392334,2215200,26.559999465942383,26.299999237060547,26.299999237060547
10-11-2006,26.135000228881836,26.360000610351562,2724800,26.434999465942383,26.274999618530273,26.274999618530273
13-11-2006,26.350000381469727,26.350000381469727,1766400,27.280000686645508,27.125,27.125
14-11-2006,27.184999465942383,27.25,2116200,27.559999465942383,27.350000381469727,27.350000381469727
15-11-2006,27.350000381469727,27.549999237060547,1718800,28.065000534057617,27.895000457763672,27.895000457763672
16-11-2006,26.479999542236328,27.344999313354492,4287200,27.389999389648438,26.545000076293945,26.545000076293945
17-11-2006,25.895000457763672,25.915000915527344,3503000,26.854999542236328,26.6200008392334,26.6200008392334
20-11-2006,26.43000030517578,26.5,2772000,26.739999771118164,26.479999542236328,26.479999542236328
21-11-2006,26.315000534057617,26.399999618530273,2049400,26.649999618530273,26.375,26.375
22-11-2006,26.30500030517578,26.44499969482422,1640400,26.584999084472656,26.540000915527344,26.540000915527344
24-11-2006,26.5,26.5,345600,26.674999237060547,26.600000381469727,26.600000381469727
27-11-2006,26.30500030517578,26.725000381469727,1604600,26.725000381469727,26.350000381469727,26.350000381469727
28-11-2006,25.934999465942383,26.325000762939453,2986800,26.674999237060547,25.94499969482422,25.94499969482422
29-11-2006,25.520000457763672,25.895000457763672,1512200,26.15999984741211,26.1299991607666,26.1299991607666
30-11-2006,25.934999465942383,26.1299991607666,2049800,26.649999618530273,26.604999542236328,26.604999542236328
01-12-2006,26.864999771118164,27.325000762939453,2338200,27.389999389648438,27.075000762939453,27.075000762939453
04-12-2006,27.100000381469727,27.200000762939453,1537000,27.46500015258789,27.229999542236328,27.229999542236328
05-12-2006,26.5049991607666,27.1299991607666,2227000,27.1299991607666,26.885000228881836,26.885000228881836
06-12-2006,26.825000762939453,26.850000381469727,2040600,27.770000457763672,27.735000610351562,27.735000610351562
07-12-2006,27.674999237060547,27.950000762939453,2434800,28.735000610351562,27.799999237060547,27.799999237060547
08-12-2006,27.665000915527344,28.0,1332000,28.1299991607666,27.969999313354492,27.969999313354492
11-12-2006,27.8799991607666,28.104999542236328,1465200,28.225000381469727,27.975000381469727,27.975000381469727
12-12-2006,27.719999313354492,27.8799991607666,778400,28.1299991607666,27.875,27.875
13-12-2006,27.684999465942383,28.0,657800,28.114999771118164,27.725000381469727,27.725000381469727
14-12-2006,27.549999237060547,27.700000762939453,1111000,27.78499984741211,27.709999084472656,27.709999084472656
15-12-2006,27.360000610351562,27.78499984741211,859400,27.790000915527344,27.360000610351562,27.360000610351562
18-12-2006,27.25,27.315000534057617,807800,27.774999618530273,27.770000457763672,27.770000457763672
19-12-2006,27.469999313354492,27.645000457763672,675600,27.725000381469727,27.559999465942383,27.559999465942383
20-12-2006,27.30500030517578,27.479999542236328,1115800,27.844999313354492,27.78499984741211,27.78499984741211
21-12-2006,27.760000228881836,27.774999618530273,679600,28.18000030517578,28.100000381469727,28.100000381469727
22-12-2006,27.989999771118164,28.049999237060547,1088400,28.25,28.174999237060547,28.174999237060547
26-12-2006,28.079999923706055,28.110000610351562,535800,28.3799991607666,28.299999237060547,28.299999237060547
27-12-2006,28.2450008392334,28.4950008392334,651600,28.5,28.364999771118164,28.364999771118164
28-12-2006,28.295000076293945,28.34000015258789,445200,28.485000610351562,28.354999542236328,28.354999542236328
29-12-2006,28.229999542236328,28.25,564200,28.440000534057617,28.440000534057617,28.440000534057617
03-01-2007,27.625,28.350000381469727,1406000,28.549999237060547,27.71500015258789,27.71500015258789
04-01-2007,27.5,27.71500015258789,1024200,27.875,27.7450008392334,27.7450008392334
05-01-2007,27.229999542236328,27.5049991607666,985200,27.6200008392334,27.424999237060547,27.424999237060547
08-01-2007,26.954999923706055,27.399999618530273,1017200,27.405000686645508,27.239999771118164,27.239999771118164
09-01-2007,26.309999465942383,27.059999465942383,2668200,27.25,26.545000076293945,26.545000076293945
10-01-2007,26.135000228881836,26.450000762939453,2146400,26.5,26.165000915527344,26.165000915527344
11-01-2007,26.139999389648438,26.25,3046200,26.420000076293945,26.395000457763672,26.395000457763672
12-01-2007,26.3799991607666,26.395000457763672,1352200,26.950000762939453,26.924999237060547,26.924999237060547
16-01-2007,26.655000686645508,26.850000381469727,1104200,26.950000762939453,26.75,26.75
17-01-2007,26.440000534057617,26.75,1990200,26.75,26.5049991607666,26.5049991607666
18-01-2007,26.479999542236328,26.524999618530273,936400,26.670000076293945,26.524999618530273,26.524999618530273
19-01-2007,26.5,26.514999389648438,1063200,26.875,26.8700008392334,26.8700008392334
22-01-2007,26.575000762939453,26.825000762939453,1266800,26.905000686645508,26.645000457763672,26.645000457763672
23-01-2007,26.209999084472656,26.625,2687600,26.69499969482422,26.274999618530273,26.274999618530273
24-01-2007,25.954999923706055,26.2549991607666,1883000,26.31999969482422,26.1299991607666,26.1299991607666
25-01-2007,25.915000915527344,26.209999084472656,854000,26.2450008392334,26.0,26.0
26-01-2007,25.825000762939453,26.0,1059200,26.084999084472656,25.899999618530273,25.899999618530273
29-01-2007,25.815000534057617,25.899999618530273,1982400,26.2549991607666,26.184999465942383,26.184999465942383
30-01-2007,26.174999237060547,26.190000534057617,2818400,26.934999465942383,26.780000686645508,26.780000686645508
31-01-2007,26.510000228881836,26.655000686645508,3201000,27.375,27.299999237060547,27.299999237060547
01-02-2007,27.1299991607666,27.385000228881836,1303800,27.5049991607666,27.44499969482422,27.44499969482422
02-02-2007,26.850000381469727,27.4950008392334,3234400,27.4950008392334,27.0049991607666,27.0049991607666
05-02-2007,27.0049991607666,27.049999237060547,2096800,27.600000381469727,27.514999389648438,27.514999389648438
06-02-2007,27.360000610351562,27.625,2226400,28.1299991607666,27.5,27.5
07-02-2007,27.325000762939453,27.594999313354492,1293800,27.635000228881836,27.540000915527344,27.540000915527344
08-02-2007,27.350000381469727,27.5,1271400,27.665000915527344,27.450000762939453,27.450000762939453
09-02-2007,27.2450008392334,27.43000030517578,915400,27.549999237060547,27.520000457763672,27.520000457763672
12-02-2007,27.6299991607666,27.645000457763672,2138800,28.19499969482422,28.049999237060547,28.049999237060547
13-02-2007,27.610000610351562,28.125,2390400,28.5,28.280000686645508,28.280000686645508
14-02-2007,28.524999618530273,29.0,3319600,29.200000762939453,28.725000381469727,28.725000381469727
15-02-2007,28.625,28.625,1971800,29.3700008392334,29.270000457763672,29.270000457763672
16-02-2007,28.969999313354492,29.25,2679600,29.389999389648438,29.045000076293945,29.045000076293945
20-02-2007,28.899999618530273,28.924999237060547,1435800,29.239999771118164,29.03499984741211,29.03499984741211
21-02-2007,28.774999618530273,28.950000762939453,1667200,29.030000686645508,28.780000686645508,28.780000686645508
22-02-2007,28.350000381469727,28.399999618530273,2253200,28.700000762939453,28.540000915527344,28.540000915527344
23-02-2007,28.350000381469727,28.540000915527344,1205200,28.559999465942383,28.395000457763672,28.395000457763672
26-02-2007,28.329999923706055,28.459999084472656,892000,28.549999237060547,28.375,28.375
27-02-2007,27.459999084472656,28.34000015258789,1720200,28.34000015258789,27.475000381469727,27.475000381469727
28-02-2007,26.510000228881836,27.299999237060547,2883800,27.53499984741211,27.25,27.25
01-03-2007,26.875,27.25,3032400,27.704999923706055,27.219999313354492,27.219999313354492
02-03-2007,26.4950008392334,27.2450008392334,3387200,27.25,26.604999542236328,26.604999542236328
05-03-2007,26.360000610351562,26.56999969482422,2503600,26.655000686645508,26.479999542236328,26.479999542236328
06-03-2007,26.479999542236328,26.65999984741211,1791400,26.90999984741211,26.860000610351562,26.860000610351562
07-03-2007,26.684999465942383,26.799999237060547,1088600,26.924999237060547,26.75,26.75
08-03-2007,26.725000381469727,26.795000076293945,669800,27.030000686645508,26.764999389648438,26.764999389648438
09-03-2007,26.415000915527344,26.825000762939453,1233400,26.854999542236328,26.5,26.5
12-03-2007,25.375,26.024999618530273,5245600,26.059999465942383,25.770000457763672,25.770000457763672
13-03-2007,25.985000610351562,26.25,4626200,26.80500030517578,26.045000076293945,26.045000076293945
14-03-2007,25.684999465942383,25.954999923706055,2245400,26.225000381469727,26.059999465942383,26.059999465942383
15-03-2007,26.065000534057617,26.084999084472656,2677200,26.420000076293945,26.19499969482422,26.19499969482422
16-03-2007,26.209999084472656,26.299999237060547,1350800,26.540000915527344,26.3799991607666,26.3799991607666
19-03-2007,26.350000381469727,26.415000915527344,1455400,26.479999542236328,26.479999542236328,26.479999542236328
20-03-2007,26.309999465942383,26.530000686645508,2406200,26.670000076293945,26.375,26.375
21-03-2007,26.190000534057617,26.375,2420000,26.760000228881836,26.68000030517578,26.68000030517578
22-03-2007,26.235000610351562,26.235000610351562,1541000,26.809999465942383,26.690000534057617,26.690000534057617
23-03-2007,26.600000381469727,26.645000457763672,1190400,26.725000381469727,26.649999618530273,26.649999618530273
26-03-2007,26.59000015258789,26.719999313354492,1469200,26.799999237060547,26.6200008392334,26.6200008392334
27-03-2007,26.5049991607666,26.625,1041400,26.725000381469727,26.704999923706055,26.704999923706055
28-03-2007,26.364999771118164,26.610000610351562,1478200,26.6200008392334,26.469999313354492,26.469999313354492
29-03-2007,26.225000381469727,26.55500030517578,755800,26.649999618530273,26.34000015258789,26.34000015258789
30-03-2007,26.360000610351562,26.389999389648438,1749400,26.78499984741211,26.65999984741211,26.65999984741211
02-04-2007,26.25,26.44499969482422,1149800,26.604999542236328,26.315000534057617,26.315000534057617
03-04-2007,26.334999084472656,26.354999542236328,1647000,26.75,26.735000610351562,26.735000610351562
04-04-2007,26.559999465942383,26.7450008392334,1887600,27.125,27.09000015258789,27.09000015258789
05-04-2007,27.09000015258789,27.09000015258789,2429400,28.024999618530273,27.985000610351562,27.985000610351562
09-04-2007,27.700000762939453,27.834999084472656,1707800,28.139999389648438,27.985000610351562,27.985000610351562
10-04-2007,27.924999237060547,27.924999237060547,2265600,28.46500015258789,28.040000915527344,28.040000915527344
11-04-2007,27.905000686645508,28.114999771118164,1118800,28.28499984741211,28.239999771118164,28.239999771118164
12-04-2007,27.770000457763672,28.0049991607666,3561600,28.594999313354492,28.469999313354492,28.469999313354492
13-04-2007,28.454999923706055,28.5,2450200,28.75,28.739999771118164,28.739999771118164
16-04-2007,28.334999084472656,28.844999313354492,1820800,28.899999618530273,28.454999923706055,28.454999923706055
17-04-2007,27.709999084472656,28.5,3397400,28.540000915527344,28.079999923706055,28.079999923706055
18-04-2007,27.559999465942383,28.075000762939453,2236200,28.075000762939453,27.635000228881836,27.635000228881836
19-04-2007,27.299999237060547,27.540000915527344,1293000,27.700000762939453,27.5,27.5
20-04-2007,27.125,27.5,2232400,27.530000686645508,27.479999542236328,27.479999542236328
23-04-2007,27.290000915527344,27.53499984741211,1076800,27.540000915527344,27.440000534057617,27.440000534057617
24-04-2007,27.3700008392334,27.4950008392334,1136200,27.674999237060547,27.454999923706055,27.454999923706055
25-04-2007,27.239999771118164,27.5,991600,27.540000915527344,27.30500030517578,27.30500030517578
26-04-2007,27.280000686645508,27.280000686645508,1899800,27.69499969482422,27.56999969482422,27.56999969482422
27-04-2007,27.174999237060547,27.469999313354492,1194600,27.565000534057617,27.235000610351562,27.235000610351562
30-04-2007,27.084999084472656,28.75,5223800,28.75,27.30500030517578,27.30500030517578
01-05-2007,26.75,26.899999618530273,3036800,27.354999542236328,27.34000015258789,27.34000015258789
02-05-2007,27.084999084472656,27.329999923706055,2959000,27.795000076293945,27.645000457763672,27.645000457763672
03-05-2007,27.405000686645508,27.809999465942383,1099600,27.969999313354492,27.44499969482422,27.44499969482422
04-05-2007,27.5,27.524999618530273,822000,27.665000915527344,27.625,27.625
07-05-2007,27.665000915527344,27.665000915527344,1015600,27.84000015258789,27.815000534057617,27.815000534057617
08-05-2007,27.434999465942383,27.709999084472656,1285400,27.75,27.559999465942383,27.559999465942383
09-05-2007,27.399999618530273,27.649999618530273,1297800,27.829999923706055,27.815000534057617,27.815000534057617
10-05-2007,27.100000381469727,27.764999389648438,2092800,27.799999237060547,27.204999923706055,27.204999923706055
11-05-2007,26.700000762939453,27.149999618530273,2480000,27.19499969482422,26.950000762939453,26.950000762939453
14-05-2007,26.709999084472656,27.049999237060547,1351800,27.21500015258789,26.760000228881836,26.760000228881836
15-05-2007,26.03499984741211,26.5049991607666,3972000,26.700000762939453,26.450000762939453,26.450000762939453
16-05-2007,26.274999618530273,26.549999237060547,3284800,26.799999237060547,26.489999771118164,26.489999771118164
17-05-2007,26.485000610351562,26.489999771118164,1964400,26.924999237060547,26.665000915527344,26.665000915527344
18-05-2007,26.454999923706055,26.684999465942383,1524200,26.725000381469727,26.5049991607666,26.5049991607666
21-05-2007,26.415000915527344,26.5,2636000,26.860000610351562,26.565000534057617,26.565000534057617
22-05-2007,26.274999618530273,26.514999389648438,1653800,26.954999923706055,26.920000076293945,26.920000076293945
23-05-2007,26.799999237060547,27.0,1258000,27.059999465942383,27.05500030517578,27.05500030517578
24-05-2007,26.899999618530273,26.975000381469727,1746200,27.155000686645508,27.014999389648438,27.014999389648438
25-05-2007,26.875,27.075000762939453,3143800,27.204999923706055,27.100000381469727,27.100000381469727
29-05-2007,27.135000228881836,27.135000228881836,2782800,27.594999313354492,27.524999618530273,27.524999618530273
30-05-2007,27.264999389648438,27.450000762939453,1831200,27.670000076293945,27.670000076293945,27.670000076293945
31-05-2007,27.5049991607666,27.604999542236328,1407600,27.850000381469727,27.614999771118164,27.614999771118164
01-06-2007,27.649999618530273,27.649999618530273,1487800,28.0,27.975000381469727,27.975000381469727
04-06-2007,27.81999969482422,27.899999618530273,668600,27.9950008392334,27.96500015258789,27.96500015258789
05-06-2007,27.55500030517578,27.885000228881836,2299400,27.96500015258789,27.774999618530273,27.774999618530273
06-06-2007,27.3799991607666,27.774999618530273,1889200,27.774999618530273,27.454999923706055,27.454999923706055
07-06-2007,27.190000534057617,27.389999389648438,1782400,27.46500015258789,27.30500030517578,27.30500030517578
08-06-2007,27.100000381469727,27.309999465942383,954200,27.3799991607666,27.209999084472656,27.209999084472656
11-06-2007,27.100000381469727,27.209999084472656,1034000,27.579999923706055,27.55500030517578,27.55500030517578
12-06-2007,27.229999542236328,27.540000915527344,804200,27.575000762939453,27.309999465942383,27.309999465942383
13-06-2007,26.924999237060547,27.299999237060547,2588000,27.434999465942383,27.395000457763672,27.395000457763672
14-06-2007,27.274999618530273,27.354999542236328,880400,27.655000686645508,27.28499984741211,27.28499984741211
15-06-2007,27.139999389648438,27.44499969482422,819800,27.485000610351562,27.219999313354492,27.219999313354492
18-06-2007,26.770000457763672,27.219999313354492,1717400,27.309999465942383,26.829999923706055,26.829999923706055
19-06-2007,26.690000534057617,26.829999923706055,1321600,26.94499969482422,26.809999465942383,26.809999465942383
20-06-2007,26.475000381469727,26.795000076293945,1851000,27.1200008392334,26.545000076293945,26.545000076293945
21-06-2007,26.350000381469727,26.3700008392334,954000,26.69499969482422,26.600000381469727,26.600000381469727
22-06-2007,26.53499984741211,26.604999542236328,1876800,27.0,26.864999771118164,26.864999771118164
25-06-2007,26.204999923706055,26.69499969482422,2412200,26.8799991607666,26.344999313354492,26.344999313354492
26-06-2007,26.274999618530273,26.399999618530273,1013400,26.520000457763672,26.325000762939453,26.325000762939453
27-06-2007,26.184999465942383,26.225000381469727,1157400,26.440000534057617,26.280000686645508,26.280000686645508
28-06-2007,26.200000762939453,26.280000686645508,1444400,26.90999984741211,26.584999084472656,26.584999084472656
29-06-2007,26.6299991607666,26.649999618530273,1770400,27.09000015258789,26.940000534057617,26.940000534057617
02-07-2007,26.950000762939453,27.05500030517578,1137800,27.274999618530273,27.264999389648438,27.264999389648438
03-07-2007,27.190000534057617,27.225000381469727,379800,27.5049991607666,27.454999923706055,27.454999923706055
05-07-2007,27.520000457763672,27.56999969482422,1172600,27.905000686645508,27.7549991607666,27.7549991607666
06-07-2007,27.84000015258789,27.8700008392334,677800,28.045000076293945,27.875,27.875
09-07-2007,27.399999618530273,27.920000076293945,1325000,28.0,27.40999984741211,27.40999984741211
10-07-2007,26.920000076293945,27.325000762939453,1277200,27.450000762939453,26.975000381469727,26.975000381469727
11-07-2007,26.739999771118164,26.8700008392334,1278200,27.045000076293945,26.969999313354492,26.969999313354492
12-07-2007,26.84000015258789,27.049999237060547,917000,27.079999923706055,26.899999618530273,26.899999618530273
13-07-2007,26.700000762939453,26.809999465942383,1401200,27.594999313354492,27.594999313354492,27.594999313354492
16-07-2007,27.204999923706055,27.549999237060547,666200,27.6299991607666,27.329999923706055,27.329999923706055
17-07-2007,27.110000610351562,27.2549991607666,948400,27.420000076293945,27.165000915527344,27.165000915527344
18-07-2007,25.8700008392334,26.21500015258789,2942400,26.9950008392334,26.795000076293945,26.795000076293945
19-07-2007,26.270000457763672,26.825000762939453,1349000,26.825000762939453,26.524999618530273,26.524999618530273
20-07-2007,26.375,26.424999237060547,3106000,27.475000381469727,26.950000762939453,26.950000762939453
23-07-2007,26.6299991607666,26.94499969482422,1138400,27.125,26.719999313354492,26.719999313354492
24-07-2007,26.28499984741211,26.709999084472656,1054400,26.899999618530273,26.424999237060547,26.424999237060547
25-07-2007,26.424999237060547,26.424999237060547,2733000,27.7450008392334,26.7549991607666,26.7549991607666
26-07-2007,26.104999542236328,26.739999771118164,2421800,26.7450008392334,26.459999084472656,26.459999084472656
27-07-2007,26.139999389648438,26.549999237060547,1634400,26.719999313354492,26.540000915527344,26.540000915527344
30-07-2007,26.55500030517578,26.639999389648438,2070600,27.190000534057617,27.065000534057617,27.065000534057617
31-07-2007,26.469999313354492,27.010000228881836,1419800,27.040000915527344,26.469999313354492,26.469999313354492
01-08-2007,26.165000915527344,26.309999465942383,1805800,26.600000381469727,26.389999389648438,26.389999389648438
02-08-2007,26.299999237060547,26.44499969482422,1404400,26.75,26.584999084472656,26.584999084472656
03-08-2007,27.75,27.924999237060547,8252600,28.950000762939453,27.975000381469727,27.975000381469727
06-08-2007,28.329999923706055,28.40999984741211,3759200,28.989999771118164,28.809999465942383,28.809999465942383
07-08-2007,28.28499984741211,28.5,2346600,29.125,28.81999969482422,28.81999969482422
08-08-2007,27.844999313354492,29.020000457763672,2517800,29.110000610351562,28.3700008392334,28.3700008392334
09-08-2007,27.354999542236328,28.219999313354492,2337400,28.55500030517578,28.475000381469727,28.475000381469727
10-08-2007,27.459999084472656,28.485000610351562,2597200,28.55500030517578,28.165000915527344,28.165000915527344
13-08-2007,27.905000686645508,28.415000915527344,1082000,28.415000915527344,27.920000076293945,27.920000076293945
14-08-2007,27.600000381469727,27.950000762939453,1204800,28.145000457763672,27.75,27.75
15-08-2007,27.09000015258789,27.725000381469727,1358600,27.895000457763672,27.114999771118164,27.114999771118164
16-08-2007,26.649999618530273,26.844999313354492,1487200,27.190000534057617,26.889999389648438,26.889999389648438
17-08-2007,26.684999465942383,27.170000076293945,2006800,27.625,27.114999771118164,27.114999771118164
20-08-2007,27.1200008392334,27.25,895600,27.559999465942383,27.264999389648438,27.264999389648438
21-08-2007,27.1299991607666,27.274999618530273,1091800,27.575000762939453,27.475000381469727,27.475000381469727
22-08-2007,27.274999618530273,27.53499984741211,603200,27.690000534057617,27.635000228881836,27.635000228881836
23-08-2007,27.649999618530273,27.774999618530273,845600,27.96500015258789,27.7450008392334,27.7450008392334
24-08-2007,27.700000762939453,27.71500015258789,643600,28.075000762939453,28.030000686645508,28.030000686645508
27-08-2007,27.854999542236328,28.0,718600,28.204999923706055,27.959999084472656,27.959999084472656
28-08-2007,27.934999465942383,28.0,1181800,28.424999237060547,28.114999771118164,28.114999771118164
29-08-2007,27.889999389648438,28.100000381469727,890000,28.295000076293945,28.174999237060547,28.174999237060547
30-08-2007,28.0,28.104999542236328,1180200,28.71500015258789,28.614999771118164,28.614999771118164
31-08-2007,28.674999237060547,28.834999084472656,1149800,28.905000686645508,28.760000228881836,28.760000228881836
04-09-2007,29.110000610351562,29.399999618530273,2237200,29.604999542236328,29.46500015258789,29.46500015258789
05-09-2007,29.235000610351562,29.235000610351562,1385200,29.545000076293945,29.4950008392334,29.4950008392334
06-09-2007,29.295000076293945,29.405000686645508,1523200,29.7450008392334,29.43000030517578,29.43000030517578
07-09-2007,28.985000610351562,29.385000228881836,1574600,29.459999084472656,29.229999542236328,29.229999542236328
10-09-2007,28.75,29.184999465942383,1966000,29.184999465942383,28.834999084472656,28.834999084472656
11-09-2007,28.915000915527344,29.149999618530273,2477000,30.075000762939453,30.075000762939453,30.075000762939453
12-09-2007,30.135000228881836,30.170000076293945,4262400,31.200000762939453,31.075000762939453,31.075000762939453
13-09-2007,30.850000381469727,31.100000381469727,1575200,31.5,31.0,31.0
14-09-2007,30.834999084472656,30.875,720400,31.06999969482422,31.030000686645508,31.030000686645508
17-09-2007,30.549999237060547,30.850000381469727,1271800,31.0,30.885000228881836,30.885000228881836
18-09-2007,30.625,31.030000686645508,1430400,31.290000915527344,30.774999618530273,30.774999618530273
19-09-2007,30.165000915527344,30.924999237060547,1055600,30.924999237060547,30.334999084472656,30.334999084472656
20-09-2007,30.200000762939453,30.434999465942383,549000,30.565000534057617,30.264999389648438,30.264999389648438
21-09-2007,30.325000762939453,30.325000762939453,753600,30.825000762939453,30.80500030517578,30.80500030517578
24-09-2007,30.295000076293945,30.674999237060547,823600,30.75,30.364999771118164,30.364999771118164
25-09-2007,30.125,30.299999237060547,823800,30.795000076293945,30.760000228881836,30.760000228881836
26-09-2007,30.7450008392334,30.84000015258789,1130600,31.219999313354492,30.809999465942383,30.809999465942383
27-09-2007,30.704999923706055,30.815000534057617,750000,31.0049991607666,30.75,30.75
28-09-2007,30.56999969482422,30.75,1982400,31.610000610351562,31.59000015258789,31.59000015258789
01-10-2007,31.270000457763672,31.469999313354492,1237400,31.719999313354492,31.719999313354492,31.719999313354492
02-10-2007,31.520000457763672,31.799999237060547,821800,31.93000030517578,31.93000030517578,31.93000030517578
03-10-2007,31.825000762939453,32.244998931884766,1014600,32.244998931884766,31.969999313354492,31.969999313354492
04-10-2007,31.604999542236328,31.854999542236328,967600,32.095001220703125,31.690000534057617,31.690000534057617
05-10-2007,31.69499969482422,31.854999542236328,852600,32.185001373291016,32.130001068115234,32.130001068115234
08-10-2007,32.07500076293945,32.244998931884766,766400,32.47999954223633,32.3650016784668,32.3650016784668
09-10-2007,32.20000076293945,32.474998474121094,1470800,32.540000915527344,32.45000076293945,32.45000076293945
10-10-2007,32.5,32.54999923706055,1135000,32.96500015258789,32.779998779296875,32.779998779296875
11-10-2007,32.06999969482422,32.779998779296875,756600,32.779998779296875,32.2400016784668,32.2400016784668
12-10-2007,31.844999313354492,32.11000061035156,605800,32.150001525878906,32.0099983215332,32.0099983215332
15-10-2007,32.025001525878906,32.025001525878906,807200,32.56999969482422,32.494998931884766,32.494998931884766
16-10-2007,32.494998931884766,32.5,782600,32.70500183105469,32.58000183105469,32.58000183105469
17-10-2007,32.625,32.95000076293945,990600,33.20000076293945,33.119998931884766,33.119998931884766
18-10-2007,33.06999969482422,33.18000030517578,1186000,33.720001220703125,33.26499938964844,33.26499938964844
19-10-2007,32.599998474121094,32.9900016784668,1584600,33.244998931884766,32.904998779296875,32.904998779296875
22-10-2007,32.209999084472656,32.67499923706055,891000,32.849998474121094,32.625,32.625
23-10-2007,32.494998931884766,32.5,700800,33.06999969482422,32.974998474121094,32.974998474121094
24-10-2007,32.39500045776367,32.959999084472656,1456600,33.25,32.77000045776367,32.77000045776367
25-10-2007,32.650001525878906,32.650001525878906,612000,33.1150016784668,33.05500030517578,33.05500030517578
26-10-2007,32.005001068115234,33.095001220703125,1556600,33.099998474121094,32.084999084472656,32.084999084472656
29-10-2007,31.790000915527344,32.154998779296875,1170600,32.33000183105469,32.10499954223633,32.10499954223633
30-10-2007,31.764999389648438,32.064998626708984,754400,32.064998626708984,31.899999618530273,31.899999618530273
31-10-2007,31.8799991607666,32.04499816894531,1021000,32.595001220703125,32.595001220703125,32.595001220703125
01-11-2007,32.255001068115234,32.59000015258789,1185800,32.95000076293945,32.724998474121094,32.724998474121094
02-11-2007,29.06999969482422,30.0049991607666,9001000,31.225000381469727,29.75,29.75
05-11-2007,28.8799991607666,29.204999923706055,2835000,29.725000381469727,29.125,29.125
06-11-2007,28.594999313354492,29.0049991607666,2401000,30.020000457763672,29.96500015258789,29.96500015258789
07-11-2007,29.1299991607666,29.395000457763672,1774400,30.315000534057617,29.55500030517578,29.55500030517578
08-11-2007,29.350000381469727,29.424999237060547,2339000,30.420000076293945,30.049999237060547,30.049999237060547
09-11-2007,29.485000610351562,30.15999984741211,1391000,30.15999984741211,29.924999237060547,29.924999237060547
12-11-2007,29.475000381469727,29.780000686645508,1638400,30.075000762939453,29.545000076293945,29.545000076293945
13-11-2007,29.05500030517578,30.040000915527344,1903400,30.040000915527344,29.520000457763672,29.520000457763672
14-11-2007,29.399999618530273,29.940000534057617,1704800,29.940000534057617,29.65999984741211,29.65999984741211
15-11-2007,28.959999084472656,29.635000228881836,1266400,29.809999465942383,29.15999984741211,29.15999984741211
16-11-2007,29.229999542236328,29.434999465942383,1292600,29.899999618530273,29.770000457763672,29.770000457763672
19-11-2007,28.860000610351562,29.954999923706055,3146000,29.954999923706055,29.0,29.0
20-11-2007,28.55500030517578,28.55500030517578,3734600,29.3799991607666,29.0049991607666,29.0049991607666
21-11-2007,28.655000686645508,28.684999465942383,1108800,29.204999923706055,28.875,28.875
23-11-2007,28.950000762939453,28.954999923706055,374600,29.229999542236328,29.155000686645508,29.155000686645508
26-11-2007,29.040000915527344,29.040000915527344,2153400,29.950000762939453,29.854999542236328,29.854999542236328
27-11-2007,29.604999542236328,29.854999542236328,1982400,30.0,29.700000762939453,29.700000762939453
28-11-2007,29.674999237060547,29.674999237060547,1890800,30.360000610351562,30.28499984741211,30.28499984741211
29-11-2007,30.125,30.274999618530273,1393600,31.139999389648438,31.0,31.0
30-11-2007,30.575000762939453,31.43000030517578,3122400,31.43000030517578,30.979999542236328,30.979999542236328
03-12-2007,30.700000762939453,31.18000030517578,2003400,31.18000030517578,30.975000381469727,30.975000381469727
04-12-2007,30.229999542236328,30.625,1845600,30.8700008392334,30.235000610351562,30.235000610351562
05-12-2007,29.780000686645508,30.434999465942383,1872800,30.434999465942383,29.924999237060547,29.924999237060547
06-12-2007,29.860000610351562,30.135000228881836,2244000,30.684999465942383,30.565000534057617,30.565000534057617
07-12-2007,30.459999084472656,30.514999389648438,931600,30.799999237060547,30.55500030517578,30.55500030517578
10-12-2007,29.690000534057617,30.614999771118164,2936000,30.614999771118164,29.75,29.75
11-12-2007,28.739999771118164,29.625,5510000,30.075000762939453,28.770000457763672,28.770000457763672
12-12-2007,28.399999618530273,28.885000228881836,2193600,29.104999542236328,28.459999084472656,28.459999084472656
13-12-2007,28.09000015258789,28.334999084472656,1311000,28.600000381469727,28.600000381469727,28.600000381469727
14-12-2007,27.559999465942383,28.450000762939453,2062800,28.565000534057617,27.815000534057617,27.815000534057617
17-12-2007,26.915000915527344,27.815000534057617,3633200,27.9950008392334,27.860000610351562,27.860000610351562
18-12-2007,28.225000381469727,28.309999465942383,3341800,28.81999969482422,28.4950008392334,28.4950008392334
19-12-2007,28.184999465942383,28.6200008392334,1780800,28.719999313354492,28.56999969482422,28.56999969482422
20-12-2007,28.075000762939453,28.690000534057617,1540600,28.690000534057617,28.204999923706055,28.204999923706055
21-12-2007,28.165000915527344,28.31999969482422,963200,28.4950008392334,28.395000457763672,28.395000457763672
24-12-2007,28.360000610351562,28.360000610351562,278200,28.885000228881836,28.4950008392334,28.4950008392334
26-12-2007,28.229999542236328,28.229999542236328,494000,28.90999984741211,28.864999771118164,28.864999771118164
27-12-2007,28.09000015258789,28.81999969482422,468800,28.81999969482422,28.1299991607666,28.1299991607666
28-12-2007,27.969999313354492,28.350000381469727,624400,28.375,28.0049991607666,28.0049991607666
31-12-2007,27.834999084472656,27.94499969482422,1196800,28.315000534057617,28.174999237060547,28.174999237060547
02-01-2008,27.655000686645508,27.969999313354492,1706600,28.584999084472656,27.7450008392334,27.7450008392334
03-01-2008,27.540000915527344,27.540000915527344,1423800,28.075000762939453,27.80500030517578,27.80500030517578
04-01-2008,27.3700008392334,27.770000457763672,1341600,27.899999618530273,27.46500015258789,27.46500015258789
07-01-2008,27.385000228881836,27.385000228881836,1316800,28.344999313354492,28.299999237060547,28.299999237060547
08-01-2008,28.700000762939453,28.969999313354492,3600800,29.94499969482422,29.315000534057617,29.315000534057617
09-01-2008,29.114999771118164,29.559999465942383,2485400,29.905000686645508,29.395000457763672,29.395000457763672
10-01-2008,29.040000915527344,29.040000915527344,1499000,29.834999084472656,29.614999771118164,29.614999771118164
11-01-2008,29.31999969482422,29.625,1159200,29.709999084472656,29.540000915527344,29.540000915527344
14-01-2008,29.19499969482422,29.540000915527344,882400,30.114999771118164,29.344999313354492,29.344999313354492
15-01-2008,28.770000457763672,29.059999465942383,1170000,29.239999771118164,28.864999771118164,28.864999771118164
16-01-2008,28.475000381469727,28.645000457763672,1403000,28.895000457763672,28.71500015258789,28.71500015258789
17-01-2008,26.915000915527344,28.6200008392334,5005600,28.760000228881836,28.045000076293945,28.045000076293945
18-01-2008,27.454999923706055,28.110000610351562,1767800,28.110000610351562,27.760000228881836,27.760000228881836
22-01-2008,26.149999618530273,26.875,1599600,27.59000015258789,27.225000381469727,27.225000381469727
23-01-2008,26.049999237060547,27.049999237060547,1814000,27.19499969482422,26.854999542236328,26.854999542236328
24-01-2008,26.030000686645508,26.790000915527344,1467400,27.020000457763672,26.375,26.375
25-01-2008,26.049999237060547,26.3799991607666,1163800,26.639999389648438,26.084999084472656,26.084999084472656
28-01-2008,26.229999542236328,26.25,1593400,26.665000915527344,26.635000228881836,26.635000228881836
29-01-2008,26.2549991607666,26.780000686645508,965400,27.020000457763672,26.815000534057617,26.815000534057617
30-01-2008,26.53499984741211,26.6200008392334,613800,27.094999313354492,26.59000015258789,26.59000015258789
31-01-2008,26.200000762939453,26.364999771118164,972800,26.8799991607666,26.71500015258789,26.71500015258789
01-02-2008,26.780000686645508,26.780000686645508,1064600,27.5,27.135000228881836,27.135000228881836
04-02-2008,26.940000534057617,26.940000534057617,572000,27.325000762939453,27.104999542236328,27.104999542236328
05-02-2008,26.290000915527344,26.975000381469727,1062000,27.024999618530273,26.315000534057617,26.315000534057617
06-02-2008,26.43000030517578,26.454999923706055,770800,26.739999771118164,26.5,26.5
07-02-2008,26.1200008392334,26.3700008392334,1336400,26.690000534057617,26.299999237060547,26.299999237060547
08-02-2008,26.06999969482422,26.200000762939453,912800,26.610000610351562,26.299999237060547,26.299999237060547
11-02-2008,26.010000228881836,26.139999389648438,1111000,26.395000457763672,26.299999237060547,26.299999237060547
12-02-2008,26.299999237060547,26.315000534057617,1879600,27.325000762939453,27.0,27.0
13-02-2008,26.735000610351562,26.895000457763672,3385200,27.639999389648438,27.094999313354492,27.094999313354492
14-02-2008,24.469999313354492,24.4950008392334,10504600,26.084999084472656,25.25,25.25
15-02-2008,24.854999542236328,24.954999923706055,4949600,25.69499969482422,25.4950008392334,25.4950008392334
19-02-2008,25.2549991607666,25.559999465942383,2146600,25.610000610351562,25.40999984741211,25.40999984741211
20-02-2008,25.0,25.25,1879400,25.299999237060547,25.209999084472656,25.209999084472656
21-02-2008,25.075000762939453,25.174999237060547,1721200,25.575000762939453,25.420000076293945,25.420000076293945
22-02-2008,25.2450008392334,25.389999389648438,1539600,25.610000610351562,25.5049991607666,25.5049991607666
25-02-2008,25.290000915527344,25.450000762939453,1211600,25.655000686645508,25.469999313354492,25.469999313354492
26-02-2008,25.434999465942383,25.5,1263800,25.6200008392334,25.55500030517578,25.55500030517578
27-02-2008,24.979999542236328,25.5049991607666,3247400,25.5049991607666,25.065000534057617,25.065000534057617
28-02-2008,24.7450008392334,24.84000015258789,1869600,25.28499984741211,25.184999465942383,25.184999465942383
29-02-2008,24.690000534057617,25.010000228881836,1427800,25.040000915527344,24.815000534057617,24.815000534057617
03-03-2008,23.975000381469727,24.469999313354492,3335800,24.6299991607666,24.235000610351562,24.235000610351562
04-03-2008,23.934999465942383,23.950000762939453,2595600,24.639999389648438,24.424999237060547,24.424999237060547
05-03-2008,23.594999313354492,24.344999313354492,3030200,24.594999313354492,23.774999618530273,23.774999618530273
06-03-2008,23.524999618530273,23.75,2483800,23.8799991607666,23.649999618530273,23.649999618530273
07-03-2008,22.924999237060547,23.530000686645508,2280600,23.55500030517578,23.014999389648438,23.014999389648438
10-03-2008,22.795000076293945,22.915000915527344,1589800,23.280000686645508,22.815000534057617,22.815000534057617
11-03-2008,21.649999618530273,22.989999771118164,7010400,23.0,21.850000381469727,21.850000381469727
12-03-2008,22.1200008392334,22.19499969482422,4839200,23.350000381469727,22.875,22.875
13-03-2008,22.0049991607666,22.510000228881836,4391000,22.655000686645508,22.514999389648438,22.514999389648438
14-03-2008,21.864999771118164,22.670000076293945,1933400,22.670000076293945,21.934999465942383,21.934999465942383
17-03-2008,20.93000030517578,21.655000686645508,2431600,21.739999771118164,21.239999771118164,21.239999771118164
18-03-2008,20.959999084472656,21.524999618530273,1938200,22.0,22.0,22.0
19-03-2008,21.475000381469727,22.0,1404800,22.1299991607666,21.600000381469727,21.600000381469727
20-03-2008,21.690000534057617,21.780000686645508,2646000,22.829999923706055,22.6299991607666,22.6299991607666
24-03-2008,21.985000610351562,22.579999923706055,1475600,22.635000228881836,22.094999313354492,22.094999313354492
25-03-2008,22.100000381469727,22.100000381469727,2684600,23.264999389648438,23.174999237060547,23.174999237060547
26-03-2008,23.1200008392334,23.135000228881836,2742400,23.68000030517578,23.579999923706055,23.579999923706055
27-03-2008,23.5049991607666,23.5049991607666,1950000,23.924999237060547,23.78499984741211,23.78499984741211
28-03-2008,23.899999618530273,24.25,3187400,24.844999313354492,23.989999771118164,23.989999771118164
31-03-2008,23.78499984741211,23.950000762939453,1528600,24.135000228881836,23.8799991607666,23.8799991607666
01-04-2008,23.825000762939453,23.825000762939453,1760800,24.34000015258789,24.280000686645508,24.280000686645508
02-04-2008,23.78499984741211,24.354999542236328,2017600,24.415000915527344,23.905000686645508,23.905000686645508
03-04-2008,23.760000228881836,23.764999389648438,1319800,24.030000686645508,23.895000457763672,23.895000457763672
04-04-2008,23.84000015258789,23.94499969482422,1151400,24.174999237060547,24.049999237060547,24.049999237060547
07-04-2008,23.950000762939453,24.0,921400,24.299999237060547,24.075000762939453,24.075000762939453
08-04-2008,23.825000762939453,23.825000762939453,1300400,24.510000228881836,24.209999084472656,24.209999084472656
09-04-2008,24.06999969482422,24.079999923706055,1346200,24.610000610351562,24.43000030517578,24.43000030517578
10-04-2008,24.454999923706055,24.5,1605000,24.94499969482422,24.71500015258789,24.71500015258789
11-04-2008,24.459999084472656,24.5,1808800,25.0,24.825000762939453,24.825000762939453
14-04-2008,24.354999542236328,24.889999389648438,999000,24.905000686645508,24.55500030517578,24.55500030517578
15-04-2008,24.53499984741211,24.584999084472656,911200,24.875,24.780000686645508,24.780000686645508
16-04-2008,24.825000762939453,24.934999465942383,683600,25.239999771118164,25.21500015258789,25.21500015258789
17-04-2008,24.905000686645508,25.139999389648438,842200,25.2549991607666,24.989999771118164,24.989999771118164
18-04-2008,25.135000228881836,25.204999923706055,1104400,25.764999389648438,25.46500015258789,25.46500015258789
21-04-2008,24.959999084472656,25.21500015258789,993000,25.399999618530273,25.0,25.0
22-04-2008,24.78499984741211,25.0,1580000,25.045000076293945,24.864999771118164,24.864999771118164
23-04-2008,24.735000610351562,24.899999618530273,1570600,24.959999084472656,24.795000076293945,24.795000076293945
24-04-2008,24.59000015258789,24.8799991607666,1476000,25.315000534057617,25.045000076293945,25.045000076293945
25-04-2008,24.875,25.1200008392334,1863400,25.299999237060547,24.950000762939453,24.950000762939453
28-04-2008,24.885000228881836,25.125,1266600,25.165000915527344,25.1299991607666,25.1299991607666
29-04-2008,25.114999771118164,25.264999389648438,2133200,25.850000381469727,25.3799991607666,25.3799991607666
30-04-2008,25.1299991607666,25.1299991607666,4249800,27.43000030517578,26.204999923706055,26.204999923706055
01-05-2008,25.899999618530273,26.209999084472656,1401600,26.524999618530273,26.225000381469727,26.225000381469727
02-05-2008,26.110000610351562,26.485000610351562,997200,26.485000610351562,26.114999771118164,26.114999771118164
05-05-2008,25.950000762939453,25.950000762939453,1830400,26.78499984741211,26.625,26.625
06-05-2008,25.774999618530273,26.625,2147400,26.625,26.110000610351562,26.110000610351562
07-05-2008,25.735000610351562,25.885000228881836,1624000,26.2549991607666,25.790000915527344,25.790000915527344
08-05-2008,25.78499984741211,25.78499984741211,790800,26.15999984741211,25.905000686645508,25.905000686645508
09-05-2008,25.610000610351562,25.809999465942383,915600,26.065000534057617,25.934999465942383,25.934999465942383
12-05-2008,25.549999237060547,25.899999618530273,884600,25.934999465942383,25.75,25.75
13-05-2008,25.0,25.709999084472656,1814800,25.709999084472656,25.170000076293945,25.170000076293945
14-05-2008,25.030000686645508,25.405000686645508,808600,25.639999389648438,25.280000686645508,25.280000686645508
15-05-2008,25.024999618530273,25.174999237060547,1227000,25.815000534057617,25.545000076293945,25.545000076293945
16-05-2008,25.44499969482422,25.459999084472656,1132800,26.0,25.915000915527344,25.915000915527344
19-05-2008,25.71500015258789,26.0,888800,26.145000457763672,25.9950008392334,25.9950008392334
20-05-2008,25.549999237060547,25.834999084472656,443000,26.040000915527344,25.795000076293945,25.795000076293945
21-05-2008,25.81999969482422,25.844999313354492,537600,26.3700008392334,25.985000610351562,25.985000610351562
22-05-2008,25.780000686645508,25.915000915527344,717600,26.295000076293945,26.030000686645508,26.030000686645508
23-05-2008,25.600000381469727,26.059999465942383,723600,26.174999237060547,25.69499969482422,25.69499969482422
27-05-2008,25.565000534057617,25.71500015258789,575400,26.079999923706055,26.065000534057617,26.065000534057617
28-05-2008,25.825000762939453,26.049999237060547,355200,26.145000457763672,25.940000534057617,25.940000534057617
29-05-2008,25.84000015258789,26.059999465942383,662600,26.209999084472656,25.864999771118164,25.864999771118164
30-05-2008,25.770000457763672,25.940000534057617,756800,26.0,25.940000534057617,25.940000534057617
02-06-2008,25.875,26.010000228881836,1482400,26.239999771118164,26.05500030517578,26.05500030517578
03-06-2008,25.834999084472656,26.334999084472656,1374600,26.479999542236328,26.040000915527344,26.040000915527344
04-06-2008,25.8700008392334,25.9950008392334,707000,26.049999237060547,25.924999237060547,25.924999237060547
05-06-2008,25.809999465942383,26.06999969482422,1236800,26.165000915527344,25.895000457763672,25.895000457763672
06-06-2008,25.19499969482422,25.665000915527344,1029400,25.81999969482422,25.209999084472656,25.209999084472656
09-06-2008,24.834999084472656,25.209999084472656,1205600,25.225000381469727,24.889999389648438,24.889999389648438
10-06-2008,24.739999771118164,24.739999771118164,1736600,25.075000762939453,24.844999313354492,24.844999313354492
11-06-2008,24.75,24.854999542236328,1258000,25.0049991607666,24.795000076293945,24.795000076293945
12-06-2008,24.524999618530273,24.71500015258789,1272800,24.934999465942383,24.670000076293945,24.670000076293945
13-06-2008,24.764999389648438,24.774999618530273,1560400,25.235000610351562,25.235000610351562,25.235000610351562
16-06-2008,24.829999923706055,25.084999084472656,931600,25.270000457763672,25.1299991607666,25.1299991607666
17-06-2008,24.899999618530273,25.135000228881836,566000,25.34000015258789,25.030000686645508,25.030000686645508
18-06-2008,24.600000381469727,25.05500030517578,1719600,25.1200008392334,24.735000610351562,24.735000610351562
19-06-2008,24.635000228881836,25.18000030517578,1508800,25.65999984741211,25.520000457763672,25.520000457763672
20-06-2008,25.299999237060547,25.440000534057617,1580200,25.975000381469727,25.875,25.875
23-06-2008,25.850000381469727,26.0049991607666,902000,26.225000381469727,25.90999984741211,25.90999984741211
24-06-2008,25.825000762939453,25.920000076293945,1154600,26.31999969482422,26.139999389648438,26.139999389648438
25-06-2008,26.0,26.299999237060547,908800,26.559999465942383,26.450000762939453,26.450000762939453
26-06-2008,26.31999969482422,26.895000457763672,1335800,26.979999542236328,26.885000228881836,26.885000228881836
27-06-2008,26.7450008392334,26.80500030517578,1892800,27.174999237060547,26.93000030517578,26.93000030517578
30-06-2008,26.5,26.934999465942383,1772600,27.075000762939453,26.565000534057617,26.565000534057617
01-07-2008,26.139999389648438,26.520000457763672,1316800,26.735000610351562,26.565000534057617,26.565000534057617
02-07-2008,26.575000762939453,26.6200008392334,757200,26.899999618530273,26.684999465942383,26.684999465942383
03-07-2008,26.1200008392334,26.875,612600,26.875,26.375,26.375
07-07-2008,26.18000030517578,26.354999542236328,1214400,26.764999389648438,26.31999969482422,26.31999969482422
08-07-2008,26.184999465942383,26.34000015258789,942400,26.530000686645508,26.4950008392334,26.4950008392334
09-07-2008,26.204999923706055,26.4950008392334,948200,26.604999542236328,26.485000610351562,26.485000610351562
10-07-2008,27.274999618530273,27.364999771118164,5277600,28.44499969482422,28.334999084472656,28.334999084472656
11-07-2008,26.540000915527344,27.170000076293945,4654200,27.2450008392334,26.75,26.75
14-07-2008,26.604999542236328,26.854999542236328,1893200,26.969999313354492,26.864999771118164,26.864999771118164
15-07-2008,26.5049991607666,26.709999084472656,1279400,26.979999542236328,26.815000534057617,26.815000534057617
16-07-2008,26.56999969482422,26.915000915527344,1802800,27.31999969482422,26.735000610351562,26.735000610351562
17-07-2008,26.30500030517578,26.934999465942383,2610000,27.1200008392334,26.514999389648438,26.514999389648438
18-07-2008,26.43000030517578,26.524999618530273,1977000,26.790000915527344,26.56999969482422,26.56999969482422
21-07-2008,26.25,26.760000228881836,762800,26.760000228881836,26.5,26.5
22-07-2008,26.235000610351562,26.5049991607666,1684200,26.700000762939453,26.625,26.625
23-07-2008,26.34000015258789,26.6200008392334,1365800,26.815000534057617,26.5049991607666,26.5049991607666
24-07-2008,26.25,26.31999969482422,1227000,26.530000686645508,26.405000686645508,26.405000686645508
25-07-2008,27.459999084472656,27.5,6806600,28.25,27.979999542236328,27.979999542236328
28-07-2008,27.684999465942383,28.014999389648438,3865800,28.229999542236328,28.114999771118164,28.114999771118164
29-07-2008,28.190000534057617,28.200000762939453,5204400,28.610000610351562,28.329999923706055,28.329999923706055
30-07-2008,27.825000762939453,28.645000457763672,34798600,28.709999084472656,28.0,28.0
31-07-2008,27.610000610351562,27.850000381469727,3501000,28.295000076293945,27.924999237060547,27.924999237060547
01-08-2008,27.639999389648438,28.104999542236328,3075000,28.209999084472656,28.06999969482422,28.06999969482422
04-08-2008,27.420000076293945,28.15999984741211,3784600,28.15999984741211,27.94499969482422,27.94499969482422
05-08-2008,29.075000762939453,29.15999984741211,3978800,29.80500030517578,29.610000610351562,29.610000610351562
06-08-2008,29.155000686645508,29.59000015258789,2028800,29.625,29.584999084472656,29.584999084472656
07-08-2008,29.065000534057617,29.44499969482422,1911800,29.55500030517578,29.145000457763672,29.145000457763672
08-08-2008,29.030000686645508,29.030000686645508,1222600,29.780000686645508,29.665000915527344,29.665000915527344
11-08-2008,29.344999313354492,29.600000381469727,1260400,29.81999969482422,29.7450008392334,29.7450008392334
12-08-2008,29.559999465942383,29.600000381469727,1306000,30.0,29.6200008392334,29.6200008392334
13-08-2008,29.399999618530273,29.635000228881836,1331400,29.69499969482422,29.600000381469727,29.600000381469727
14-08-2008,29.25,29.479999542236328,830400,29.834999084472656,29.69499969482422,29.69499969482422
15-08-2008,29.75,29.75,804600,30.100000381469727,30.0049991607666,30.0049991607666
18-08-2008,29.104999542236328,29.799999237060547,1367200,30.0049991607666,29.280000686645508,29.280000686645508
19-08-2008,29.135000228881836,29.25,1088600,29.4950008392334,29.229999542236328,29.229999542236328
20-08-2008,28.825000762939453,29.18000030517578,1116600,29.364999771118164,29.190000534057617,29.190000534057617
21-08-2008,27.665000915527344,28.350000381469727,946800,29.295000076293945,29.135000228881836,29.135000228881836
22-08-2008,29.125,29.165000915527344,818800,29.325000762939453,29.229999542236328,29.229999542236328
25-08-2008,28.645000457763672,29.1200008392334,973200,29.170000076293945,28.735000610351562,28.735000610351562
26-08-2008,28.655000686645508,28.655000686645508,930200,29.045000076293945,28.80500030517578,28.80500030517578
27-08-2008,28.65999984741211,28.7549991607666,716400,29.024999618530273,28.93000030517578,28.93000030517578
28-08-2008,28.825000762939453,29.045000076293945,815000,29.139999389648438,29.024999618530273,29.024999618530273
29-08-2008,28.6200008392334,29.024999618530273,915400,29.094999313354492,28.69499969482422,28.69499969482422
02-09-2008,28.795000076293945,28.825000762939453,1120200,29.295000076293945,28.975000381469727,28.975000381469727
03-09-2008,28.545000076293945,28.924999237060547,1123000,29.020000457763672,28.7549991607666,28.7549991607666
04-09-2008,28.2549991607666,28.55500030517578,1055200,28.719999313354492,28.270000457763672,28.270000457763672
05-09-2008,28.0,28.225000381469727,1355800,28.540000915527344,28.325000762939453,28.325000762939453
08-09-2008,28.514999389648438,28.75,946200,29.040000915527344,28.979999542236328,28.979999542236328
09-09-2008,28.4950008392334,29.18000030517578,1802400,29.459999084472656,28.540000915527344,28.540000915527344
10-09-2008,28.2450008392334,28.635000228881836,1095200,28.735000610351562,28.350000381469727,28.350000381469727
11-09-2008,27.979999542236328,28.135000228881836,1315400,29.03499984741211,28.989999771118164,28.989999771118164
12-09-2008,28.579999923706055,28.780000686645508,1228600,29.334999084472656,29.309999465942383,29.309999465942383
15-09-2008,28.690000534057617,28.940000534057617,1579800,29.104999542236328,28.690000534057617,28.690000534057617
16-09-2008,27.934999465942383,28.625,2805000,28.850000381469727,28.81999969482422,28.81999969482422
17-09-2008,27.565000534057617,28.395000457763672,1909200,28.729999542236328,27.565000534057617,27.565000534057617
18-09-2008,27.34000015258789,27.770000457763672,2876200,28.360000610351562,28.024999618530273,28.024999618530273
19-09-2008,28.0,28.2549991607666,2658400,29.385000228881836,28.635000228881836,28.635000228881836
22-09-2008,28.1299991607666,28.1299991607666,1330000,28.739999771118164,28.204999923706055,28.204999923706055
23-09-2008,27.825000762939453,28.549999237060547,1634800,28.8799991607666,28.010000228881836,28.010000228881836
24-09-2008,27.450000762939453,28.084999084472656,1559000,28.135000228881836,27.584999084472656,27.584999084472656
25-09-2008,27.010000228881836,27.7549991607666,2716200,28.21500015258789,28.1200008392334,28.1200008392334
26-09-2008,27.75,27.75,1501800,28.40999984741211,28.19499969482422,28.19499969482422
29-09-2008,27.040000915527344,27.875,2590600,28.360000610351562,27.5,27.5
30-09-2008,27.354999542236328,27.850000381469727,2650400,28.549999237060547,28.5049991607666,28.5049991607666
01-10-2008,27.46500015258789,28.334999084472656,1753200,28.704999923706055,27.709999084472656,27.709999084472656
02-10-2008,26.934999465942383,27.6299991607666,1872200,27.84000015258789,26.934999465942383,26.934999465942383
03-10-2008,26.635000228881836,27.165000915527344,1348400,27.545000076293945,26.7549991607666,26.7549991607666
06-10-2008,24.239999771118164,26.450000762939453,5661000,26.56999969482422,24.5,24.5
07-10-2008,24.584999084472656,24.584999084472656,4713000,25.489999771118164,24.78499984741211,24.78499984741211
08-10-2008,24.030000686645508,24.5049991607666,3245400,25.9950008392334,25.31999969482422,25.31999969482422
09-10-2008,23.799999237060547,25.329999923706055,3475200,25.405000686645508,23.9950008392334,23.9950008392334
10-10-2008,21.274999618530273,23.395000457763672,6797800,24.68000030517578,23.469999313354492,23.469999313354492
13-10-2008,21.3799991607666,22.875,2965200,25.344999313354492,25.2450008392334,25.2450008392334
14-10-2008,25.19499969482422,26.0,2426800,27.71500015258789,25.829999923706055,25.829999923706055
15-10-2008,24.424999237060547,25.489999771118164,2894800,25.649999618530273,24.584999084472656,24.584999084472656
16-10-2008,23.28499984741211,24.55500030517578,2408200,24.940000534057617,24.940000534057617,24.940000534057617
17-10-2008,24.295000076293945,24.479999542236328,1920400,26.06999969482422,25.170000076293945,25.170000076293945
20-10-2008,24.75,24.94499969482422,1626200,25.4950008392334,25.475000381469727,25.475000381469727
21-10-2008,24.780000686645508,25.28499984741211,1953400,26.3799991607666,25.774999618530273,25.774999618530273
22-10-2008,24.049999237060547,25.34000015258789,2080800,25.735000610351562,24.545000076293945,24.545000076293945
23-10-2008,23.825000762939453,24.44499969482422,3143600,25.084999084472656,24.850000381469727,24.850000381469727
24-10-2008,23.360000610351562,23.899999618530273,1676800,24.844999313354492,24.385000228881836,24.385000228881836
27-10-2008,23.2549991607666,24.0,1838200,24.405000686645508,23.2549991607666,23.2549991607666
28-10-2008,23.170000076293945,23.735000610351562,2533000,25.469999313354492,25.469999313354492,25.469999313354492
29-10-2008,25.075000762939453,25.424999237060547,2320000,26.524999618530273,25.475000381469727,25.475000381469727
30-10-2008,25.600000381469727,25.600000381469727,2021400,27.135000228881836,26.975000381469727,26.975000381469727
31-10-2008,26.46500015258789,26.959999084472656,2929000,28.375,28.375,28.375
03-11-2008,26.079999923706055,27.450000762939453,4708600,27.450000762939453,26.3799991607666,26.3799991607666
04-11-2008,26.010000228881836,26.68000030517578,1925400,26.75,26.514999389648438,26.514999389648438
05-11-2008,25.09000015258789,26.299999237060547,2246200,26.334999084472656,25.174999237060547,25.174999237060547
06-11-2008,24.924999237060547,25.049999237060547,1811400,25.940000534057617,25.104999542236328,25.104999542236328
07-11-2008,24.895000457763672,24.899999618530273,2096800,26.079999923706055,26.065000534057617,26.065000534057617
10-11-2008,26.260000228881836,26.450000762939453,2527800,26.940000534057617,26.8799991607666,26.8799991607666
11-11-2008,26.0049991607666,26.610000610351562,2794800,26.71500015258789,26.385000228881836,26.385000228881836
12-11-2008,25.670000076293945,26.0049991607666,1638000,26.389999389648438,25.989999771118164,25.989999771118164
13-11-2008,25.6299991607666,26.56999969482422,4016800,26.56999969482422,26.3799991607666,26.3799991607666
14-11-2008,25.68000030517578,26.059999465942383,2177400,26.725000381469727,25.68000030517578,25.68000030517578
17-11-2008,24.014999389648438,25.489999771118164,2572000,26.325000762939453,25.940000534057617,25.940000534057617
18-11-2008,25.415000915527344,25.90999984741211,3349200,26.28499984741211,26.09000015258789,26.09000015258789
19-11-2008,23.40999984741211,26.530000686645508,4184000,26.6200008392334,23.514999389648438,23.514999389648438
20-11-2008,21.139999389648438,23.3799991607666,4230400,23.575000762939453,21.329999923706055,21.329999923706055
21-11-2008,20.479999542236328,21.55500030517578,4766000,22.405000686645508,22.375,22.375
24-11-2008,22.469999313354492,22.655000686645508,2599800,24.520000457763672,24.299999237060547,24.299999237060547
25-11-2008,23.46500015258789,24.65999984741211,2670400,25.219999313354492,24.059999465942383,24.059999465942383
26-11-2008,23.579999923706055,23.760000228881836,1300200,24.3799991607666,24.334999084472656,24.334999084472656
28-11-2008,24.200000762939453,24.200000762939453,972800,25.155000686645508,25.125,25.125
01-12-2008,23.30500030517578,24.559999465942383,1861000,25.0,23.31999969482422,23.31999969482422
02-12-2008,23.0049991607666,23.674999237060547,1631200,23.7549991607666,23.674999237060547,23.674999237060547
03-12-2008,22.979999542236328,23.334999084472656,3795800,23.540000915527344,23.364999771118164,23.364999771118164
04-12-2008,22.389999389648438,23.15999984741211,2228400,23.434999465942383,22.799999237060547,22.799999237060547
05-12-2008,22.309999465942383,22.469999313354492,2559600,23.764999389648438,23.75,23.75
08-12-2008,23.639999389648438,24.110000610351562,1661400,24.239999771118164,24.114999771118164,24.114999771118164
09-12-2008,23.905000686645508,23.975000381469727,3709200,24.700000762939453,24.405000686645508,24.405000686645508
10-12-2008,23.790000915527344,24.6200008392334,1377000,24.65999984741211,24.09000015258789,24.09000015258789
11-12-2008,23.4950008392334,23.979999542236328,1568400,24.915000915527344,23.979999542236328,23.979999542236328
12-12-2008,23.344999313354492,23.524999618530273,1505600,24.049999237060547,23.94499969482422,23.94499969482422
15-12-2008,23.850000381469727,24.049999237060547,1941000,24.274999618530273,24.125,24.125
16-12-2008,24.290000915527344,24.334999084472656,2923200,25.440000534057617,25.399999618530273,25.399999618530273
17-12-2008,24.899999618530273,25.174999237060547,1835400,25.489999771118164,25.040000915527344,25.040000915527344
18-12-2008,24.889999389648438,25.19499969482422,3135400,25.225000381469727,25.145000457763672,25.145000457763672
19-12-2008,24.864999771118164,25.280000686645508,2485200,25.969999313354492,25.010000228881836,25.010000228881836
22-12-2008,24.290000915527344,24.969999313354492,1133000,25.209999084472656,24.649999618530273,24.649999618530273
23-12-2008,24.184999465942383,24.735000610351562,1208000,24.934999465942383,24.229999542236328,24.229999542236328
24-12-2008,23.834999084472656,24.25,547400,24.31999969482422,23.9950008392334,23.9950008392334
26-12-2008,23.979999542236328,24.1299991607666,467600,24.44499969482422,24.389999389648438,24.389999389648438
29-12-2008,24.020000457763672,24.364999771118164,1121000,24.46500015258789,24.315000534057617,24.315000534057617
30-12-2008,24.110000610351562,24.709999084472656,1647600,24.709999084472656,24.545000076293945,24.545000076293945
31-12-2008,24.184999465942383,24.524999618530273,1340000,24.78499984741211,24.78499984741211,24.78499984741211
02-01-2009,24.21500015258789,24.850000381469727,1316800,24.90999984741211,24.549999237060547,24.549999237060547
05-01-2009,23.56999969482422,24.489999771118164,2149800,24.559999465942383,23.75,23.75
06-01-2009,22.96500015258789,23.815000534057617,2053000,24.094999313354492,23.44499969482422,23.44499969482422
07-01-2009,23.145000457763672,23.360000610351562,1694000,23.825000762939453,23.610000610351562,23.610000610351562
08-01-2009,23.260000228881836,23.56999969482422,2214200,23.889999389648438,23.75,23.75
09-01-2009,22.985000610351562,23.690000534057617,1702000,23.80500030517578,23.639999389648438,23.639999389648438
12-01-2009,23.149999618530273,23.549999237060547,1962800,23.625,23.2549991607666,23.2549991607666
13-01-2009,23.225000381469727,23.225000381469727,2389200,23.575000762939453,23.475000381469727,23.475000381469727
14-01-2009,23.014999389648438,23.15999984741211,1664200,23.625,23.459999084472656,23.459999084472656
15-01-2009,23.020000457763672,23.454999923706055,2350200,23.625,23.395000457763672,23.395000457763672
16-01-2009,23.594999313354492,23.7549991607666,1869400,24.219999313354492,24.084999084472656,24.084999084472656
20-01-2009,23.30500030517578,24.139999389648438,1275600,25.0,23.3799991607666,23.3799991607666
21-01-2009,23.065000534057617,23.639999389648438,1477000,23.84000015258789,23.75,23.75
22-01-2009,23.2450008392334,23.450000762939453,1464600,23.920000076293945,23.844999313354492,23.844999313354492
23-01-2009,23.125,23.30500030517578,2122600,24.0,23.510000228881836,23.510000228881836
26-01-2009,23.434999465942383,23.59000015258789,1905400,24.079999923706055,23.940000534057617,23.940000534057617
27-01-2009,23.84000015258789,23.924999237060547,2924200,24.559999465942383,24.524999618530273,24.524999618530273
28-01-2009,24.014999389648438,24.979999542236328,2766600,24.989999771118164,24.049999237060547,24.049999237060547
29-01-2009,23.6200008392334,24.31999969482422,1841200,24.31999969482422,23.71500015258789,23.71500015258789
30-01-2009,23.2549991607666,23.674999237060547,1516400,23.90999984741211,23.5,23.5
02-02-2009,23.204999923706055,23.30500030517578,2789600,24.1200008392334,23.950000762939453,23.950000762939453
03-02-2009,23.774999618530273,24.100000381469727,2159200,24.46500015258789,24.264999389648438,24.264999389648438
04-02-2009,23.920000076293945,24.270000457763672,2012400,24.5049991607666,23.985000610351562,23.985000610351562
05-02-2009,23.829999923706055,23.829999923706055,3274200,24.420000076293945,24.06999969482422,24.06999969482422
06-02-2009,23.190000534057617,24.135000228881836,3982800,24.34000015258789,23.46500015258789,23.46500015258789
09-02-2009,22.5,23.479999542236328,4821600,23.600000381469727,22.969999313354492,22.969999313354492
10-02-2009,22.825000762939453,22.825000762939453,3919200,23.899999618530273,23.71500015258789,23.71500015258789
11-02-2009,23.875,23.899999618530273,8340800,26.65999984741211,26.520000457763672,26.520000457763672
12-02-2009,25.860000610351562,26.225000381469727,2837600,26.4950008392334,26.44499969482422,26.44499969482422
13-02-2009,26.114999771118164,26.274999618530273,2391000,26.610000610351562,26.295000076293945,26.295000076293945
17-02-2009,25.21500015258789,25.709999084472656,2085800,25.920000076293945,25.524999618530273,25.524999618530273
18-02-2009,25.290000915527344,25.719999313354492,2040600,25.975000381469727,25.854999542236328,25.854999542236328
19-02-2009,25.440000534057617,25.850000381469727,971400,26.1200008392334,25.53499984741211,25.53499984741211
20-02-2009,25.014999389648438,25.46500015258789,1591800,25.649999618530273,25.44499969482422,25.44499969482422
23-02-2009,25.094999313354492,25.56999969482422,2311200,25.764999389648438,25.2549991607666,25.2549991607666
24-02-2009,25.2549991607666,25.530000686645508,2180000,26.010000228881836,25.93000030517578,25.93000030517578
25-02-2009,25.315000534057617,25.639999389648438,2236800,25.825000762939453,25.434999465942383,25.434999465942383
26-02-2009,24.920000076293945,25.540000915527344,6176200,25.540000915527344,25.024999618530273,25.024999618530273
27-02-2009,23.405000686645508,24.78499984741211,3959200,24.78499984741211,23.459999084472656,23.459999084472656
02-03-2009,22.149999618530273,22.149999618530273,6095200,23.399999618530273,23.1299991607666,23.1299991607666
03-03-2009,22.96500015258789,23.31999969482422,3837000,24.0,23.09000015258789,23.09000015258789
04-03-2009,23.170000076293945,23.170000076293945,2398200,24.165000915527344,23.7549991607666,23.7549991607666
05-03-2009,22.790000915527344,23.420000076293945,1683400,23.6299991607666,22.954999923706055,22.954999923706055
06-03-2009,22.479999542236328,23.30500030517578,3031200,23.30500030517578,22.860000610351562,22.860000610351562
09-03-2009,21.9950008392334,22.725000381469727,2355800,22.770000457763672,22.1200008392334,22.1200008392334
10-03-2009,21.709999084472656,22.299999237060547,4784600,22.31999969482422,22.014999389648438,22.014999389648438
11-03-2009,21.40999984741211,22.100000381469727,3226000,22.264999389648438,21.65999984741211,21.65999984741211
12-03-2009,21.545000076293945,21.604999542236328,3140000,22.5,22.424999237060547,22.424999237060547
13-03-2009,22.264999389648438,22.459999084472656,1941600,23.075000762939453,22.985000610351562,22.985000610351562
16-03-2009,22.899999618530273,23.344999313354492,1488800,23.530000686645508,22.924999237060547,22.924999237060547
17-03-2009,22.6200008392334,22.885000228881836,1472600,23.1299991607666,22.975000381469727,22.975000381469727
18-03-2009,22.514999389648438,22.684999465942383,2144800,23.625,23.03499984741211,23.03499984741211
19-03-2009,22.014999389648438,22.934999465942383,2109800,23.03499984741211,22.485000610351562,22.485000610351562
20-03-2009,20.725000381469727,22.584999084472656,6547800,22.6200008392334,21.170000076293945,21.170000076293945
23-03-2009,20.604999542236328,21.46500015258789,6323600,21.709999084472656,21.565000534057617,21.565000534057617
24-03-2009,21.344999313354492,21.385000228881836,3078800,21.934999465942383,21.524999618530273,21.524999618530273
25-03-2009,21.625,21.625,2783800,22.690000534057617,22.100000381469727,22.100000381469727
26-03-2009,21.735000610351562,22.295000076293945,2060800,22.299999237060547,22.270000457763672,22.270000457763672
27-03-2009,21.774999618530273,22.0,1880400,22.260000228881836,21.80500030517578,21.80500030517578
30-03-2009,21.5049991607666,21.5049991607666,1605400,22.06999969482422,21.889999389648438,21.889999389648438
31-03-2009,21.875,22.1299991607666,2206000,22.34000015258789,21.975000381469727,21.975000381469727
01-04-2009,21.434999465942383,21.795000076293945,2300600,22.274999618530273,22.184999465942383,22.184999465942383
02-04-2009,22.274999618530273,22.274999618530273,1608800,23.06999969482422,22.709999084472656,22.709999084472656
03-04-2009,22.1299991607666,22.600000381469727,1672400,22.709999084472656,22.299999237060547,22.299999237060547
06-04-2009,22.174999237060547,22.18000030517578,1779400,22.985000610351562,22.424999237060547,22.424999237060547
07-04-2009,22.079999923706055,22.19499969482422,1610600,22.850000381469727,22.625,22.625
08-04-2009,22.325000762939453,22.635000228881836,1460000,23.0,22.600000381469727,22.600000381469727
09-04-2009,22.479999542236328,23.170000076293945,1233000,23.170000076293945,22.6200008392334,22.6200008392334
13-04-2009,22.079999923706055,22.59000015258789,1367000,22.735000610351562,22.274999618530273,22.274999618530273
14-04-2009,21.979999542236328,22.145000457763672,1817000,22.40999984741211,22.225000381469727,22.225000381469727
15-04-2009,21.924999237060547,22.315000534057617,1652400,22.5,22.469999313354492,22.469999313354492
16-04-2009,21.71500015258789,22.559999465942383,2023200,22.655000686645508,22.145000457763672,22.145000457763672
17-04-2009,21.53499984741211,22.19499969482422,2998400,22.25,21.575000762939453,21.575000762939453
20-04-2009,21.239999771118164,21.354999542236328,1945000,22.024999618530273,21.780000686645508,21.780000686645508
21-04-2009,21.600000381469727,21.770000457763672,1537400,22.104999542236328,22.010000228881836,22.010000228881836
22-04-2009,21.739999771118164,21.829999923706055,1536400,22.155000686645508,21.795000076293945,21.795000076293945
23-04-2009,21.104999542236328,21.764999389648438,2708400,21.81999969482422,21.18000030517578,21.18000030517578
24-04-2009,21.139999389648438,21.28499984741211,2488800,22.09000015258789,21.854999542236328,21.854999542236328
27-04-2009,22.114999771118164,22.40999984741211,4006000,22.790000915527344,22.264999389648438,22.264999389648438
28-04-2009,22.0,22.0049991607666,2368600,23.149999618530273,22.7450008392334,22.7450008392334
29-04-2009,22.649999618530273,22.795000076293945,2798200,23.844999313354492,23.674999237060547,23.674999237060547
30-04-2009,23.049999237060547,23.90999984741211,2425200,23.90999984741211,23.184999465942383,23.184999465942383
01-05-2009,22.864999771118164,23.094999313354492,1701800,23.434999465942383,22.94499969482422,22.94499969482422
04-05-2009,22.954999923706055,23.350000381469727,1594400,23.489999771118164,23.479999542236328,23.479999542236328
05-05-2009,22.815000534057617,23.434999465942383,1858600,23.475000381469727,22.985000610351562,22.985000610351562
06-05-2009,22.59000015258789,23.125,2026000,23.174999237060547,22.799999237060547,22.799999237060547
07-05-2009,22.844999313354492,22.844999313354492,1883000,23.524999618530273,23.2549991607666,23.2549991607666
08-05-2009,23.415000915527344,23.545000076293945,2187800,24.065000534057617,23.625,23.625
11-05-2009,23.145000457763672,23.415000915527344,2234400,23.774999618530273,23.184999465942383,23.184999465942383
12-05-2009,22.899999618530273,23.2450008392334,2275600,23.459999084472656,23.204999923706055,23.204999923706055
13-05-2009,22.530000686645508,22.954999923706055,1797600,23.135000228881836,22.700000762939453,22.700000762939453
14-05-2009,22.3700008392334,22.655000686645508,1551800,22.790000915527344,22.719999313354492,22.719999313354492
15-05-2009,22.209999084472656,22.655000686645508,2484800,22.799999237060547,22.260000228881836,22.260000228881836
18-05-2009,21.895000457763672,22.354999542236328,1835000,22.545000076293945,22.53499984741211,22.53499984741211
19-05-2009,22.5,22.5,2370600,23.34000015258789,23.1299991607666,23.1299991607666
20-05-2009,22.700000762939453,23.219999313354492,2598600,23.40999984741211,22.709999084472656,22.709999084472656
21-05-2009,21.93000030517578,22.594999313354492,2597400,22.770000457763672,21.979999542236328,21.979999542236328
22-05-2009,21.940000534057617,22.010000228881836,1715600,22.549999237060547,22.40999984741211,22.40999984741211
26-05-2009,21.959999084472656,22.209999084472656,2152400,22.924999237060547,22.735000610351562,22.735000610351562
27-05-2009,22.614999771118164,22.700000762939453,1515400,22.934999465942383,22.774999618530273,22.774999618530273
28-05-2009,22.34000015258789,22.864999771118164,1526000,22.975000381469727,22.43000030517578,22.43000030517578
29-05-2009,22.204999923706055,22.520000457763672,1993800,22.56999969482422,22.55500030517578,22.55500030517578
01-06-2009,22.639999389648438,22.834999084472656,1594400,23.325000762939453,23.270000457763672,23.270000457763672
02-06-2009,23.225000381469727,23.299999237060547,2797800,23.9950008392334,23.774999618530273,23.774999618530273
03-06-2009,23.399999618530273,23.684999465942383,1806600,23.979999542236328,23.684999465942383,23.684999465942383
04-06-2009,23.235000610351562,23.75,2534400,23.760000228881836,23.559999465942383,23.559999465942383
05-06-2009,23.145000457763672,23.604999542236328,1979400,23.860000610351562,23.385000228881836,23.385000228881836
08-06-2009,22.959999084472656,23.334999084472656,1217800,23.649999618530273,23.360000610351562,23.360000610351562
09-06-2009,22.770000457763672,23.475000381469727,1304800,23.625,23.030000686645508,23.030000686645508
10-06-2009,22.809999465942383,23.075000762939453,1120400,23.139999389648438,22.985000610351562,22.985000610351562
11-06-2009,22.96500015258789,22.96500015258789,1126000,23.454999923706055,23.184999465942383,23.184999465942383
12-06-2009,22.825000762939453,23.18000030517578,1527800,23.59000015258789,23.565000534057617,23.565000534057617
15-06-2009,22.809999465942383,23.424999237060547,1229000,23.424999237060547,22.920000076293945,22.920000076293945
16-06-2009,22.739999771118164,22.93000030517578,1264600,23.450000762939453,23.114999771118164,23.114999771118164
17-06-2009,22.950000762939453,23.135000228881836,1541200,24.170000076293945,23.93000030517578,23.93000030517578
18-06-2009,23.924999237060547,23.924999237060547,1813800,24.790000915527344,24.475000381469727,24.475000381469727
19-06-2009,23.844999313354492,24.575000762939453,2733600,24.81999969482422,24.065000534057617,24.065000534057617
22-06-2009,23.540000915527344,23.84000015258789,1441400,23.950000762939453,23.834999084472656,23.834999084472656
23-06-2009,23.44499969482422,23.8700008392334,1290200,24.149999618530273,23.6299991607666,23.6299991607666
24-06-2009,23.46500015258789,23.795000076293945,1402800,24.114999771118164,23.96500015258789,23.96500015258789
25-06-2009,23.850000381469727,23.895000457763672,1660400,24.670000076293945,24.4950008392334,24.4950008392334
26-06-2009,24.155000686645508,24.584999084472656,1912200,24.895000457763672,24.780000686645508,24.780000686645508
29-06-2009,24.360000610351562,24.774999618530273,1216200,24.875,24.7549991607666,24.7549991607666
30-06-2009,24.440000534057617,24.75,1104000,24.84000015258789,24.729999542236328,24.729999542236328
01-07-2009,24.625,24.625,2492200,25.540000915527344,25.43000030517578,25.43000030517578
02-07-2009,24.5,25.125,2195400,25.280000686645508,24.5,24.5
06-07-2009,24.575000762939453,24.575000762939453,3392800,25.899999618530273,25.665000915527344,25.665000915527344
07-07-2009,25.649999618530273,25.649999618530273,2078400,26.28499984741211,25.875,25.875
08-07-2009,25.059999465942383,25.780000686645508,1910800,26.0,25.364999771118164,25.364999771118164
09-07-2009,24.655000686645508,25.530000686645508,1983800,25.530000686645508,24.959999084472656,24.959999084472656
10-07-2009,24.459999084472656,24.864999771118164,1326200,25.184999465942383,24.625,24.625
13-07-2009,24.309999465942383,24.71500015258789,2133800,25.049999237060547,24.979999542236328,24.979999542236328
14-07-2009,24.65999984741211,24.954999923706055,935400,25.15999984741211,24.860000610351562,24.860000610351562
15-07-2009,24.44499969482422,25.0,2216800,25.0,24.56999969482422,24.56999969482422
16-07-2009,23.905000686645508,24.579999923706055,3550200,24.915000915527344,24.559999465942383,24.559999465942383
17-07-2009,23.690000534057617,24.55500030517578,2363000,24.71500015258789,24.049999237060547,24.049999237060547
20-07-2009,23.6200008392334,24.209999084472656,1644800,24.290000915527344,23.934999465942383,23.934999465942383
21-07-2009,24.0049991607666,24.104999542236328,1257000,24.600000381469727,24.2549991607666,24.2549991607666
22-07-2009,23.825000762939453,24.25,1878800,24.350000381469727,23.889999389648438,23.889999389648438
23-07-2009,23.899999618530273,23.899999618530273,2172800,24.604999542236328,24.530000686645508,24.530000686645508
24-07-2009,24.40999984741211,24.479999542236328,2298400,24.93000030517578,24.8799991607666,24.8799991607666
27-07-2009,24.475000381469727,24.739999771118164,1155000,25.06999969482422,24.729999542236328,24.729999542236328
28-07-2009,24.3700008392334,24.65999984741211,2576200,25.0,24.614999771118164,24.614999771118164
29-07-2009,24.5049991607666,24.594999313354492,1533200,25.239999771118164,25.030000686645508,25.030000686645508
30-07-2009,24.684999465942383,25.2549991607666,1927800,25.2549991607666,24.934999465942383,24.934999465942383
31-07-2009,24.655000686645508,24.959999084472656,1418400,25.28499984741211,24.850000381469727,24.850000381469727
03-08-2009,24.700000762939453,25.024999618530273,2593800,25.454999923706055,25.350000381469727,25.350000381469727
04-08-2009,25.05500030517578,25.545000076293945,2432400,25.639999389648438,25.520000457763672,25.520000457763672
05-08-2009,25.440000534057617,26.1299991607666,3984600,26.30500030517578,25.604999542236328,25.604999542236328
06-08-2009,24.975000381469727,25.684999465942383,1683600,25.774999618530273,25.260000228881836,25.260000228881836
07-08-2009,25.309999465942383,25.309999465942383,1695600,26.010000228881836,25.954999923706055,25.954999923706055
10-08-2009,25.719999313354492,25.895000457763672,1803000,26.424999237060547,26.40999984741211,26.40999984741211
11-08-2009,26.149999618530273,26.2549991607666,972400,26.59000015258789,26.170000076293945,26.170000076293945
12-08-2009,25.7450008392334,25.969999313354492,1084200,26.19499969482422,26.09000015258789,26.09000015258789
13-08-2009,25.68000030517578,25.975000381469727,1087600,26.075000762939453,25.920000076293945,25.920000076293945
14-08-2009,25.399999618530273,25.94499969482422,922800,26.100000381469727,25.690000534057617,25.690000534057617
17-08-2009,25.4950008392334,25.55500030517578,1073400,26.100000381469727,25.875,25.875
18-08-2009,25.385000228881836,25.860000610351562,671400,25.860000610351562,25.549999237060547,25.549999237060547
19-08-2009,25.764999389648438,25.920000076293945,996200,26.125,26.024999618530273,26.024999618530273
20-08-2009,25.709999084472656,26.030000686645508,1038800,26.100000381469727,25.875,25.875
21-08-2009,25.78499984741211,26.094999313354492,984400,26.235000610351562,26.190000534057617,26.190000534057617
24-08-2009,25.8799991607666,26.28499984741211,891400,26.28499984741211,26.0049991607666,26.0049991607666
25-08-2009,25.780000686645508,26.030000686645508,920400,26.1200008392334,25.989999771118164,25.989999771118164
26-08-2009,25.674999237060547,26.024999618530273,1244400,26.25,26.020000457763672,26.020000457763672
27-08-2009,25.815000534057617,25.975000381469727,1096000,26.44499969482422,26.25,26.25
28-08-2009,25.65999984741211,26.325000762939453,773000,26.334999084472656,25.860000610351562,25.860000610351562
31-08-2009,25.489999771118164,25.899999618530273,1145400,25.899999618530273,25.854999542236328,25.854999542236328
01-09-2009,25.440000534057617,25.760000228881836,1461800,26.094999313354492,25.770000457763672,25.770000457763672
02-09-2009,25.584999084472656,25.71500015258789,1431000,26.1200008392334,25.989999771118164,25.989999771118164
03-09-2009,25.774999618530273,26.049999237060547,2142000,26.424999237060547,26.385000228881836,26.385000228881836
04-09-2009,26.329999923706055,26.43000030517578,1523400,26.739999771118164,26.6200008392334,26.6200008392334
08-09-2009,26.420000076293945,26.649999618530273,1870200,27.149999618530273,26.924999237060547,26.924999237060547
09-09-2009,26.860000610351562,26.875,2295200,27.299999237060547,27.06999969482422,27.06999969482422
10-09-2009,26.78499984741211,27.114999771118164,1457200,27.19499969482422,27.19499969482422,27.19499969482422
11-09-2009,26.9950008392334,27.145000457763672,798200,27.354999542236328,27.114999771118164,27.114999771118164
14-09-2009,26.985000610351562,27.094999313354492,1110600,27.139999389648438,27.065000534057617,27.065000534057617
15-09-2009,26.709999084472656,27.030000686645508,3038800,27.399999618530273,27.125,27.125
16-09-2009,27.045000076293945,27.065000534057617,3437200,28.239999771118164,28.06999969482422,28.06999969482422
17-09-2009,27.780000686645508,28.125,1315400,28.155000686645508,27.940000534057617,27.940000534057617
18-09-2009,27.614999771118164,27.940000534057617,1598800,28.114999771118164,27.78499984741211,27.78499984741211
21-09-2009,27.540000915527344,27.579999923706055,1207000,28.21500015258789,28.024999618530273,28.024999618530273
22-09-2009,27.610000610351562,28.020000457763672,1688400,28.239999771118164,28.114999771118164,28.114999771118164
23-09-2009,28.03499984741211,28.184999465942383,1906600,28.514999389648438,28.209999084472656,28.209999084472656
24-09-2009,27.84000015258789,28.209999084472656,1273200,28.485000610351562,28.040000915527344,28.040000915527344
25-09-2009,27.729999542236328,28.040000915527344,1123400,28.274999618530273,27.9950008392334,27.9950008392334
28-09-2009,27.969999313354492,28.014999389648438,1316200,28.514999389648438,28.239999771118164,28.239999771118164
29-09-2009,27.940000534057617,28.25,2038200,28.420000076293945,28.09000015258789,28.09000015258789
30-09-2009,27.84000015258789,28.040000915527344,2006400,28.454999923706055,28.31999969482422,28.31999969482422
01-10-2009,27.989999771118164,28.3700008392334,2178000,28.594999313354492,28.010000228881836,28.010000228881836
02-10-2009,27.71500015258789,27.84000015258789,1527600,28.0,27.860000610351562,27.860000610351562
05-10-2009,27.575000762939453,27.84000015258789,1423600,28.190000534057617,28.125,28.125
06-10-2009,27.989999771118164,28.184999465942383,1275000,28.485000610351562,28.280000686645508,28.280000686645508
07-10-2009,28.084999084472656,28.334999084472656,1648600,28.614999771118164,28.344999313354492,28.344999313354492
08-10-2009,28.145000457763672,28.5049991607666,1131800,28.600000381469727,28.21500015258789,28.21500015258789
09-10-2009,27.940000534057617,28.2549991607666,2269200,28.334999084472656,27.950000762939453,27.950000762939453
12-10-2009,27.90999984741211,27.959999084472656,852000,28.30500030517578,28.170000076293945,28.170000076293945
13-10-2009,28.125,28.1299991607666,727000,28.354999542236328,28.21500015258789,28.21500015258789
14-10-2009,28.09000015258789,28.3700008392334,2775800,28.670000076293945,28.309999465942383,28.309999465942383
15-10-2009,28.06999969482422,28.209999084472656,1358800,28.559999465942383,28.325000762939453,28.325000762939453
16-10-2009,27.81999969482422,28.21500015258789,1276200,28.28499984741211,28.145000457763672,28.145000457763672
19-10-2009,27.71500015258789,28.155000686645508,1757800,28.155000686645508,27.864999771118164,27.864999771118164
20-10-2009,27.540000915527344,27.850000381469727,1682200,27.90999984741211,27.655000686645508,27.655000686645508
21-10-2009,27.440000534057617,27.674999237060547,1592200,27.899999618530273,27.5,27.5
22-10-2009,27.010000228881836,27.440000534057617,1921200,27.78499984741211,27.604999542236328,27.604999542236328
23-10-2009,27.059999465942383,27.565000534057617,1613800,27.614999771118164,27.18000030517578,27.18000030517578
26-10-2009,26.684999465942383,27.239999771118164,1499000,27.389999389648438,26.760000228881836,26.760000228881836
27-10-2009,26.510000228881836,26.75,3339200,27.049999237060547,26.7549991607666,26.7549991607666
28-10-2009,26.614999771118164,26.770000457763672,2129400,26.889999389648438,26.69499969482422,26.69499969482422
29-10-2009,26.575000762939453,26.665000915527344,1722600,26.940000534057617,26.825000762939453,26.825000762939453
30-10-2009,26.354999542236328,26.649999618530273,1974800,26.985000610351562,26.514999389648438,26.514999389648438
02-11-2009,26.4950008392334,26.6200008392334,1690400,27.219999313354492,26.8799991607666,26.8799991607666
03-11-2009,26.739999771118164,26.799999237060547,1611600,27.219999313354492,27.200000762939453,27.200000762939453
04-11-2009,28.045000076293945,28.40999984741211,7130800,29.96500015258789,28.96500015258789,28.96500015258789
05-11-2009,29.094999313354492,29.2450008392334,2723200,29.469999313354492,29.149999618530273,29.149999618530273
06-11-2009,28.815000534057617,29.135000228881836,2839600,29.25,28.985000610351562,28.985000610351562
09-11-2009,28.834999084472656,29.165000915527344,2067200,29.25,29.079999923706055,29.079999923706055
10-11-2009,29.094999313354492,29.110000610351562,1159800,29.485000610351562,29.3700008392334,29.3700008392334
11-11-2009,29.145000457763672,29.28499984741211,1138000,29.469999313354492,29.274999618530273,29.274999618530273
12-11-2009,29.059999465942383,29.295000076293945,891000,29.450000762939453,29.100000381469727,29.100000381469727
13-11-2009,28.899999618530273,29.139999389648438,751200,29.264999389648438,29.114999771118164,29.114999771118164
16-11-2009,29.094999313354492,29.15999984741211,985200,29.524999618530273,29.325000762939453,29.325000762939453
17-11-2009,29.149999618530273,29.200000762939453,1011600,29.485000610351562,29.405000686645508,29.405000686645508
18-11-2009,29.040000915527344,29.420000076293945,950200,29.420000076293945,29.264999389648438,29.264999389648438
19-11-2009,28.729999542236328,29.270000457763672,1062800,29.350000381469727,29.135000228881836,29.135000228881836
20-11-2009,29.010000228881836,29.110000610351562,1869600,29.604999542236328,29.475000381469727,29.475000381469727
23-11-2009,29.469999313354492,29.469999313354492,1483600,29.985000610351562,29.985000610351562,29.985000610351562
24-11-2009,29.829999923706055,29.954999923706055,1876200,30.2450008392334,30.049999237060547,30.049999237060547
25-11-2009,29.850000381469727,30.0049991607666,644200,30.045000076293945,29.985000610351562,29.985000610351562
27-11-2009,29.3799991607666,29.604999542236328,478000,29.844999313354492,29.665000915527344,29.665000915527344
30-11-2009,29.135000228881836,29.625,1581000,29.65999984741211,29.6200008392334,29.6200008392334
01-12-2009,29.6200008392334,29.829999923706055,1326200,30.184999465942383,30.075000762939453,30.075000762939453
02-12-2009,30.030000686645508,30.079999923706055,1070600,30.405000686645508,30.309999465942383,30.309999465942383
03-12-2009,30.229999542236328,30.290000915527344,2902000,30.614999771118164,30.290000915527344,30.290000915527344
04-12-2009,29.979999542236328,30.56999969482422,2424000,30.975000381469727,30.065000534057617,30.065000534057617
07-12-2009,29.725000381469727,30.110000610351562,2183200,30.2450008392334,29.8799991607666,29.8799991607666
08-12-2009,28.8700008392334,29.684999465942383,4739000,29.709999084472656,29.059999465942383,29.059999465942383
09-12-2009,28.200000762939453,28.844999313354492,3950800,29.280000686645508,29.225000381469727,29.225000381469727
10-12-2009,29.2549991607666,29.270000457763672,2456400,29.81999969482422,29.655000686645508,29.655000686645508
11-12-2009,29.68000030517578,29.774999618530273,1280400,29.989999771118164,29.770000457763672,29.770000457763672
14-12-2009,29.875,29.959999084472656,1698600,30.229999542236328,30.190000534057617,30.190000534057617
15-12-2009,30.145000457763672,30.184999465942383,2441400,30.78499984741211,30.774999618530273,30.774999618530273
16-12-2009,30.375,30.780000686645508,1412000,30.985000610351562,30.389999389648438,30.389999389648438
17-12-2009,29.71500015258789,30.15999984741211,1138400,30.364999771118164,29.93000030517578,29.93000030517578
18-12-2009,29.735000610351562,29.979999542236328,2000000,30.075000762939453,29.799999237060547,29.799999237060547
21-12-2009,29.46500015258789,29.799999237060547,1816000,30.184999465942383,29.6299991607666,29.6299991607666
22-12-2009,29.584999084472656,29.584999084472656,974600,29.889999389648438,29.729999542236328,29.729999542236328
23-12-2009,29.7450008392334,29.825000762939453,1435400,30.059999465942383,29.954999923706055,29.954999923706055
24-12-2009,29.795000076293945,30.065000534057617,248400,30.065000534057617,29.850000381469727,29.850000381469727
28-12-2009,29.56999969482422,29.80500030517578,505000,29.895000457763672,29.760000228881836,29.760000228881836
29-12-2009,29.649999618530273,29.7549991607666,672000,29.864999771118164,29.809999465942383,29.809999465942383
30-12-2009,29.600000381469727,29.68000030517578,616800,29.809999465942383,29.665000915527344,29.665000915527344
31-12-2009,29.334999084472656,29.625,846800,29.719999313354492,29.3700008392334,29.3700008392334
04-01-2010,29.545000076293945,29.559999465942383,1910400,30.024999618530273,29.959999084472656,29.959999084472656
05-01-2010,29.614999771118164,30.045000076293945,1541000,30.145000457763672,29.704999923706055,29.704999923706055
06-01-2010,29.405000686645508,29.7450008392334,1299600,29.760000228881836,29.530000686645508,29.530000686645508
07-01-2010,29.2549991607666,29.40999984741211,1526400,29.799999237060547,29.78499984741211,29.78499984741211
08-01-2010,29.795000076293945,29.895000457763672,2442600,30.604999542236328,30.5,30.5
11-01-2010,30.280000686645508,30.5,2373800,31.049999237060547,30.895000457763672,30.895000457763672
12-01-2010,30.405000686645508,30.815000534057617,1531000,31.079999923706055,30.6299991607666,30.6299991607666
13-01-2010,30.6200008392334,30.649999618530273,782000,31.155000686645508,31.084999084472656,31.084999084472656
14-01-2010,30.915000915527344,30.985000610351562,840200,31.239999771118164,31.075000762939453,31.075000762939453
15-01-2010,30.665000915527344,30.954999923706055,924200,31.010000228881836,30.829999923706055,30.829999923706055
19-01-2010,30.780000686645508,30.84000015258789,1059600,31.3700008392334,31.350000381469727,31.350000381469727
20-01-2010,31.0,31.350000381469727,1433200,31.704999923706055,31.225000381469727,31.225000381469727
21-01-2010,30.684999465942383,31.155000686645508,1931800,31.30500030517578,31.094999313354492,31.094999313354492
22-01-2010,30.274999618530273,30.905000686645508,2142200,31.260000228881836,30.364999771118164,30.364999771118164
25-01-2010,30.110000610351562,30.46500015258789,1510200,30.65999984741211,30.299999237060547,30.299999237060547
26-01-2010,30.225000381469727,30.25,1218600,30.434999465942383,30.299999237060547,30.299999237060547
27-01-2010,30.094999313354492,30.219999313354492,1336000,30.454999923706055,30.334999084472656,30.334999084472656
28-01-2010,29.885000228881836,30.485000610351562,1828600,30.604999542236328,30.049999237060547,30.049999237060547
29-01-2010,29.81999969482422,30.040000915527344,1333600,30.200000762939453,29.8799991607666,29.8799991607666
01-02-2010,29.684999465942383,30.040000915527344,1267600,30.260000228881836,30.21500015258789,30.21500015258789
02-02-2010,30.0049991607666,30.264999389648438,1550000,30.864999771118164,30.75,30.75
03-02-2010,30.315000534057617,30.5049991607666,1305400,30.6299991607666,30.520000457763672,30.520000457763672
04-02-2010,29.81999969482422,30.110000610351562,1679800,30.375,29.8799991607666,29.8799991607666
05-02-2010,29.739999771118164,29.815000534057617,2247200,30.280000686645508,30.21500015258789,30.21500015258789
08-02-2010,29.979999542236328,30.165000915527344,1416800,30.28499984741211,30.030000686645508,30.030000686645508
09-02-2010,30.18000030517578,30.235000610351562,2043400,30.75,30.600000381469727,30.600000381469727
10-02-2010,30.114999771118164,30.510000228881836,1496200,30.68000030517578,30.40999984741211,30.40999984741211
11-02-2010,29.395000457763672,30.145000457763672,3061600,30.565000534057617,29.9950008392334,29.9950008392334
12-02-2010,29.280000686645508,29.875,2302200,30.0,29.489999771118164,29.489999771118164
16-02-2010,29.364999771118164,29.645000457763672,1623000,29.885000228881836,29.75,29.75
17-02-2010,29.850000381469727,29.934999465942383,2615800,30.459999084472656,30.174999237060547,30.174999237060547
18-02-2010,30.114999771118164,30.190000534057617,1570800,30.610000610351562,30.594999313354492,30.594999313354492
19-02-2010,30.350000381469727,30.475000381469727,1661000,30.940000534057617,30.80500030517578,30.80500030517578
22-02-2010,30.559999465942383,30.78499984741211,679400,30.989999771118164,30.799999237060547,30.799999237060547
23-02-2010,30.4950008392334,30.690000534057617,1559200,30.795000076293945,30.559999465942383,30.559999465942383
24-02-2010,30.475000381469727,30.674999237060547,2432200,30.875,30.834999084472656,30.834999084472656
25-02-2010,30.364999771118164,30.614999771118164,1985000,30.834999084472656,30.7450008392334,30.7450008392334
26-02-2010,30.665000915527344,30.829999923706055,1257000,31.020000457763672,30.80500030517578,30.80500030517578
01-03-2010,30.90999984741211,30.924999237060547,3258200,32.23500061035156,31.549999237060547,31.549999237060547
02-03-2010,31.350000381469727,31.475000381469727,1914200,31.905000686645508,31.770000457763672,31.770000457763672
03-03-2010,30.829999923706055,31.03499984741211,1741200,31.75,31.510000228881836,31.510000228881836
04-03-2010,31.475000381469727,31.614999771118164,1528200,31.780000686645508,31.760000228881836,31.760000228881836
05-03-2010,31.614999771118164,31.774999618530273,1567400,32.08000183105469,32.07500076293945,32.07500076293945
08-03-2010,31.264999389648438,32.07500076293945,3432200,32.275001525878906,31.280000686645508,31.280000686645508
09-03-2010,31.045000076293945,31.204999923706055,2356400,31.475000381469727,31.2450008392334,31.2450008392334
10-03-2010,30.3799991607666,31.200000762939453,4661800,31.325000762939453,30.450000762939453,30.450000762939453
11-03-2010,30.46500015258789,30.46500015258789,2435400,31.389999389648438,31.3700008392334,31.3700008392334
12-03-2010,31.100000381469727,31.3799991607666,1238200,31.3799991607666,31.184999465942383,31.184999465942383
15-03-2010,30.96500015258789,31.18000030517578,1130200,31.31999969482422,31.290000915527344,31.290000915527344
16-03-2010,31.010000228881836,31.280000686645508,876000,31.3799991607666,31.334999084472656,31.334999084472656
17-03-2010,31.200000762939453,31.334999084472656,1968200,31.729999542236328,31.69499969482422,31.69499969482422
18-03-2010,31.520000457763672,31.75,1151800,31.8799991607666,31.84000015258789,31.84000015258789
19-03-2010,31.614999771118164,31.684999465942383,1446600,31.924999237060547,31.684999465942383,31.684999465942383
22-03-2010,31.614999771118164,31.674999237060547,1202400,32.27000045776367,32.095001220703125,32.095001220703125
23-03-2010,31.649999618530273,32.18000030517578,1307600,32.18000030517578,31.90999984741211,31.90999984741211
24-03-2010,31.5,31.915000915527344,898600,31.950000762939453,31.604999542236328,31.604999542236328
25-03-2010,31.454999923706055,31.739999771118164,962400,31.825000762939453,31.475000381469727,31.475000381469727
26-03-2010,31.15999984741211,31.5,984600,31.5,31.309999465942383,31.309999465942383
29-03-2010,31.385000228881836,31.399999618530273,889000,31.6200008392334,31.545000076293945,31.545000076293945
30-03-2010,31.479999542236328,31.594999313354492,746000,31.7450008392334,31.709999084472656,31.709999084472656
31-03-2010,31.424999237060547,31.424999237060547,1238000,31.799999237060547,31.700000762939453,31.700000762939453
01-04-2010,31.625,31.829999923706055,993600,32.060001373291016,31.81999969482422,31.81999969482422
05-04-2010,31.825000762939453,31.934999465942383,1224800,32.119998931884766,31.989999771118164,31.989999771118164
06-04-2010,31.795000076293945,31.795000076293945,1199800,32.08000183105469,31.985000610351562,31.985000610351562
07-04-2010,31.90999984741211,32.029998779296875,1544800,32.435001373291016,32.30500030517578,32.30500030517578
08-04-2010,31.954999923706055,32.17499923706055,1080200,32.314998626708984,32.26499938964844,32.26499938964844
09-04-2010,32.119998931884766,32.224998474121094,2613400,33.07500076293945,33.029998779296875,33.029998779296875
12-04-2010,32.75,32.970001220703125,1770400,33.404998779296875,32.834999084472656,32.834999084472656
13-04-2010,32.64500045776367,32.86000061035156,1691400,33.15999984741211,33.1150016784668,33.1150016784668
14-04-2010,32.48500061035156,33.060001373291016,1982800,33.095001220703125,32.60499954223633,32.60499954223633
15-04-2010,32.20000076293945,32.595001220703125,1257600,32.599998474121094,32.375,32.375
16-04-2010,32.029998779296875,32.33000183105469,1273000,32.55500030517578,32.25,32.25
19-04-2010,32.07500076293945,32.22999954223633,1706000,32.70000076293945,32.494998931884766,32.494998931884766
20-04-2010,32.29499816894531,32.64500045776367,1468800,32.82500076293945,32.814998626708984,32.814998626708984
21-04-2010,32.540000915527344,32.86000061035156,1228000,32.86000061035156,32.73500061035156,32.73500061035156
22-04-2010,32.095001220703125,32.58000183105469,1740000,32.650001525878906,32.32500076293945,32.32500076293945
23-04-2010,32.03499984741211,32.255001068115234,1671400,32.439998626708984,32.41999816894531,32.41999816894531
26-04-2010,32.22999954223633,32.5099983215332,1049000,32.58000183105469,32.43000030517578,32.43000030517578
27-04-2010,32.154998779296875,32.26499938964844,2221600,32.75,32.19499969482422,32.19499969482422
28-04-2010,30.475000381469727,30.4950008392334,6453800,32.0099983215332,31.770000457763672,31.770000457763672
29-04-2010,31.729999542236328,31.975000381469727,2257800,32.005001068115234,31.979999542236328,31.979999542236328
30-04-2010,31.15999984741211,32.05500030517578,2984000,32.08000183105469,31.21500015258789,31.21500015258789
03-05-2010,31.2549991607666,31.2549991607666,2226600,31.649999618530273,31.645000457763672,31.645000457763672
04-05-2010,31.059999465942383,31.354999542236328,1848800,31.625,31.549999237060547,31.549999237060547
05-05-2010,31.510000228881836,31.510000228881836,2228000,31.954999923706055,31.80500030517578,31.80500030517578
06-05-2010,30.145000457763672,31.78499984741211,3181200,31.915000915527344,31.290000915527344,31.290000915527344
07-05-2010,30.459999084472656,31.024999618530273,3070800,31.149999618530273,30.575000762939453,30.575000762939453
10-05-2010,31.184999465942383,33.255001068115234,4442000,33.255001068115234,32.005001068115234,32.005001068115234
11-05-2010,31.614999771118164,31.69499969482422,1869800,31.93000030517578,31.829999923706055,31.829999923706055
12-05-2010,31.7450008392334,31.950000762939453,1734000,32.029998779296875,31.850000381469727,31.850000381469727
13-05-2010,31.6299991607666,31.854999542236328,1045000,32.02000045776367,31.770000457763672,31.770000457763672
14-05-2010,31.25,31.69499969482422,1344400,31.69499969482422,31.524999618530273,31.524999618530273
17-05-2010,31.3700008392334,31.645000457763672,1557200,31.96500015258789,31.864999771118164,31.864999771118164
18-05-2010,31.670000076293945,32.08000183105469,1520600,32.375,31.729999542236328,31.729999542236328
19-05-2010,31.600000381469727,31.71500015258789,1873000,31.96500015258789,31.850000381469727,31.850000381469727
20-05-2010,30.6200008392334,31.3700008392334,2469600,31.514999389648438,30.665000915527344,30.665000915527344
21-05-2010,29.674999237060547,29.899999618530273,3342400,30.65999984741211,30.639999389648438,30.639999389648438
24-05-2010,30.18000030517578,30.399999618530273,4141000,30.559999465942383,30.21500015258789,30.21500015258789
25-05-2010,29.475000381469727,29.690000534057617,3642600,30.44499969482422,30.44499969482422,30.44499969482422
26-05-2010,30.270000457763672,30.649999618530273,1927600,30.760000228881836,30.280000686645508,30.280000686645508
27-05-2010,30.69499969482422,30.69499969482422,3069800,31.610000610351562,31.584999084472656,31.584999084472656
28-05-2010,31.450000762939453,31.520000457763672,3763400,31.850000381469727,31.71500015258789,31.71500015258789
01-06-2010,31.334999084472656,31.399999618530273,3508600,32.06999969482422,31.5,31.5
02-06-2010,31.53499984741211,31.65999984741211,4009000,32.40999984741211,32.38999938964844,32.38999938964844
03-06-2010,32.42499923706055,32.47999954223633,3628200,32.82500076293945,32.689998626708984,32.689998626708984
04-06-2010,31.399999618530273,32.29499816894531,2599600,32.35499954223633,31.479999542236328,31.479999542236328
07-06-2010,31.295000076293945,31.549999237060547,2305800,31.90999984741211,31.31999969482422,31.31999969482422
08-06-2010,31.06999969482422,31.375,2878800,31.920000076293945,31.34000015258789,31.34000015258789
09-06-2010,31.06999969482422,31.4950008392334,2274800,31.635000228881836,31.165000915527344,31.165000915527344
10-06-2010,31.454999923706055,31.55500030517578,1534800,31.979999542236328,31.93000030517578,31.93000030517578
11-06-2010,31.7450008392334,31.844999313354492,1773400,32.36000061035156,32.36000061035156,32.36000061035156
14-06-2010,32.435001373291016,32.494998931884766,1886200,32.775001525878906,32.595001220703125,32.595001220703125
15-06-2010,32.619998931884766,32.665000915527344,2069600,32.869998931884766,32.79999923706055,32.79999923706055
16-06-2010,32.41999816894531,32.54999923706055,2391200,32.91999816894531,32.904998779296875,32.904998779296875
17-06-2010,32.79499816894531,32.939998626708984,1727200,33.30500030517578,33.290000915527344,33.290000915527344
18-06-2010,33.25,33.25,2699000,33.525001525878906,33.314998626708984,33.314998626708984
21-06-2010,32.30500030517578,33.38999938964844,2163200,33.47999954223633,32.459999084472656,32.459999084472656
22-06-2010,31.725000381469727,32.459999084472656,1315000,32.51499938964844,31.80500030517578,31.80500030517578
23-06-2010,31.25,31.649999618530273,1542400,31.764999389648438,31.6200008392334,31.6200008392334
24-06-2010,31.30500030517578,31.479999542236328,1283000,31.649999618530273,31.375,31.375
25-06-2010,31.200000762939453,31.420000076293945,2309800,31.8700008392334,31.65999984741211,31.65999984741211
28-06-2010,31.385000228881836,31.795000076293945,1185000,32.0099983215332,31.864999771118164,31.864999771118164
29-06-2010,31.25,31.59000015258789,1722000,31.725000381469727,31.364999771118164,31.364999771118164
30-06-2010,31.170000076293945,31.364999771118164,2106400,31.719999313354492,31.219999313354492,31.219999313354492
01-07-2010,30.334999084472656,31.264999389648438,2075400,31.274999618530273,30.860000610351562,30.860000610351562
02-07-2010,30.344999313354492,30.885000228881836,1589800,30.899999618530273,30.549999237060547,30.549999237060547
06-07-2010,29.850000381469727,30.895000457763672,6207400,30.895000457763672,30.19499969482422,30.19499969482422
07-07-2010,29.975000381469727,30.219999313354492,3085600,30.385000228881836,30.3799991607666,30.3799991607666
08-07-2010,29.834999084472656,30.4950008392334,3629400,30.700000762939453,29.985000610351562,29.985000610351562
09-07-2010,29.844999313354492,30.010000228881836,2002400,30.149999618530273,30.065000534057617,30.065000534057617
12-07-2010,30.0,30.0049991607666,1272000,30.31999969482422,30.25,30.25
13-07-2010,30.260000228881836,30.415000915527344,2485200,30.889999389648438,30.760000228881836,30.760000228881836
14-07-2010,30.440000534057617,30.645000457763672,1793200,30.985000610351562,30.665000915527344,30.665000915527344
15-07-2010,30.405000686645508,30.709999084472656,2759200,31.030000686645508,30.614999771118164,30.614999771118164
16-07-2010,29.950000762939453,30.40999984741211,2019400,30.59000015258789,30.0,30.0
19-07-2010,29.790000915527344,30.135000228881836,1306400,30.25,29.899999618530273,29.899999618530273
20-07-2010,29.524999618530273,29.575000762939453,1435000,30.024999618530273,30.024999618530273,30.024999618530273
21-07-2010,29.040000915527344,30.094999313354492,2580200,30.094999313354492,29.19499969482422,29.19499969482422
22-07-2010,28.8799991607666,29.454999923706055,2987000,29.649999618530273,29.0049991607666,29.0049991607666
23-07-2010,28.290000915527344,28.979999542236328,5729000,29.030000686645508,28.415000915527344,28.415000915527344
26-07-2010,28.5,28.635000228881836,4422400,30.545000076293945,30.43000030517578,30.43000030517578
27-07-2010,30.139999389648438,30.579999923706055,5370800,31.43000030517578,30.260000228881836,30.260000228881836
28-07-2010,29.450000762939453,30.204999923706055,3331800,30.309999465942383,29.635000228881836,29.635000228881836
29-07-2010,29.264999389648438,29.7549991607666,2229200,30.06999969482422,29.270000457763672,29.270000457763672
30-07-2010,28.625,28.985000610351562,5186800,29.114999771118164,28.65999984741211,28.65999984741211
02-08-2010,28.670000076293945,29.100000381469727,3078200,29.385000228881836,28.94499969482422,28.94499969482422
03-08-2010,29.229999542236328,29.229999542236328,7352200,31.219999313354492,30.549999237060547,30.549999237060547
04-08-2010,30.399999618530273,30.665000915527344,2297000,30.920000076293945,30.80500030517578,30.80500030517578
05-08-2010,30.649999618530273,30.649999618530273,3276200,31.96500015258789,31.594999313354492,31.594999313354492
06-08-2010,31.270000457763672,31.399999618530273,2025400,31.875,31.809999465942383,31.809999465942383
09-08-2010,31.604999542236328,31.84000015258789,1645800,32.040000915527344,31.80500030517578,31.80500030517578
10-08-2010,31.389999389648438,31.389999389648438,1799400,31.969999313354492,31.825000762939453,31.825000762939453
11-08-2010,31.274999618530273,31.440000534057617,2469000,31.6200008392334,31.524999618530273,31.524999618530273
12-08-2010,31.104999542236328,31.19499969482422,1636800,31.959999084472656,31.895000457763672,31.895000457763672
13-08-2010,31.790000915527344,31.850000381469727,1305800,32.13999938964844,32.040000915527344,32.040000915527344
16-08-2010,31.7549991607666,31.84000015258789,1355800,32.25,32.150001525878906,32.150001525878906
17-08-2010,32.224998474121094,32.224998474121094,1610400,32.564998626708984,32.380001068115234,32.380001068115234
18-08-2010,32.19499969482422,32.314998626708984,1408600,32.45000076293945,32.314998626708984,32.314998626708984
19-08-2010,31.600000381469727,32.33000183105469,1418400,32.334999084472656,31.834999084472656,31.834999084472656
20-08-2010,31.559999465942383,31.614999771118164,1027000,31.985000610351562,31.90999984741211,31.90999984741211
23-08-2010,31.975000381469727,32.05500030517578,981400,32.29999923706055,32.07500076293945,32.07500076293945
24-08-2010,31.825000762939453,31.924999237060547,2494800,32.255001068115234,32.099998474121094,32.099998474121094
25-08-2010,31.934999465942383,31.96500015258789,2140800,32.625,32.380001068115234,32.380001068115234
26-08-2010,31.8700008392334,32.505001068115234,1708000,32.505001068115234,32.04999923706055,32.04999923706055
27-08-2010,32.095001220703125,32.14500045776367,1860000,32.77000045776367,32.720001220703125,32.720001220703125
30-08-2010,32.60499954223633,32.66999816894531,1590600,32.900001525878906,32.619998931884766,32.619998931884766
31-08-2010,32.130001068115234,32.5,2495800,32.525001525878906,32.310001373291016,32.310001373291016
01-09-2010,31.809999465942383,32.52000045776367,3146200,32.72999954223633,31.940000534057617,31.940000534057617
02-09-2010,31.71500015258789,32.095001220703125,2544000,32.15999984741211,31.9950008392334,31.9950008392334
03-09-2010,31.9950008392334,32.10499954223633,1935000,32.25,32.150001525878906,32.150001525878906
07-09-2010,31.905000686645508,32.11000061035156,1756800,32.630001068115234,32.26499938964844,32.26499938964844
08-09-2010,32.084999084472656,32.20500183105469,1144000,32.42499923706055,32.31999969482422,32.31999969482422
09-09-2010,32.41999816894531,32.59000015258789,1305600,32.689998626708984,32.45000076293945,32.45000076293945
10-09-2010,32.32500076293945,32.44499969482422,786200,32.6150016784668,32.52000045776367,32.52000045776367
13-09-2010,32.1150016784668,32.67499923706055,1419600,32.80500030517578,32.290000915527344,32.290000915527344
14-09-2010,31.530000686645508,32.224998474121094,3421600,32.375,31.600000381469727,31.600000381469727
15-09-2010,31.670000076293945,31.674999237060547,2555200,32.6349983215332,32.630001068115234,32.630001068115234
16-09-2010,32.150001525878906,32.525001525878906,1551000,32.654998779296875,32.35499954223633,32.35499954223633
17-09-2010,32.29999923706055,32.470001220703125,1528600,32.70500183105469,32.46500015258789,32.46500015258789
20-09-2010,32.53499984741211,32.61000061035156,1048200,33.09000015258789,32.994998931884766,32.994998931884766
21-09-2010,32.939998626708984,33.064998626708984,2550200,33.71500015258789,33.27000045776367,33.27000045776367
22-09-2010,32.880001068115234,33.220001220703125,1412200,33.220001220703125,33.04499816894531,33.04499816894531
23-09-2010,32.564998626708984,32.79499816894531,2198800,33.54499816894531,33.14500045776367,33.14500045776367
24-09-2010,33.38999938964844,33.41999816894531,2474600,34.224998474121094,33.814998626708984,33.814998626708984
27-09-2010,33.68000030517578,33.845001220703125,1726600,33.94499969482422,33.689998626708984,33.689998626708984
28-09-2010,33.65999984741211,33.77000045776367,2274200,34.275001525878906,34.2400016784668,34.2400016784668
29-09-2010,34.07500076293945,34.19499969482422,4090400,34.69499969482422,34.474998474121094,34.474998474121094
30-09-2010,34.279998779296875,34.6150016784668,2581200,34.709999084472656,34.51499938964844,34.51499938964844
01-10-2010,34.29999923706055,34.58000183105469,2566400,34.98500061035156,34.435001373291016,34.435001373291016
04-10-2010,33.939998626708984,34.435001373291016,1810800,34.435001373291016,34.119998931884766,34.119998931884766
05-10-2010,34.189998626708984,34.43000030517578,2813800,34.70500183105469,34.60499954223633,34.60499954223633
06-10-2010,34.5,34.564998626708984,2315400,34.834999084472656,34.76499938964844,34.76499938964844
07-10-2010,34.79499816894531,34.80500030517578,3964800,35.959999084472656,35.80500030517578,35.80500030517578
08-10-2010,35.790000915527344,35.8849983215332,2263600,36.15999984741211,36.06999969482422,36.06999969482422
11-10-2010,35.61000061035156,36.064998626708984,2069000,36.06999969482422,35.96500015258789,35.96500015258789
12-10-2010,35.25,35.275001525878906,2778400,35.724998474121094,35.415000915527344,35.415000915527344
13-10-2010,35.33000183105469,35.45000076293945,2657200,35.560001373291016,35.40999984741211,35.40999984741211
14-10-2010,35.39500045776367,35.51499938964844,1737400,36.025001525878906,35.81999969482422,35.81999969482422
15-10-2010,35.814998626708984,36.04499816894531,1731000,36.25,36.150001525878906,36.150001525878906
18-10-2010,35.470001220703125,36.099998474121094,2712400,36.29999923706055,36.21500015258789,36.21500015258789
19-10-2010,35.45000076293945,35.89500045776367,1815400,36.06999969482422,35.6150016784668,35.6150016784668
20-10-2010,35.345001220703125,35.630001068115234,2019200,36.22999954223633,36.130001068115234,36.130001068115234
21-10-2010,35.46500015258789,36.06999969482422,2204400,36.47999954223633,35.959999084472656,35.959999084472656
22-10-2010,35.76499938964844,35.94499969482422,1598000,36.040000915527344,35.82500076293945,35.82500076293945
25-10-2010,35.77000045776367,36.01499938964844,1198200,36.18000030517578,35.8849983215332,35.8849983215332
26-10-2010,35.42499923706055,35.69499969482422,1471000,35.79999923706055,35.64500045776367,35.64500045776367
27-10-2010,35.20500183105469,35.435001373291016,1608200,35.73500061035156,35.40999984741211,35.40999984741211
28-10-2010,35.345001220703125,35.56999969482422,1190400,35.66999816894531,35.584999084472656,35.584999084472656
29-10-2010,35.435001373291016,35.48500061035156,1312000,36.16999816894531,35.875,35.875
01-11-2010,36.029998779296875,36.03499984741211,1557400,36.5099983215332,36.334999084472656,36.334999084472656
02-11-2010,36.404998779296875,36.5,1604200,36.89500045776367,36.70000076293945,36.70000076293945
03-11-2010,35.834999084472656,36.67499923706055,1476600,36.779998779296875,36.029998779296875,36.029998779296875
04-11-2010,35.790000915527344,36.17499923706055,2388000,36.38999938964844,36.165000915527344,36.165000915527344
05-11-2010,33.34000015258789,35.15999984741211,2939000,36.36000061035156,35.8849983215332,35.8849983215332
08-11-2010,35.755001068115234,35.84000015258789,1153400,36.099998474121094,36.01499938964844,36.01499938964844
09-11-2010,35.93000030517578,36.005001068115234,1718000,36.29999923706055,36.04999923706055,36.04999923706055
10-11-2010,35.560001373291016,36.005001068115234,1817400,36.05500030517578,36.03499984741211,36.03499984741211
11-11-2010,35.814998626708984,35.83000183105469,1626800,36.834999084472656,36.80500030517578,36.80500030517578
12-11-2010,36.42499923706055,36.70500183105469,1600600,36.70500183105469,36.44499969482422,36.44499969482422
15-11-2010,36.0099983215332,36.435001373291016,1665600,36.435001373291016,36.01499938964844,36.01499938964844
16-11-2010,35.45000076293945,35.8849983215332,2351400,36.150001525878906,35.625,35.625
17-11-2010,35.459999084472656,35.595001220703125,3177200,36.19499969482422,35.68000030517578,35.68000030517578
18-11-2010,35.81999969482422,35.904998779296875,2010600,36.33000183105469,36.15999984741211,36.15999984741211
19-11-2010,36.11000061035156,36.19499969482422,1538400,36.75,36.54999923706055,36.54999923706055
22-11-2010,36.3849983215332,36.5099983215332,2512800,36.84000015258789,36.63999938964844,36.63999938964844
23-11-2010,36.01499938964844,36.334999084472656,1143400,36.334999084472656,36.17499923706055,36.17499923706055
24-11-2010,36.19499969482422,36.19499969482422,1893400,36.654998779296875,36.470001220703125,36.470001220703125
26-11-2010,36.189998626708984,36.34000015258789,427600,36.46500015258789,36.21500015258789,36.21500015258789
29-11-2010,35.755001068115234,36.10499954223633,943800,36.334999084472656,36.13999938964844,36.13999938964844
30-11-2010,35.775001525878906,35.98500061035156,1589000,36.58000183105469,36.349998474121094,36.349998474121094
01-12-2010,36.66999816894531,36.66999816894531,1105800,37.30500030517578,37.02000045776367,37.02000045776367
02-12-2010,36.959999084472656,37.01499938964844,1522400,37.25,37.05500030517578,37.05500030517578
03-12-2010,36.79499816894531,36.959999084472656,1486200,37.08000183105469,37.04499816894531,37.04499816894531
06-12-2010,36.689998626708984,37.04499816894531,778600,37.09000015258789,36.70000076293945,36.70000076293945
07-12-2010,35.98500061035156,36.84000015258789,2067600,36.935001373291016,36.10499954223633,36.10499954223633
08-12-2010,35.72999954223633,36.084999084472656,1872600,36.19499969482422,35.845001220703125,35.845001220703125
09-12-2010,35.665000915527344,35.869998931884766,1712200,36.084999084472656,35.79999923706055,35.79999923706055
10-12-2010,35.619998931884766,36.154998779296875,2215400,36.54499816894531,35.65999984741211,35.65999984741211
13-12-2010,35.18000030517578,35.689998626708984,2003000,35.82500076293945,35.36000061035156,35.36000061035156
14-12-2010,35.2400016784668,35.25,1265000,35.69499969482422,35.64500045776367,35.64500045776367
15-12-2010,35.30500030517578,35.60499954223633,1589800,36.1349983215332,35.369998931884766,35.369998931884766
16-12-2010,34.57500076293945,35.29999923706055,3123200,35.36000061035156,34.85499954223633,34.85499954223633
17-12-2010,34.564998626708984,34.76499938964844,2463400,35.19499969482422,35.005001068115234,35.005001068115234
20-12-2010,34.43000030517578,35.165000915527344,1334200,35.22999954223633,34.56999969482422,34.56999969482422
21-12-2010,34.6349983215332,34.67499923706055,1878600,35.064998626708984,34.66999816894531,34.66999816894531
22-12-2010,34.56999969482422,34.63999938964844,1317800,35.099998474121094,35.025001525878906,35.025001525878906
23-12-2010,34.689998626708984,34.92499923706055,544200,35.02000045776367,34.709999084472656,34.709999084472656
27-12-2010,34.53499984741211,34.709999084472656,623000,34.915000915527344,34.76499938964844,34.76499938964844
28-12-2010,34.404998779296875,34.76499938964844,975800,34.78499984741211,34.73500061035156,34.73500061035156
29-12-2010,34.52000045776367,34.75,1204200,34.755001068115234,34.52000045776367,34.52000045776367
30-12-2010,34.525001525878906,34.53499984741211,1061000,35.0099983215332,34.89500045776367,34.89500045776367
31-12-2010,34.66999816894531,34.834999084472656,809400,34.959999084472656,34.744998931884766,34.744998931884766
03-01-2011,34.619998931884766,34.939998626708984,1857600,35.18000030517578,34.654998779296875,34.654998779296875
04-01-2011,34.54999923706055,34.814998626708984,2047200,35.209999084472656,35.15999984741211,35.15999984741211
05-01-2011,34.685001373291016,35.084999084472656,1959200,35.14500045776367,34.72999954223633,34.72999954223633
06-01-2011,34.505001068115234,34.71500015258789,1847200,34.92499923706055,34.53499984741211,34.53499984741211
07-01-2011,34.06999969482422,34.525001525878906,1295400,34.71500015258789,34.61000061035156,34.61000061035156
10-01-2011,34.42499923706055,34.46500015258789,1217200,34.72999954223633,34.69499969482422,34.69499969482422
11-01-2011,34.75,34.82500076293945,951000,35.209999084472656,35.0,35.0
12-01-2011,34.564998626708984,35.064998626708984,1180400,35.064998626708984,34.85499954223633,34.85499954223633
13-01-2011,34.78499984741211,34.85499954223633,950200,35.10499954223633,35.10499954223633,35.10499954223633
14-01-2011,35.025001525878906,35.04999923706055,2117600,35.654998779296875,35.60499954223633,35.60499954223633
18-01-2011,35.15999984741211,35.505001068115234,2846800,35.70500183105469,35.630001068115234,35.630001068115234
19-01-2011,35.290000915527344,35.474998474121094,1295800,35.7599983215332,35.564998626708984,35.564998626708984
20-01-2011,35.255001068115234,35.52000045776367,1337000,35.724998474121094,35.41999816894531,35.41999816894531
21-01-2011,35.130001068115234,35.6150016784668,2195000,35.70500183105469,35.349998474121094,35.349998474121094
24-01-2011,35.17499923706055,35.375,743000,35.59000015258789,35.334999084472656,35.334999084472656
25-01-2011,35.34000015258789,35.40999984741211,2752000,37.099998474121094,36.71500015258789,36.71500015258789
26-01-2011,36.48500061035156,36.71500015258789,1377800,36.8849983215332,36.755001068115234,36.755001068115234
27-01-2011,36.665000915527344,36.7599983215332,2636800,38.04999923706055,37.654998779296875,37.654998779296875
28-01-2011,36.959999084472656,37.65999984741211,1454200,37.779998779296875,37.13999938964844,37.13999938964844
31-01-2011,36.78499984741211,37.150001525878906,1929200,37.41999816894531,36.92499923706055,36.92499923706055
01-02-2011,37.025001525878906,37.064998626708984,1567600,37.69499969482422,37.375,37.375
02-02-2011,37.2400016784668,37.345001220703125,791600,37.45500183105469,37.30500030517578,37.30500030517578
03-02-2011,36.97999954223633,37.209999084472656,922600,37.584999084472656,37.43000030517578,37.43000030517578
04-02-2011,38.04999923706055,38.11000061035156,2122600,39.13999938964844,38.279998779296875,38.279998779296875
07-02-2011,37.91999816894531,38.31999969482422,1160400,38.619998931884766,37.97999954223633,37.97999954223633
08-02-2011,37.994998931884766,38.04499816894531,1129800,38.3849983215332,38.380001068115234,38.380001068115234
09-02-2011,37.849998474121094,38.25,1203200,38.33000183105469,37.994998931884766,37.994998931884766
10-02-2011,37.720001220703125,37.88999938964844,1039400,38.095001220703125,38.084999084472656,38.084999084472656
11-02-2011,38.439998626708984,38.51499938964844,3085000,39.849998474121094,39.255001068115234,39.255001068115234
14-02-2011,38.834999084472656,39.23500061035156,2300800,39.3650016784668,39.279998779296875,39.279998779296875
15-02-2011,38.75,39.025001525878906,1920600,39.599998474121094,39.55500030517578,39.55500030517578
16-02-2011,39.59000015258789,39.630001068115234,1822000,40.15999984741211,40.04999923706055,40.04999923706055
17-02-2011,39.60499954223633,39.83000183105469,1512000,40.04499816894531,40.02000045776367,40.02000045776367
18-02-2011,39.720001220703125,40.029998779296875,1954400,40.209999084472656,39.834999084472656,39.834999084472656
22-02-2011,39.099998474121094,39.439998626708984,1322400,39.75,39.154998779296875,39.154998779296875
23-02-2011,38.52000045776367,39.185001373291016,1724800,39.22999954223633,38.80500030517578,38.80500030517578
24-02-2011,38.540000915527344,38.73500061035156,1389400,39.029998779296875,38.7599983215332,38.7599983215332
25-02-2011,38.875,38.904998779296875,910200,39.30500030517578,39.290000915527344,39.290000915527344
28-02-2011,39.20000076293945,39.380001068115234,1802800,39.685001373291016,39.685001373291016,39.685001373291016
01-03-2011,39.650001525878906,39.755001068115234,1485400,40.150001525878906,39.76499938964844,39.76499938964844
02-03-2011,39.58000183105469,39.70500183105469,1319000,40.51499938964844,40.32500076293945,40.32500076293945
03-03-2011,40.290000915527344,40.70500183105469,1282200,40.79999923706055,40.400001525878906,40.400001525878906
04-03-2011,40.43000030517578,40.459999084472656,3768400,42.31999969482422,41.880001068115234,41.880001068115234
07-03-2011,41.0,41.97999954223633,1656400,42.224998474121094,41.2400016784668,41.2400016784668
08-03-2011,41.369998931884766,41.369998931884766,1490600,41.849998474121094,41.560001373291016,41.560001373291016
09-03-2011,41.14500045776367,41.5,1421600,41.53499984741211,41.15999984741211,41.15999984741211
10-03-2011,40.29499816894531,40.959999084472656,1999600,40.959999084472656,40.44499969482422,40.44499969482422
11-03-2011,40.18000030517578,40.349998474121094,1634600,41.064998626708984,40.88999938964844,40.88999938964844
14-03-2011,40.45500183105469,40.720001220703125,1177200,40.95500183105469,40.779998779296875,40.779998779296875
15-03-2011,39.875,40.220001220703125,2062000,40.5099983215332,40.26499938964844,40.26499938964844
16-03-2011,39.5,40.17499923706055,2031200,40.349998474121094,39.685001373291016,39.685001373291016
17-03-2011,39.875,40.26499938964844,1850000,40.46500015258789,40.279998779296875,40.279998779296875
18-03-2011,39.790000915527344,40.57500076293945,2126400,40.64500045776367,39.8849983215332,39.8849983215332
21-03-2011,39.595001220703125,40.255001068115234,1422400,40.29999923706055,39.86000061035156,39.86000061035156
22-03-2011,39.875,40.14500045776367,2016400,41.0099983215332,40.810001373291016,40.810001373291016
23-03-2011,40.619998931884766,40.67499923706055,2071600,41.685001373291016,41.435001373291016,41.435001373291016
24-03-2011,41.06999969482422,41.52000045776367,1349600,41.525001525878906,41.41999816894531,41.41999816894531
25-03-2011,41.42499923706055,41.5,834200,41.85499954223633,41.59000015258789,41.59000015258789
28-03-2011,41.4900016784668,41.64500045776367,878000,41.875,41.505001068115234,41.505001068115234
29-03-2011,41.16999816894531,41.345001220703125,1244200,41.5099983215332,41.505001068115234,41.505001068115234
30-03-2011,41.494998931884766,41.66999816894531,1079800,42.15999984741211,42.064998626708984,42.064998626708984
31-03-2011,41.98500061035156,41.98500061035156,2098600,42.94499969482422,42.755001068115234,42.755001068115234
01-04-2011,42.79999923706055,43.03499984741211,2269200,43.67499923706055,43.26499938964844,43.26499938964844
04-04-2011,43.10499954223633,43.470001220703125,2013400,44.040000915527344,43.3849983215332,43.3849983215332
05-04-2011,43.10499954223633,43.375,1518000,43.41999816894531,43.1349983215332,43.1349983215332
06-04-2011,43.25,43.25,1266400,43.529998779296875,43.46500015258789,43.46500015258789
07-04-2011,43.25,43.400001525878906,1045000,43.76499938964844,43.47999954223633,43.47999954223633
08-04-2011,43.17499923706055,43.72999954223633,1122000,43.88999938964844,43.334999084472656,43.334999084472656
11-04-2011,42.95000076293945,43.2400016784668,1339000,43.45000076293945,43.314998626708984,43.314998626708984
12-04-2011,43.08000183105469,43.279998779296875,1251600,43.7400016784668,43.220001220703125,43.220001220703125
13-04-2011,43.08000183105469,43.310001373291016,1399600,43.4900016784668,43.349998474121094,43.349998474121094
14-04-2011,42.96500015258789,43.17499923706055,1388800,43.54999923706055,43.474998474121094,43.474998474121094
15-04-2011,43.3650016784668,43.60499954223633,1700600,43.8849983215332,43.52000045776367,43.52000045776367
18-04-2011,42.665000915527344,43.18000030517578,1202000,43.25,43.060001373291016,43.060001373291016
19-04-2011,42.84000015258789,43.07500076293945,1500400,43.42499923706055,43.3849983215332,43.3849983215332
20-04-2011,43.5099983215332,43.75,1354600,44.084999084472656,43.69499969482422,43.69499969482422
21-04-2011,43.665000915527344,43.79499816894531,3079600,44.064998626708984,43.86000061035156,43.86000061035156
25-04-2011,43.599998474121094,43.84000015258789,1052000,44.165000915527344,43.98500061035156,43.98500061035156
26-04-2011,43.845001220703125,44.04999923706055,1549800,44.494998931884766,43.90999984741211,43.90999984741211
27-04-2011,43.64500045776367,44.025001525878906,2242800,44.08000183105469,43.92499923706055,43.92499923706055
28-04-2011,43.709999084472656,43.91999816894531,1974600,44.099998474121094,44.09000015258789,44.09000015258789
29-04-2011,43.904998779296875,44.06999969482422,1890000,44.18000030517578,44.04499816894531,44.04499816894531
02-05-2011,44.11000061035156,44.2400016784668,3609600,44.790000915527344,44.584999084472656,44.584999084472656
03-05-2011,42.29999923706055,44.4900016784668,6721400,44.5,42.95000076293945,42.95000076293945
04-05-2011,42.584999084472656,42.98500061035156,1993400,43.130001068115234,42.70000076293945,42.70000076293945
05-05-2011,41.939998626708984,42.599998474121094,2732400,42.849998474121094,42.23500061035156,42.23500061035156
06-05-2011,41.849998474121094,42.30500030517578,2186400,42.75,42.18000030517578,42.18000030517578
09-05-2011,41.67499923706055,42.14500045776367,2531000,42.279998779296875,41.900001525878906,41.900001525878906
10-05-2011,41.974998474121094,42.095001220703125,2966000,42.875,42.720001220703125,42.720001220703125
11-05-2011,42.4900016784668,42.724998474121094,1381600,42.970001220703125,42.875,42.875
12-05-2011,42.66999816894531,42.78499984741211,2451400,43.415000915527344,43.310001373291016,43.310001373291016
13-05-2011,42.65999984741211,43.30500030517578,1433800,43.345001220703125,42.79499816894531,42.79499816894531
16-05-2011,42.310001373291016,42.70000076293945,1002000,43.01499938964844,42.69499969482422,42.69499969482422
17-05-2011,42.41999816894531,42.595001220703125,1433800,43.07500076293945,43.02000045776367,43.02000045776367
18-05-2011,43.0,43.02000045776367,1110600,43.47999954223633,43.32500076293945,43.32500076293945
19-05-2011,43.14500045776367,43.415000915527344,879400,43.54499816894531,43.345001220703125,43.345001220703125
20-05-2011,42.63999938964844,43.439998626708984,1357600,43.439998626708984,42.810001373291016,42.810001373291016
23-05-2011,41.689998626708984,42.459999084472656,1429200,42.47999954223633,42.244998931884766,42.244998931884766
24-05-2011,41.82500076293945,42.33000183105469,1044600,42.349998474121094,41.82500076293945,41.82500076293945
25-05-2011,41.60499954223633,41.689998626708984,1686000,41.94499969482422,41.724998474121094,41.724998474121094
26-05-2011,41.435001373291016,41.61000061035156,1731800,42.1349983215332,41.970001220703125,41.970001220703125
27-05-2011,41.665000915527344,42.04499816894531,1249400,42.04499816894531,41.810001373291016,41.810001373291016
31-05-2011,41.869998931884766,42.13999938964844,2275200,42.13999938964844,42.025001525878906,42.025001525878906
01-06-2011,41.845001220703125,41.97999954223633,1531200,42.154998779296875,41.95000076293945,41.95000076293945
02-06-2011,41.744998931884766,41.939998626708984,1341400,42.27000045776367,42.209999084472656,42.209999084472656
03-06-2011,41.52000045776367,41.845001220703125,1776000,42.060001373291016,41.849998474121094,41.849998474121094
06-06-2011,41.36000061035156,41.70500183105469,1157400,41.71500015258789,41.46500015258789,41.46500015258789
07-06-2011,41.349998474121094,41.540000915527344,1216800,41.72999954223633,41.349998474121094,41.349998474121094
08-06-2011,41.255001068115234,41.39500045776367,1540600,41.75,41.630001068115234,41.630001068115234
09-06-2011,41.540000915527344,41.57500076293945,1145800,42.224998474121094,42.0099983215332,42.0099983215332
10-06-2011,41.40999984741211,41.86000061035156,1046400,41.935001373291016,41.51499938964844,41.51499938964844
13-06-2011,41.564998626708984,41.625,937400,41.89500045776367,41.595001220703125,41.595001220703125
14-06-2011,41.52000045776367,41.849998474121094,1128600,41.959999084472656,41.915000915527344,41.915000915527344
15-06-2011,41.474998474121094,41.685001373291016,1057800,42.029998779296875,41.60499954223633,41.60499954223633
16-06-2011,41.68000030517578,41.77000045776367,1879000,42.349998474121094,42.1150016784668,42.1150016784668
17-06-2011,41.96500015258789,42.349998474121094,1729400,42.54999923706055,42.03499984741211,42.03499984741211
20-06-2011,42.025001525878906,42.025001525878906,1819800,42.54499816894531,42.470001220703125,42.470001220703125
21-06-2011,42.275001525878906,42.66999816894531,1511200,42.75,42.369998931884766,42.369998931884766
22-06-2011,42.15999984741211,42.189998626708984,1831600,42.709999084472656,42.5099983215332,42.5099983215332
23-06-2011,41.5,42.119998931884766,1515800,42.35499954223633,42.19499969482422,42.19499969482422
24-06-2011,41.45000076293945,42.16999816894531,3662800,43.084999084472656,41.97999954223633,41.97999954223633
27-06-2011,41.689998626708984,41.88999938964844,1773600,42.505001068115234,42.44499969482422,42.44499969482422
28-06-2011,42.439998626708984,42.45000076293945,1528200,43.04999923706055,42.755001068115234,42.755001068115234
29-06-2011,42.5099983215332,42.900001525878906,1177400,42.900001525878906,42.77000045776367,42.77000045776367
30-06-2011,42.86000061035156,42.86000061035156,1034600,43.369998931884766,43.30500030517578,43.30500030517578
01-07-2011,43.099998474121094,43.334999084472656,1688400,43.73500061035156,43.599998474121094,43.599998474121094
05-07-2011,43.755001068115234,43.755001068115234,1959600,44.505001068115234,44.025001525878906,44.025001525878906
06-07-2011,43.810001373291016,44.040000915527344,919000,44.349998474121094,44.25,44.25
07-07-2011,44.290000915527344,44.46500015258789,1064800,44.880001068115234,44.68000030517578,44.68000030517578
08-07-2011,43.95000076293945,44.5,904600,44.5,44.334999084472656,44.334999084472656
11-07-2011,43.375,43.98500061035156,1135400,44.084999084472656,43.5,43.5
12-07-2011,43.564998626708984,43.564998626708984,876200,44.064998626708984,43.7599983215332,43.7599983215332
13-07-2011,43.44499969482422,43.869998931884766,708000,44.1349983215332,43.595001220703125,43.595001220703125
14-07-2011,43.39500045776367,43.60499954223633,737200,43.89500045776367,43.5,43.5
15-07-2011,43.30500030517578,43.63999938964844,913200,43.779998779296875,43.54999923706055,43.54999923706055
18-07-2011,42.66999816894531,43.47999954223633,1272600,43.584999084472656,42.92499923706055,42.92499923706055
19-07-2011,43.10499954223633,43.52000045776367,1252800,43.8849983215332,43.30500030517578,43.30500030517578
20-07-2011,42.89500045776367,43.185001373291016,652200,43.44499969482422,43.16999816894531,43.16999816894531
21-07-2011,43.29499816894531,43.39500045776367,1309600,43.88999938964844,43.349998474121094,43.349998474121094
22-07-2011,42.900001525878906,43.255001068115234,726400,43.43000030517578,42.94499969482422,42.94499969482422
25-07-2011,42.435001373291016,42.709999084472656,938800,42.86000061035156,42.45000076293945,42.45000076293945
26-07-2011,41.939998626708984,42.23500061035156,1028800,42.41999816894531,42.084999084472656,42.084999084472656
27-07-2011,41.27000045776367,41.900001525878906,1186000,41.900001525878906,41.32500076293945,41.32500076293945
28-07-2011,41.16999816894531,41.5,1967600,41.73500061035156,41.529998779296875,41.529998779296875
29-07-2011,41.095001220703125,41.4900016784668,2736600,42.119998931884766,41.77000045776367,41.77000045776367
01-08-2011,39.3849983215332,41.939998626708984,4685400,41.939998626708984,39.834999084472656,39.834999084472656
02-08-2011,39.5,39.52000045776367,3154000,40.560001373291016,39.86000061035156,39.86000061035156
03-08-2011,38.904998779296875,39.849998474121094,3681200,40.3650016784668,39.21500015258789,39.21500015258789
04-08-2011,38.69499969482422,41.38999938964844,7629000,41.95500183105469,38.904998779296875,38.904998779296875
05-08-2011,38.310001373291016,39.18000030517578,4900800,39.70000076293945,39.13999938964844,39.13999938964844
08-08-2011,35.400001525878906,38.14500045776367,6294200,39.0099983215332,35.790000915527344,35.790000915527344
09-08-2011,35.185001373291016,36.119998931884766,3708600,37.20500183105469,37.185001373291016,37.185001373291016
10-08-2011,35.3650016784668,36.720001220703125,2904600,37.08000183105469,35.435001373291016,35.435001373291016
11-08-2011,35.369998931884766,35.505001068115234,4927200,36.6349983215332,36.20000076293945,36.20000076293945
12-08-2011,36.08000183105469,36.3650016784668,3338200,36.845001220703125,36.3849983215332,36.3849983215332
15-08-2011,36.53499984741211,36.6150016784668,2469000,37.494998931884766,37.33000183105469,37.33000183105469
16-08-2011,36.810001373291016,37.14500045776367,2663600,37.68000030517578,37.04499816894531,37.04499816894531
17-08-2011,36.595001220703125,37.189998626708984,1436600,37.56999969482422,36.720001220703125,36.720001220703125
18-08-2011,34.9900016784668,36.16999816894531,2534400,36.18000030517578,35.29499816894531,35.29499816894531
19-08-2011,34.630001068115234,34.85499954223633,3144200,35.654998779296875,34.81999969482422,34.81999969482422
22-08-2011,34.52000045776367,35.44499969482422,1848000,35.44499969482422,34.64500045776367,34.64500045776367
23-08-2011,34.39500045776367,34.790000915527344,3442000,35.8650016784668,35.849998474121094,35.849998474121094
24-08-2011,35.119998931884766,35.720001220703125,1988200,35.95000076293945,35.790000915527344,35.790000915527344
25-08-2011,34.6349983215332,36.0,2822800,36.064998626708984,34.77000045776367,34.77000045776367
26-08-2011,33.86000061035156,34.54999923706055,2273200,35.97999954223633,35.970001220703125,35.970001220703125
29-08-2011,36.165000915527344,36.25,1855000,37.14500045776367,37.08000183105469,37.08000183105469
30-08-2011,36.560001373291016,36.84000015258789,1259200,37.255001068115234,36.9900016784668,36.9900016784668
31-08-2011,36.45500183105469,37.165000915527344,1900800,37.53499984741211,36.790000915527344,36.790000915527344
01-09-2011,36.60499954223633,36.869998931884766,1603200,37.66999816894531,36.650001525878906,36.650001525878906
02-09-2011,35.60499954223633,36.1150016784668,1981800,36.55500030517578,35.68000030517578,35.68000030517578
06-09-2011,34.599998474121094,34.7599983215332,1892400,36.20500183105469,36.02000045776367,36.02000045776367
07-09-2011,36.27000045776367,36.275001525878906,2265400,37.51499938964844,37.375,37.375
08-09-2011,36.63999938964844,37.099998474121094,1724600,37.494998931884766,36.68000030517578,36.68000030517578
09-09-2011,35.45500183105469,36.45500183105469,2243800,36.4900016784668,35.68000030517578,35.68000030517578
12-09-2011,35.084999084472656,35.26499938964844,1924000,35.95000076293945,35.88999938964844,35.88999938964844
13-09-2011,35.41999816894531,35.900001525878906,2107200,36.04999923706055,35.935001373291016,35.935001373291016
14-09-2011,35.45000076293945,36.154998779296875,1731200,37.084999084472656,36.5099983215332,36.5099983215332
15-09-2011,36.095001220703125,36.89500045776367,2901200,37.04499816894531,37.005001068115234,37.005001068115234
16-09-2011,36.279998779296875,37.16999816894531,3160600,37.2400016784668,36.474998474121094,36.474998474121094
19-09-2011,35.625,36.04499816894531,2264000,36.73500061035156,36.48500061035156,36.48500061035156
20-09-2011,36.42499923706055,36.65999984741211,1984000,37.380001068115234,36.709999084472656,36.709999084472656
21-09-2011,36.16999816894531,36.77000045776367,2592800,37.23500061035156,36.185001373291016,36.185001373291016
22-09-2011,34.34000015258789,35.474998474121094,3509800,35.650001525878906,34.58000183105469,34.58000183105469
23-09-2011,33.78499984741211,34.3849983215332,3196400,34.650001525878906,33.970001220703125,33.970001220703125
26-09-2011,33.64500045776367,34.13999938964844,2273800,34.71500015258789,34.66999816894531,34.66999816894531
27-09-2011,34.95500183105469,35.369998931884766,3219000,36.415000915527344,35.755001068115234,35.755001068115234
28-09-2011,34.45000076293945,35.724998474121094,2179000,35.77000045776367,34.4900016784668,34.4900016784668
29-09-2011,29.80500030517578,33.9900016784668,12025800,34.02000045776367,31.46500015258789,31.46500015258789
30-09-2011,30.899999618530273,30.954999923706055,4865000,32.61000061035156,31.334999084472656,31.334999084472656
03-10-2011,30.2450008392334,31.100000381469727,4184200,31.420000076293945,30.31999969482422,30.31999969482422
04-10-2011,29.56999969482422,29.8700008392334,3200000,30.645000457763672,30.485000610351562,30.485000610351562
05-10-2011,30.235000610351562,30.729999542236328,2751200,31.475000381469727,31.329999923706055,31.329999923706055
06-10-2011,30.655000686645508,31.184999465942383,2633600,32.279998779296875,32.23500061035156,32.23500061035156
07-10-2011,30.7549991607666,32.22999954223633,3367600,32.26499938964844,30.844999313354492,30.844999313354492
10-10-2011,31.19499969482422,31.454999923706055,3100400,31.760000228881836,31.524999618530273,31.524999618530273
11-10-2011,31.375,31.454999923706055,1851600,32.07500076293945,31.90999984741211,31.90999984741211
12-10-2011,31.760000228881836,32.1349983215332,1843600,32.4900016784668,31.780000686645508,31.780000686645508
13-10-2011,30.96500015258789,31.719999313354492,2102800,31.975000381469727,31.450000762939453,31.450000762939453
14-10-2011,31.31999969482422,31.94499969482422,1993000,32.005001068115234,31.530000686645508,31.530000686645508
17-10-2011,30.7450008392334,31.204999923706055,1602200,31.600000381469727,30.81999969482422,30.81999969482422
18-10-2011,31.774999618530273,32.5,6062000,33.27000045776367,32.69499969482422,32.69499969482422
19-10-2011,32.71500015258789,32.71500015258789,4747800,34.0,33.375,33.375
20-10-2011,33.05500030517578,33.23500061035156,3376800,33.685001373291016,33.494998931884766,33.494998931884766
21-10-2011,33.67499923706055,33.96500015258789,2540800,34.724998474121094,34.60499954223633,34.60499954223633
24-10-2011,33.959999084472656,34.5099983215332,2783400,34.82500076293945,34.400001525878906,34.400001525878906
25-10-2011,33.279998779296875,33.59000015258789,3037400,34.494998931884766,33.994998931884766,33.994998931884766
26-10-2011,33.85499954223633,34.52000045776367,2390400,34.685001373291016,34.404998779296875,34.404998779296875
27-10-2011,35.005001068115234,35.150001525878906,2909600,36.20000076293945,36.0099983215332,36.0099983215332
28-10-2011,35.58000183105469,35.775001525878906,2282200,36.459999084472656,36.349998474121094,36.349998474121094
31-10-2011,34.994998931884766,36.20500183105469,1678000,36.20500183105469,35.0,35.0
01-11-2011,33.45500183105469,34.04499816894531,2298600,34.345001220703125,34.11000061035156,34.11000061035156
02-11-2011,34.334999084472656,34.599998474121094,1807800,35.3650016784668,35.06999969482422,35.06999969482422
03-11-2011,35.52000045776367,35.650001525878906,4903400,37.435001373291016,36.7599983215332,36.7599983215332
04-11-2011,35.3849983215332,36.35499954223633,2748600,37.470001220703125,36.98500061035156,36.98500061035156
07-11-2011,36.380001068115234,36.89500045776367,1462800,37.58000183105469,37.04999923706055,37.04999923706055
08-11-2011,36.64500045776367,37.29999923706055,1578000,37.53499984741211,37.22999954223633,37.22999954223633
09-11-2011,36.154998779296875,36.220001220703125,1899600,36.849998474121094,36.34000015258789,36.34000015258789
10-11-2011,36.27000045776367,36.630001068115234,1372000,36.95500183105469,36.69499969482422,36.69499969482422
11-11-2011,36.959999084472656,37.064998626708984,1490200,37.375,37.16999816894531,37.16999816894531
14-11-2011,36.59000015258789,36.98500061035156,943000,37.18000030517578,36.915000915527344,36.915000915527344
15-11-2011,36.400001525878906,36.89500045776367,1183200,37.11000061035156,36.83000183105469,36.83000183105469
16-11-2011,35.904998779296875,36.20500183105469,2168800,37.400001525878906,36.67499923706055,36.67499923706055
17-11-2011,35.41999816894531,36.53499984741211,1951400,36.56999969482422,35.630001068115234,35.630001068115234
18-11-2011,35.755001068115234,35.8650016784668,2872400,36.80500030517578,36.685001373291016,36.685001373291016
21-11-2011,35.6150016784668,35.9900016784668,2348800,36.46500015258789,36.34000015258789,36.34000015258789
22-11-2011,35.92499923706055,36.3849983215332,2720000,36.69499969482422,36.51499938964844,36.51499938964844
23-11-2011,35.89500045776367,36.165000915527344,1842200,36.415000915527344,36.18000030517578,36.18000030517578
25-11-2011,35.89500045776367,35.94499969482422,907800,36.915000915527344,36.42499923706055,36.42499923706055
28-11-2011,36.939998626708984,37.040000915527344,1855600,37.654998779296875,37.22999954223633,37.22999954223633
29-11-2011,36.93000030517578,37.255001068115234,1679800,37.775001525878906,37.084999084472656,37.084999084472656
30-11-2011,37.470001220703125,37.849998474121094,2630800,38.130001068115234,38.09000015258789,38.09000015258789
01-12-2011,37.97999954223633,38.189998626708984,2093600,38.665000915527344,38.310001373291016,38.310001373291016
02-12-2011,38.31999969482422,38.625,1965400,38.869998931884766,38.404998779296875,38.404998779296875
05-12-2011,37.68000030517578,38.93000030517578,2030800,39.06999969482422,38.20500183105469,38.20500183105469
06-12-2011,37.625,38.025001525878906,1128200,38.22999954223633,37.82500076293945,37.82500076293945
07-12-2011,37.18000030517578,37.560001373291016,1059000,37.90999984741211,37.709999084472656,37.709999084472656
08-12-2011,36.900001525878906,37.584999084472656,844200,37.845001220703125,36.959999084472656,36.959999084472656
09-12-2011,36.92499923706055,37.14500045776367,1584800,37.35499954223633,37.30500030517578,37.30500030517578
12-12-2011,36.4900016784668,37.09000015258789,890000,37.2599983215332,36.63999938964844,36.63999938964844
13-12-2011,36.25,36.875,1524400,37.220001220703125,36.380001068115234,36.380001068115234
14-12-2011,36.22999954223633,36.375,1168600,36.525001525878906,36.30500030517578,36.30500030517578
15-12-2011,36.59000015258789,36.68000030517578,1345400,37.20000076293945,36.91999816894531,36.91999816894531
16-12-2011,36.85499954223633,37.255001068115234,1412000,37.4900016784668,37.07500076293945,37.07500076293945
19-12-2011,36.435001373291016,37.10499954223633,926800,37.334999084472656,36.560001373291016,36.560001373291016
20-12-2011,37.0099983215332,37.18000030517578,1042600,37.404998779296875,37.34000015258789,37.34000015258789
21-12-2011,37.095001220703125,37.3650016784668,954400,37.7400016784668,37.474998474121094,37.474998474121094
22-12-2011,37.42499923706055,37.625,1085000,38.125,37.95500183105469,37.95500183105469
23-12-2011,37.76499938964844,38.04999923706055,636400,38.25,38.244998931884766,38.244998931884766
27-12-2011,37.9900016784668,38.224998474121094,482600,38.45500183105469,38.209999084472656,38.209999084472656
28-12-2011,37.60499954223633,38.28499984741211,457800,38.3650016784668,37.67499923706055,37.67499923706055
29-12-2011,37.55500030517578,37.790000915527344,550600,38.03499984741211,37.974998474121094,37.974998474121094
30-12-2011,37.904998779296875,38.029998779296875,525000,38.165000915527344,37.904998779296875,37.904998779296875
03-01-2012,38.334999084472656,38.654998779296875,781600,38.95500183105469,38.564998626708984,38.564998626708984
04-01-2012,38.32500076293945,38.525001525878906,1018800,38.72999954223633,38.665000915527344,38.665000915527344
05-01-2012,38.29999923706055,38.494998931884766,1089600,38.84000015258789,38.78499984741211,38.78499984741211
06-01-2012,38.70000076293945,38.78499984741211,528800,39.27000045776367,38.90999984741211,38.90999984741211
09-01-2012,38.64500045776367,39.09000015258789,979800,39.125,38.89500045776367,38.89500045776367
10-01-2012,39.11000061035156,39.27000045776367,1069000,39.45000076293945,39.310001373291016,39.310001373291016
11-01-2012,38.900001525878906,39.30500030517578,1078000,39.34000015258789,39.279998779296875,39.279998779296875
12-01-2012,38.994998931884766,39.36000061035156,1229200,39.525001525878906,39.439998626708984,39.439998626708984
13-01-2012,38.810001373291016,39.19499969482422,718400,39.3849983215332,39.224998474121094,39.224998474121094
17-01-2012,39.20000076293945,39.43000030517578,655600,39.7400016784668,39.3650016784668,39.3650016784668
18-01-2012,39.10499954223633,39.28499984741211,1040400,39.5,39.224998474121094,39.224998474121094
19-01-2012,39.14500045776367,39.36000061035156,1382400,39.994998931884766,39.875,39.875
20-01-2012,39.66999816894531,39.92499923706055,1527200,40.63999938964844,39.8849983215332,39.8849983215332
23-01-2012,39.88999938964844,39.90999984741211,1660800,40.29499816894531,40.220001220703125,40.220001220703125
24-01-2012,40.07500076293945,40.07500076293945,676600,40.564998626708984,40.435001373291016,40.435001373291016
25-01-2012,40.0,40.27000045776367,1020000,41.0099983215332,40.93000030517578,40.93000030517578
26-01-2012,40.26499938964844,41.130001068115234,1117000,41.564998626708984,40.45000076293945,40.45000076293945
27-01-2012,40.33000183105469,40.4900016784668,1570600,40.77000045776367,40.57500076293945,40.57500076293945
30-01-2012,40.0,40.290000915527344,1013200,40.70000076293945,40.70000076293945,40.70000076293945
31-01-2012,40.77000045776367,40.974998474121094,1008200,41.334999084472656,40.904998779296875,40.904998779296875
01-02-2012,41.17499923706055,41.36000061035156,1733000,42.20000076293945,41.94499969482422,41.94499969482422
02-02-2012,41.244998931884766,41.939998626708984,1142800,41.939998626708984,41.435001373291016,41.435001373291016
03-02-2012,41.584999084472656,41.790000915527344,995000,42.03499984741211,41.959999084472656,41.959999084472656
06-02-2012,41.439998626708984,41.76499938964844,1952400,42.13999938964844,42.1150016784668,42.1150016784668
07-02-2012,41.52000045776367,42.03499984741211,1101000,42.32500076293945,41.89500045776367,41.89500045776367
08-02-2012,41.439998626708984,41.97999954223633,1144400,42.060001373291016,41.849998474121094,41.849998474121094
09-02-2012,41.34000015258789,41.90999984741211,1907800,42.040000915527344,42.005001068115234,42.005001068115234
10-02-2012,41.39500045776367,41.77000045776367,853800,42.005001068115234,41.98500061035156,41.98500061035156
13-02-2012,41.654998779296875,42.13999938964844,1352400,42.165000915527344,41.97999954223633,41.97999954223633
14-02-2012,41.8650016784668,41.900001525878906,2200400,42.46500015258789,42.375,42.375
15-02-2012,42.560001373291016,43.334999084472656,1625400,43.7400016784668,42.94499969482422,42.94499969482422
16-02-2012,42.56999969482422,42.875,1404400,43.005001068115234,42.7400016784668,42.7400016784668
17-02-2012,42.57500076293945,44.21500015258789,3054000,44.45000076293945,42.86000061035156,42.86000061035156
21-02-2012,42.525001525878906,42.96500015258789,1790400,43.314998626708984,43.0,43.0
22-02-2012,42.64500045776367,43.04999923706055,1971000,43.07500076293945,42.959999084472656,42.959999084472656
23-02-2012,42.689998626708984,42.970001220703125,1459200,43.01499938964844,42.98500061035156,42.98500061035156
24-02-2012,42.82500076293945,42.93000030517578,1303200,43.5,43.400001525878906,43.400001525878906
27-02-2012,42.974998474121094,43.17499923706055,1666600,43.435001373291016,43.10499954223633,43.10499954223633
28-02-2012,42.904998779296875,43.18000030517578,1111600,43.48500061035156,43.380001068115234,43.380001068115234
29-02-2012,43.20000076293945,43.349998474121094,1423000,43.525001525878906,43.275001525878906,43.275001525878906
01-03-2012,43.13999938964844,43.334999084472656,913200,43.494998931884766,43.40999984741211,43.40999984741211
02-03-2012,43.19499969482422,43.36000061035156,1099600,43.51499938964844,43.3650016784668,43.3650016784668
05-03-2012,43.21500015258789,43.21500015258789,1308600,43.654998779296875,43.29999923706055,43.29999923706055
06-03-2012,42.79999923706055,43.060001373291016,1607200,43.275001525878906,42.92499923706055,42.92499923706055
07-03-2012,42.93000030517578,43.0,872000,43.45000076293945,43.28499984741211,43.28499984741211
08-03-2012,43.380001068115234,43.529998779296875,1256400,44.21500015258789,43.900001525878906,43.900001525878906
09-03-2012,43.05500030517578,43.974998474121094,2956800,44.494998931884766,43.11000061035156,43.11000061035156
12-03-2012,42.654998779296875,43.099998474121094,1628600,43.185001373291016,43.125,43.125
13-03-2012,42.9900016784668,43.25,1220600,43.625,43.59000015258789,43.59000015258789
14-03-2012,43.560001373291016,43.650001525878906,1049400,44.029998779296875,43.959999084472656,43.959999084472656
15-03-2012,43.595001220703125,43.994998931884766,1108400,44.005001068115234,43.96500015258789,43.96500015258789
16-03-2012,44.0099983215332,44.06999969482422,1366400,44.40999984741211,44.29499816894531,44.29499816894531
19-03-2012,43.80500030517578,44.404998779296875,862000,44.44499969482422,44.05500030517578,44.05500030517578
20-03-2012,43.599998474121094,43.92499923706055,581800,43.92499923706055,43.775001525878906,43.775001525878906
21-03-2012,43.57500076293945,43.72999954223633,939400,44.07500076293945,44.005001068115234,44.005001068115234
22-03-2012,43.40999984741211,43.77000045776367,833400,43.84000015258789,43.70500183105469,43.70500183105469
23-03-2012,43.1349983215332,43.68000030517578,1095200,43.7400016784668,43.29999923706055,43.29999923706055
26-03-2012,43.42499923706055,43.5,985800,44.2599983215332,44.22999954223633,44.22999954223633
27-03-2012,43.935001373291016,44.36000061035156,784200,44.435001373291016,44.28499984741211,44.28499984741211
28-03-2012,43.88999938964844,44.404998779296875,992800,44.650001525878906,44.125,44.125
29-03-2012,43.89500045776367,43.94499969482422,1328000,44.89500045776367,44.63999938964844,44.63999938964844
30-03-2012,44.68000030517578,44.900001525878906,1498200,45.209999084472656,45.084999084472656,45.084999084472656
02-04-2012,44.625,45.0,1041600,45.04999923706055,44.86000061035156,44.86000061035156
03-04-2012,44.56999969482422,44.80500030517578,1049800,45.02000045776367,44.709999084472656,44.709999084472656
04-04-2012,43.029998779296875,44.224998474121094,3630400,44.224998474121094,43.45000076293945,43.45000076293945
05-04-2012,43.005001068115234,43.345001220703125,1625200,43.564998626708984,43.494998931884766,43.494998931884766
09-04-2012,42.470001220703125,43.05500030517578,1272600,43.06999969482422,42.744998931884766,42.744998931884766
10-04-2012,42.17499923706055,42.599998474121094,2190000,43.04999923706055,42.380001068115234,42.380001068115234
11-04-2012,42.529998779296875,42.67499923706055,1286400,42.904998779296875,42.82500076293945,42.82500076293945
12-04-2012,42.849998474121094,42.8849983215332,1364800,43.5,43.369998931884766,43.369998931884766
13-04-2012,42.775001525878906,43.21500015258789,764000,43.3650016784668,42.8849983215332,42.8849983215332
16-04-2012,42.595001220703125,42.994998931884766,791400,43.029998779296875,42.790000915527344,42.790000915527344
17-04-2012,42.834999084472656,42.91999816894531,1108200,43.4900016784668,43.32500076293945,43.32500076293945
18-04-2012,43.060001373291016,43.099998474121094,904800,43.5,43.38999938964844,43.38999938964844
19-04-2012,43.17499923706055,43.375,939000,43.63999938964844,43.599998474121094,43.599998474121094
20-04-2012,43.54999923706055,43.665000915527344,1360600,43.834999084472656,43.810001373291016,43.810001373291016
23-04-2012,42.98500061035156,43.584999084472656,1061000,43.584999084472656,43.11000061035156,43.11000061035156
24-04-2012,42.79499816894531,43.119998931884766,775800,43.25,43.19499969482422,43.19499969482422
25-04-2012,43.435001373291016,43.45000076293945,1027200,44.05500030517578,43.959999084472656,43.959999084472656
26-04-2012,43.69499969482422,43.80500030517578,870200,44.18000030517578,44.1150016784668,44.1150016784668
27-04-2012,44.095001220703125,44.095001220703125,1257600,44.755001068115234,44.584999084472656,44.584999084472656
30-04-2012,44.0099983215332,44.58000183105469,1343600,44.625,44.290000915527344,44.290000915527344
01-05-2012,44.09000015258789,44.375,1782400,45.040000915527344,44.814998626708984,44.814998626708984
02-05-2012,42.564998626708984,43.53499984741211,3499200,44.63999938964844,43.209999084472656,43.209999084472656
03-05-2012,42.404998779296875,42.9900016784668,2002400,43.34000015258789,42.63999938964844,42.63999938964844
04-05-2012,42.16999816894531,42.625,1550200,42.625,42.189998626708984,42.189998626708984
07-05-2012,42.029998779296875,42.275001525878906,1683800,42.4900016784668,42.32500076293945,42.32500076293945
08-05-2012,41.76499938964844,42.220001220703125,1767800,42.81999969482422,42.720001220703125,42.720001220703125
09-05-2012,42.20000076293945,42.494998931884766,2676400,42.95000076293945,42.755001068115234,42.755001068115234
10-05-2012,41.994998931884766,42.96500015258789,2167600,42.970001220703125,42.084999084472656,42.084999084472656
11-05-2012,41.125,41.88999938964844,3673000,42.060001373291016,41.44499969482422,41.44499969482422
14-05-2012,40.46500015258789,41.220001220703125,2729200,41.39500045776367,40.994998931884766,40.994998931884766
15-05-2012,40.869998931884766,40.92499923706055,1876000,41.255001068115234,41.1150016784668,41.1150016784668
16-05-2012,41.0,41.17499923706055,2220800,41.70500183105469,41.3849983215332,41.3849983215332
17-05-2012,40.654998779296875,41.45000076293945,1273000,41.64500045776367,40.66999816894531,40.66999816894531
18-05-2012,40.275001525878906,40.834999084472656,1338600,40.95000076293945,40.404998779296875,40.404998779296875
21-05-2012,38.904998779296875,40.18000030517578,11426200,42.974998474121094,42.400001525878906,42.400001525878906
22-05-2012,39.959999084472656,42.4900016784668,7053200,42.599998474121094,40.125,40.125
23-05-2012,39.595001220703125,39.9900016784668,3851400,40.32500076293945,40.19499969482422,40.19499969482422
24-05-2012,40.32500076293945,40.415000915527344,4286000,41.029998779296875,41.0099983215332,41.0099983215332
25-05-2012,40.71500015258789,40.9900016784668,1723200,41.52000045776367,40.880001068115234,40.880001068115234
29-05-2012,41.125,41.189998626708984,1775600,41.52000045776367,41.349998474121094,41.349998474121094
30-05-2012,40.564998626708984,41.125,1929600,41.165000915527344,40.82500076293945,40.82500076293945
31-05-2012,40.244998931884766,40.72999954223633,1852200,40.8849983215332,40.625,40.625
01-06-2012,40.005001068115234,40.01499938964844,1793400,40.314998626708984,40.1150016784668,40.1150016784668
04-06-2012,40.01499938964844,40.165000915527344,1669200,40.55500030517578,40.529998779296875,40.529998779296875
05-06-2012,40.17499923706055,40.34000015258789,1765200,41.310001373291016,41.275001525878906,41.275001525878906
06-06-2012,41.060001373291016,41.38999938964844,1738800,41.93000030517578,41.915000915527344,41.915000915527344
07-06-2012,42.025001525878906,42.45500183105469,3001000,43.0099983215332,42.150001525878906,42.150001525878906
08-06-2012,41.900001525878906,42.03499984741211,2196200,42.845001220703125,42.79999923706055,42.79999923706055
11-06-2012,42.41999816894531,43.0099983215332,1864200,43.060001373291016,42.46500015258789,42.46500015258789
12-06-2012,42.33000183105469,42.595001220703125,1145000,43.0,42.974998474121094,42.974998474121094
13-06-2012,42.599998474121094,42.79499816894531,1790200,43.724998474121094,43.4900016784668,43.4900016784668
14-06-2012,43.42499923706055,43.630001068115234,1638600,44.21500015258789,44.05500030517578,44.05500030517578
15-06-2012,44.01499938964844,44.244998931884766,1328000,44.7400016784668,44.689998626708984,44.689998626708984
18-06-2012,44.40999984741211,44.560001373291016,1869400,45.94499969482422,45.75,45.75
19-06-2012,45.900001525878906,45.900001525878906,2601800,46.93000030517578,46.77000045776367,46.77000045776367
20-06-2012,46.53499984741211,46.8849983215332,2443800,47.20500183105469,46.89500045776367,46.89500045776367
21-06-2012,45.84000015258789,47.025001525878906,2603600,47.2400016784668,45.92499923706055,45.92499923706055
22-06-2012,46.21500015258789,46.21500015258789,2892800,47.39500045776367,47.29999923706055,47.29999923706055
25-06-2012,46.91999816894531,46.959999084472656,1520400,47.45000076293945,47.150001525878906,47.150001525878906
26-06-2012,46.7400016784668,47.10499954223633,1178600,47.39500045776367,47.029998779296875,47.029998779296875
27-06-2012,47.084999084472656,47.084999084472656,1485200,48.005001068115234,47.654998779296875,47.654998779296875
28-06-2012,47.23500061035156,47.43000030517578,1363200,48.369998931884766,48.35499954223633,48.35499954223633
29-06-2012,48.45000076293945,48.724998474121094,1594200,49.10499954223633,49.10499954223633,49.10499954223633
02-07-2012,48.59000015258789,49.31999969482422,2103200,49.35499954223633,48.810001373291016,48.810001373291016
03-07-2012,48.709999084472656,48.94499969482422,1161000,49.54999923706055,48.85499954223633,48.85499954223633
05-07-2012,48.67499923706055,48.8849983215332,977600,49.189998626708984,48.78499984741211,48.78499984741211
06-07-2012,48.0099983215332,48.31999969482422,979600,48.529998779296875,48.314998626708984,48.314998626708984
09-07-2012,48.334999084472656,48.36000061035156,1030600,48.79499816894531,48.68000030517578,48.68000030517578
10-07-2012,48.224998474121094,48.77000045776367,708600,48.92499923706055,48.3650016784668,48.3650016784668
11-07-2012,48.224998474121094,48.44499969482422,1517600,48.83000183105469,48.70000076293945,48.70000076293945
12-07-2012,48.31999969482422,48.474998474121094,1106600,49.029998779296875,48.88999938964844,48.88999938964844
13-07-2012,48.8849983215332,48.8849983215332,1024200,49.67499923706055,49.4900016784668,49.4900016784668
16-07-2012,49.220001220703125,49.5,949000,49.525001525878906,49.45000076293945,49.45000076293945
17-07-2012,49.244998931884766,49.709999084472656,1109800,49.79999923706055,49.78499984741211,49.78499984741211
18-07-2012,49.20000076293945,49.584999084472656,1590600,50.095001220703125,49.32500076293945,49.32500076293945
19-07-2012,48.90999984741211,49.3849983215332,1061800,49.64500045776367,49.19499969482422,49.19499969482422
20-07-2012,48.36000061035156,48.994998931884766,1389800,49.290000915527344,48.599998474121094,48.599998474121094
23-07-2012,47.380001068115234,48.07500076293945,1117600,48.13999938964844,47.564998626708984,47.564998626708984
24-07-2012,47.10499954223633,47.619998931884766,1385000,47.619998931884766,47.400001525878906,47.400001525878906
25-07-2012,47.1349983215332,47.404998779296875,1145200,48.025001525878906,47.85499954223633,47.85499954223633
26-07-2012,47.92499923706055,48.47999954223633,1248400,48.90999984741211,48.86000061035156,48.86000061035156
27-07-2012,48.834999084472656,49.08000183105469,1548800,49.5099983215332,49.30500030517578,49.30500030517578
30-07-2012,49.19499969482422,49.244998931884766,871800,49.94499969482422,49.900001525878906,49.900001525878906
31-07-2012,49.1349983215332,49.814998626708984,1933200,50.2599983215332,49.209999084472656,49.209999084472656
01-08-2012,48.95000076293945,49.81999969482422,1429800,50.119998931884766,49.314998626708984,49.314998626708984
02-08-2012,47.97999954223633,49.32500076293945,1887200,49.82500076293945,48.685001373291016,48.685001373291016
03-08-2012,48.845001220703125,49.19499969482422,1041800,49.689998626708984,49.64500045776367,49.64500045776367
06-08-2012,47.8650016784668,49.66999816894531,2731400,49.75,47.8650016784668,47.8650016784668
07-08-2012,47.8650016784668,48.01499938964844,1858200,48.63999938964844,48.5,48.5
08-08-2012,48.20000076293945,48.39500045776367,1172000,48.7400016784668,48.619998931884766,48.619998931884766
09-08-2012,48.08000183105469,48.46500015258789,1394400,48.904998779296875,48.13999938964844,48.13999938964844
10-08-2012,47.630001068115234,48.09000015258789,1192200,48.375,48.34000015258789,48.34000015258789
13-08-2012,48.0099983215332,48.2599983215332,1112200,48.2599983215332,48.189998626708984,48.189998626708984
14-08-2012,48.08000183105469,48.32500076293945,1363800,48.939998626708984,48.935001373291016,48.935001373291016
15-08-2012,48.78499984741211,48.939998626708984,1138200,49.42499923706055,49.064998626708984,49.064998626708984
16-08-2012,48.88999938964844,49.025001525878906,800600,49.2599983215332,49.14500045776367,49.14500045776367
17-08-2012,48.54999923706055,48.709999084472656,1162200,48.90999984741211,48.814998626708984,48.814998626708984
20-08-2012,48.6150016784668,48.904998779296875,746400,49.16999816894531,48.994998931884766,48.994998931884766
21-08-2012,47.904998779296875,48.9900016784668,1700400,49.0,48.005001068115234,48.005001068115234
22-08-2012,47.584999084472656,47.970001220703125,1147200,48.435001373291016,48.25,48.25
23-08-2012,47.994998931884766,48.310001373291016,881400,48.310001373291016,48.09000015258789,48.09000015258789
24-08-2012,48.04499816894531,48.18000030517578,808000,48.584999084472656,48.51499938964844,48.51499938964844
27-08-2012,48.529998779296875,48.54999923706055,1091800,48.9900016784668,48.72999954223633,48.72999954223633
28-08-2012,48.57500076293945,48.65999984741211,1148800,48.935001373291016,48.75,48.75
29-08-2012,48.619998931884766,48.76499938964844,622400,48.900001525878906,48.65999984741211,48.65999984741211
30-08-2012,48.13999938964844,48.470001220703125,762400,48.685001373291016,48.5,48.5
31-08-2012,48.36000061035156,48.60499954223633,571800,48.869998931884766,48.6349983215332,48.6349983215332
04-09-2012,48.1150016784668,48.57500076293945,1303600,48.869998931884766,48.81999969482422,48.81999969482422
05-09-2012,48.974998474121094,49.0,4018600,51.98500061035156,50.14500045776367,50.14500045776367
06-09-2012,50.060001373291016,50.060001373291016,1628800,50.80500030517578,50.42499923706055,50.42499923706055
07-09-2012,49.790000915527344,50.915000915527344,1245400,50.915000915527344,50.290000915527344,50.290000915527344
10-09-2012,49.03499984741211,49.915000915527344,1633000,50.19499969482422,49.22999954223633,49.22999954223633
11-09-2012,48.375,49.3849983215332,2583200,49.5099983215332,48.79999923706055,48.79999923706055
12-09-2012,48.80500030517578,49.095001220703125,1681200,49.73500061035156,49.23500061035156,49.23500061035156
13-09-2012,48.93000030517578,49.31999969482422,1245800,50.02000045776367,49.79499816894531,49.79499816894531
14-09-2012,49.07500076293945,49.650001525878906,1869600,50.10499954223633,49.224998474121094,49.224998474121094
17-09-2012,49.005001068115234,49.154998779296875,1125200,50.27000045776367,49.84000015258789,49.84000015258789
18-09-2012,49.47999954223633,49.834999084472656,1022800,49.845001220703125,49.755001068115234,49.755001068115234
19-09-2012,49.27000045776367,49.73500061035156,1171200,49.880001068115234,49.28499984741211,49.28499984741211
20-09-2012,48.79999923706055,49.209999084472656,1006400,49.375,49.33000183105469,49.33000183105469
21-09-2012,49.45000076293945,49.625,4827600,50.82500076293945,50.75,50.75
24-09-2012,50.119998931884766,50.55500030517578,1411800,51.03499984741211,50.185001373291016,50.185001373291016
25-09-2012,50.099998474121094,50.3650016784668,1041400,50.75,50.150001525878906,50.150001525878906
26-09-2012,50.05500030517578,50.209999084472656,1329600,50.8849983215332,50.47999954223633,50.47999954223633
27-09-2012,50.439998626708984,50.439998626708984,1357000,51.29499816894531,51.20000076293945,51.20000076293945
28-09-2012,50.79999923706055,50.994998931884766,1961800,51.89500045776367,51.80500030517578,51.80500030517578
01-10-2012,51.43000030517578,52.11000061035156,2002000,52.8650016784668,51.720001220703125,51.720001220703125
02-10-2012,51.869998931884766,52.77000045776367,1562600,52.77000045776367,52.05500030517578,52.05500030517578
03-10-2012,52.02000045776367,52.154998779296875,2517200,53.875,53.849998474121094,53.849998474121094
04-10-2012,53.529998779296875,53.8849983215332,2127400,54.654998779296875,54.20000076293945,54.20000076293945
05-10-2012,53.689998626708984,54.25,1439400,54.5099983215332,54.19499969482422,54.19499969482422
08-10-2012,53.70500183105469,54.17499923706055,1115000,54.255001068115234,54.20500183105469,54.20500183105469
09-10-2012,53.505001068115234,54.040000915527344,1411800,54.3650016784668,53.90999984741211,53.90999984741211
10-10-2012,53.720001220703125,53.904998779296875,2193600,55.189998626708984,54.779998779296875,54.779998779296875
11-10-2012,54.57500076293945,55.1150016784668,1595200,55.650001525878906,54.73500061035156,54.73500061035156
12-10-2012,54.82500076293945,55.66999816894531,1492600,55.66999816894531,55.209999084472656,55.209999084472656
15-10-2012,54.439998626708984,55.5099983215332,2453400,55.60499954223633,54.5,54.5
16-10-2012,54.31999969482422,54.31999969482422,1478600,55.02000045776367,54.935001373291016,54.935001373291016
17-10-2012,54.69499969482422,55.08000183105469,1282200,55.44499969482422,55.27000045776367,55.27000045776367
18-10-2012,55.22999954223633,55.23500061035156,1880200,56.7400016784668,56.53499984741211,56.53499984741211
19-10-2012,55.165000915527344,56.54999923706055,2257800,56.59000015258789,55.36000061035156,55.36000061035156
22-10-2012,55.42499923706055,55.435001373291016,1194400,56.099998474121094,56.0,56.0
23-10-2012,55.584999084472656,55.79499816894531,1520800,56.224998474121094,55.689998626708984,55.689998626708984
24-10-2012,55.334999084472656,56.0,1852000,56.0,55.40999984741211,55.40999984741211
25-10-2012,55.30500030517578,55.619998931884766,1505800,56.39500045776367,55.70500183105469,55.70500183105469
26-10-2012,55.04499816894531,55.73500061035156,1625400,56.41999816894531,55.5099983215332,55.5099983215332
31-10-2012,55.775001525878906,56.1150016784668,2123200,57.42499923706055,56.2599983215332,56.2599983215332
01-11-2012,55.880001068115234,56.5,1794600,57.04499816894531,56.18000030517578,56.18000030517578
02-11-2012,55.73500061035156,56.2400016784668,1237400,56.46500015258789,55.75,55.75
05-11-2012,55.525001525878906,55.81999969482422,1576800,56.189998626708984,55.810001373291016,55.810001373291016
06-11-2012,55.720001220703125,55.814998626708984,2511600,58.25,57.4900016784668,57.4900016784668
07-11-2012,56.400001525878906,57.19499969482422,2299000,57.494998931884766,56.40999984741211,56.40999984741211
08-11-2012,55.685001373291016,56.41999816894531,2276400,56.6349983215332,55.90999984741211,55.90999984741211
09-11-2012,55.70000076293945,55.95500183105469,1832000,56.380001068115234,56.21500015258789,56.21500015258789
12-11-2012,55.92499923706055,56.29999923706055,1108800,56.66999816894531,56.45000076293945,56.45000076293945
13-11-2012,56.26499938964844,56.30500030517578,1156200,56.72999954223633,56.30500030517578,56.30500030517578
14-11-2012,55.845001220703125,56.349998474121094,1499800,56.755001068115234,56.025001525878906,56.025001525878906
15-11-2012,55.79999923706055,56.06999969482422,1564000,56.54999923706055,56.44499969482422,56.44499969482422
16-11-2012,56.29999923706055,56.5,2006600,57.14500045776367,56.5099983215332,56.5099983215332
19-11-2012,56.744998931884766,56.875,1976000,57.46500015258789,57.0,57.0
20-11-2012,56.400001525878906,57.07500076293945,2214600,57.119998931884766,56.7400016784668,56.7400016784668
21-11-2012,54.625,56.66999816894531,4737400,56.66999816894531,55.005001068115234,55.005001068115234
23-11-2012,54.88999938964844,55.099998474121094,1866200,55.900001525878906,55.71500015258789,55.71500015258789
26-11-2012,54.369998931884766,55.630001068115234,2311600,56.30500030517578,55.0,55.0
27-11-2012,54.3849983215332,55.06999969482422,4654200,55.209999084472656,54.64500045776367,54.64500045776367
28-11-2012,53.16999816894531,54.474998474121094,4920800,54.52000045776367,54.20000076293945,54.20000076293945
29-11-2012,53.28499984741211,53.38999938964844,5165600,54.27000045776367,53.79999923706055,53.79999923706055
30-11-2012,53.21500015258789,53.70000076293945,5173800,54.494998931884766,54.0,54.0
03-12-2012,53.1150016784668,54.064998626708984,3396400,54.400001525878906,53.275001525878906,53.275001525878906
04-12-2012,52.7400016784668,53.220001220703125,4041800,53.5099983215332,53.064998626708984,53.064998626708984
05-12-2012,52.22999954223633,53.05500030517578,4805800,53.474998474121094,53.15999984741211,53.15999984741211
06-12-2012,52.619998931884766,53.154998779296875,4275000,53.69499969482422,52.98500061035156,52.98500061035156
07-12-2012,53.084999084472656,53.209999084472656,2925200,53.5,53.244998931884766,53.244998931884766
10-12-2012,52.775001525878906,53.125,2422200,53.46500015258789,53.244998931884766,53.244998931884766
11-12-2012,53.255001068115234,53.435001373291016,2184000,54.17499923706055,53.77000045776367,53.77000045776367
12-12-2012,53.540000915527344,53.755001068115234,1712400,54.35499954223633,53.70500183105469,53.70500183105469
13-12-2012,53.334999084472656,53.71500015258789,1431400,53.92499923706055,53.494998931884766,53.494998931884766
14-12-2012,53.58000183105469,54.14500045776367,2345400,55.064998626708984,54.53499984741211,54.53499984741211
17-12-2012,54.51499938964844,54.775001525878906,1307600,54.974998474121094,54.85499954223633,54.85499954223633
18-12-2012,54.505001068115234,54.875,2135600,55.6349983215332,55.34000015258789,55.34000015258789
19-12-2012,55.209999084472656,55.46500015258789,1875600,55.775001525878906,55.435001373291016,55.435001373291016
20-12-2012,55.255001068115234,55.60499954223633,2053600,56.39500045776367,56.31999969482422,56.31999969482422
21-12-2012,55.474998474121094,55.95500183105469,2599000,56.31999969482422,55.96500015258789,55.96500015258789
24-12-2012,55.20500183105469,55.94499969482422,666200,55.94499969482422,55.595001220703125,55.595001220703125
26-12-2012,54.29999923706055,55.46500015258789,925400,55.584999084472656,55.04499816894531,55.04499816894531
27-12-2012,54.529998779296875,55.08000183105469,1445600,55.279998779296875,54.96500015258789,54.96500015258789
28-12-2012,54.810001373291016,54.810001373291016,1069400,55.29499816894531,54.880001068115234,54.880001068115234
31-12-2012,54.29499816894531,54.915000915527344,1385200,55.310001373291016,55.26499938964844,55.26499938964844
02-01-2013,54.0,54.76499938964844,3435400,54.76499938964844,54.599998474121094,54.599998474121094
03-01-2013,54.5,54.61000061035156,1734400,55.189998626708984,54.96500015258789,54.96500015258789
04-01-2013,54.71500015258789,55.0,1068800,55.150001525878906,54.91999816894531,54.91999816894531
07-01-2013,53.994998931884766,54.7599983215332,1727000,54.89500045776367,54.14500045776367,54.14500045776367
08-01-2013,54.05500030517578,54.14500045776367,1544800,54.849998474121094,54.834999084472656,54.834999084472656
09-01-2013,54.35499954223633,54.86000061035156,1715800,55.154998779296875,54.81999969482422,54.81999969482422
10-01-2013,54.685001373291016,54.94499969482422,1159600,55.130001068115234,54.84000015258789,54.84000015258789
11-01-2013,54.525001525878906,55.04499816894531,1625600,55.34000015258789,54.599998474121094,54.599998474121094
14-01-2013,54.45500183105469,54.52000045776367,945400,55.03499984741211,54.7400016784668,54.7400016784668
15-01-2013,54.415000915527344,54.529998779296875,1294000,55.36000061035156,55.154998779296875,55.154998779296875
16-01-2013,55.154998779296875,55.189998626708984,2235800,56.2599983215332,56.060001373291016,56.060001373291016
17-01-2013,56.154998779296875,56.275001525878906,1354000,56.60499954223633,56.32500076293945,56.32500076293945
18-01-2013,56.13999938964844,56.435001373291016,901000,56.625,56.6150016784668,56.6150016784668
22-01-2013,56.29999923706055,56.564998626708984,1355000,57.38999938964844,57.36000061035156,57.36000061035156
23-01-2013,56.77000045776367,57.35499954223633,806000,57.404998779296875,56.959999084472656,56.959999084472656
24-01-2013,56.880001068115234,56.98500061035156,1263200,57.31999969482422,57.165000915527344,57.165000915527344
25-01-2013,56.68000030517578,57.209999084472656,862800,57.314998626708984,57.26499938964844,57.26499938964844
28-01-2013,56.73500061035156,57.39500045776367,881200,57.744998931884766,56.82500076293945,56.82500076293945
29-01-2013,56.59000015258789,56.689998626708984,1219400,57.560001373291016,57.4900016784668,57.4900016784668
30-01-2013,57.0,57.38999938964844,798600,57.650001525878906,57.439998626708984,57.439998626708984
31-01-2013,57.03499984741211,57.3849983215332,1582600,57.935001373291016,57.70500183105469,57.70500183105469
01-02-2013,57.09000015258789,57.814998626708984,1662400,58.3849983215332,58.36000061035156,58.36000061035156
04-02-2013,57.334999084472656,58.150001525878906,1143800,58.34000015258789,57.44499969482422,57.44499969482422
05-02-2013,57.38999938964844,57.70000076293945,1727600,58.334999084472656,58.290000915527344,58.290000915527344
06-02-2013,57.959999084472656,58.19499969482422,1836200,59.125,59.099998474121094,59.099998474121094
07-02-2013,58.744998931884766,59.21500015258789,1214800,59.540000915527344,59.46500015258789,59.46500015258789
08-02-2013,59.36000061035156,59.654998779296875,1268800,59.92499923706055,59.459999084472656,59.459999084472656
11-02-2013,59.099998474121094,59.470001220703125,620400,59.6349983215332,59.400001525878906,59.400001525878906
12-02-2013,58.78499984741211,59.400001525878906,913200,59.439998626708984,59.21500015258789,59.21500015258789
13-02-2013,59.20000076293945,59.244998931884766,1042200,59.720001220703125,59.369998931884766,59.369998931884766
14-02-2013,58.91999816894531,59.939998626708984,1695400,59.994998931884766,59.60499954223633,59.60499954223633
15-02-2013,58.005001068115234,59.25,2176800,59.25,58.72999954223633,58.72999954223633
19-02-2013,56.52000045776367,57.244998931884766,3144000,58.63999938964844,57.95000076293945,57.95000076293945
20-02-2013,57.78499984741211,58.03499984741211,1716800,58.54499816894531,58.09000015258789,58.09000015258789
21-02-2013,57.42499923706055,57.96500015258789,1469400,58.2400016784668,57.79999923706055,57.79999923706055
22-02-2013,57.59000015258789,57.92499923706055,1348200,58.27000045776367,58.025001525878906,58.025001525878906
25-02-2013,57.71500015258789,58.27000045776367,1549000,58.73500061035156,57.71500015258789,57.71500015258789
26-02-2013,57.29999923706055,57.92499923706055,1465400,58.19499969482422,58.11000061035156,58.11000061035156
27-02-2013,58.029998779296875,58.029998779296875,1620200,59.32500076293945,59.1349983215332,59.1349983215332
28-02-2013,58.95500183105469,59.275001525878906,2033000,60.04999923706055,59.810001373291016,59.810001373291016
01-03-2013,59.290000915527344,59.61000061035156,2004400,60.130001068115234,60.01499938964844,60.01499938964844
04-03-2013,59.88999938964844,60.0,2036400,60.90999984741211,60.904998779296875,60.904998779296875
05-03-2013,61.02000045776367,61.10499954223633,1749200,61.97999954223633,61.67499923706055,61.67499923706055
06-03-2013,60.90999984741211,62.14500045776367,2041800,62.14500045776367,60.974998474121094,60.974998474121094
07-03-2013,59.13999938964844,60.3650016784668,3182800,60.3650016784668,59.45500183105469,59.45500183105469
08-03-2013,59.08000183105469,59.70000076293945,1548600,59.84000015258789,59.36000061035156,59.36000061035156
11-03-2013,59.060001373291016,59.36000061035156,1334400,59.51499938964844,59.20000076293945,59.20000076293945
12-03-2013,58.415000915527344,59.099998474121094,1695800,59.099998474121094,58.68000030517578,58.68000030517578
13-03-2013,58.439998626708984,58.814998626708984,1030800,58.834999084472656,58.599998474121094,58.599998474121094
14-03-2013,58.58000183105469,58.60499954223633,1184400,59.345001220703125,59.275001525878906,59.275001525878906
15-03-2013,58.935001373291016,58.935001373291016,2296000,59.43000030517578,59.099998474121094,59.099998474121094
18-03-2013,58.53499984741211,58.86000061035156,1010400,58.994998931884766,58.63999938964844,58.63999938964844
19-03-2013,58.54999923706055,58.61000061035156,1451800,59.314998626708984,58.939998626708984,58.939998626708984
20-03-2013,59.0,59.10499954223633,1246400,59.76499938964844,59.52000045776367,59.52000045776367
21-03-2013,58.755001068115234,59.349998474121094,966600,59.415000915527344,58.869998931884766,58.869998931884766
22-03-2013,58.57500076293945,58.939998626708984,1014400,59.244998931884766,58.8849983215332,58.8849983215332
25-03-2013,58.849998474121094,59.060001373291016,1292000,59.31999969482422,58.95000076293945,58.95000076293945
26-03-2013,58.86000061035156,58.97999954223633,1568600,59.34000015258789,59.15999984741211,59.15999984741211
27-03-2013,58.849998474121094,58.875,1254400,59.290000915527344,59.099998474121094,59.099998474121094
28-03-2013,58.92499923706055,59.1349983215332,1241400,59.380001068115234,59.29499816894531,59.29499816894531
01-04-2013,59.0099983215332,59.31999969482422,1735000,60.064998626708984,59.95500183105469,59.95500183105469
02-04-2013,61.154998779296875,61.400001525878906,4284400,64.37000274658203,63.599998474121094,63.599998474121094
03-04-2013,62.5099983215332,63.48500061035156,2702600,63.869998931884766,62.654998779296875,62.654998779296875
04-04-2013,62.369998931884766,62.59000015258789,1539800,63.119998931884766,62.665000915527344,62.665000915527344
05-04-2013,62.119998931884766,62.15999984741211,1378800,62.89500045776367,62.689998626708984,62.689998626708984
08-04-2013,61.8650016784668,62.61000061035156,934600,62.875,62.875,62.875
09-04-2013,62.63999938964844,63.025001525878906,1116200,63.185001373291016,62.85499954223633,62.85499954223633
10-04-2013,62.334999084472656,62.880001068115234,855600,62.900001525878906,62.66999816894531,62.66999816894531
11-04-2013,62.6150016784668,62.689998626708984,1558200,63.67499923706055,63.525001525878906,63.525001525878906
12-04-2013,63.0,63.400001525878906,894600,63.474998474121094,63.45500183105469,63.45500183105469
15-04-2013,62.084999084472656,63.27000045776367,1096600,63.67499923706055,62.095001220703125,62.095001220703125
16-04-2013,62.189998626708984,62.529998779296875,1006200,63.73500061035156,63.25,63.25
17-04-2013,62.20000076293945,63.07500076293945,798600,63.07500076293945,62.415000915527344,62.415000915527344
18-04-2013,60.6150016784668,62.130001068115234,1439200,62.130001068115234,60.7400016784668,60.7400016784668
19-04-2013,60.80500030517578,60.959999084472656,1037400,61.66999816894531,61.310001373291016,61.310001373291016
22-04-2013,60.68000030517578,61.42499923706055,994800,61.689998626708984,61.165000915527344,61.165000915527344
23-04-2013,60.790000915527344,61.44499969482422,1117800,61.68000030517578,61.5099983215332,61.5099983215332
24-04-2013,60.849998474121094,61.59000015258789,1222600,61.7599983215332,60.96500015258789,60.96500015258789
25-04-2013,60.400001525878906,61.14500045776367,1925400,61.51499938964844,60.42499923706055,60.42499923706055
26-04-2013,59.79499816894531,60.54999923706055,1215000,60.625,60.095001220703125,60.095001220703125
29-04-2013,58.90999984741211,60.02000045776367,1657000,60.369998931884766,59.5099983215332,59.5099983215332
30-04-2013,58.82500076293945,59.41999816894531,2008200,59.45000076293945,59.32500076293945,59.32500076293945
01-05-2013,58.96500015258789,59.32500076293945,2341200,60.28499984741211,59.20000076293945,59.20000076293945
02-05-2013,58.904998779296875,59.505001068115234,1521200,59.81999969482422,58.95000076293945,58.95000076293945
03-05-2013,58.57500076293945,59.29999923706055,6022800,59.29999923706055,58.65999984741211,58.65999984741211
06-05-2013,58.65999984741211,58.810001373291016,2798200,59.79999923706055,59.13999938964844,59.13999938964844
07-05-2013,58.779998779296875,59.3849983215332,3362000,60.22999954223633,58.779998779296875,58.779998779296875
08-05-2013,60.2599983215332,60.2599983215332,5542200,64.76000213623047,64.68499755859375,64.68499755859375
09-05-2013,63.584999084472656,64.7300033569336,2037400,64.75,64.29499816894531,64.29499816894531
10-05-2013,64.30000305175781,64.34500122070312,2148000,65.66500091552734,65.59500122070312,65.59500122070312
13-05-2013,64.36499786376953,64.95500183105469,2058800,65.43499755859375,64.97000122070312,64.97000122070312
14-05-2013,64.9749984741211,65.0999984741211,966200,65.58999633789062,65.45500183105469,65.45500183105469
15-05-2013,64.57499694824219,65.34500122070312,918600,65.34500122070312,65.13999938964844,65.13999938964844
16-05-2013,64.0199966430664,65.09500122070312,1110800,65.11000061035156,64.02999877929688,64.02999877929688
17-05-2013,63.724998474121094,64.0250015258789,1131800,64.36000061035156,64.06999969482422,64.06999969482422
20-05-2013,63.5,64.07499694824219,766000,64.17500305175781,63.53499984741211,63.53499984741211
21-05-2013,62.80500030517578,63.55500030517578,1066600,63.7400016784668,63.30500030517578,63.30500030517578
22-05-2013,62.83000183105469,63.345001220703125,1022200,64.19000244140625,63.05500030517578,63.05500030517578
23-05-2013,62.380001068115234,62.70500183105469,1037400,62.970001220703125,62.779998779296875,62.779998779296875
24-05-2013,62.255001068115234,62.540000915527344,842400,62.80500030517578,62.560001373291016,62.560001373291016
28-05-2013,62.834999084472656,62.834999084472656,1346400,63.92499923706055,63.7400016784668,63.7400016784668
29-05-2013,62.084999084472656,63.275001525878906,1104200,63.439998626708984,62.310001373291016,62.310001373291016
30-05-2013,62.349998474121094,62.52000045776367,793200,63.53499984741211,63.2400016784668,63.2400016784668
31-05-2013,61.9900016784668,63.04999923706055,1502000,63.65999984741211,62.03499984741211,62.03499984741211
03-06-2013,61.775001525878906,62.150001525878906,1016000,62.79999923706055,62.755001068115234,62.755001068115234
04-06-2013,61.974998474121094,62.56999969482422,944800,62.8849983215332,62.47999954223633,62.47999954223633
05-06-2013,61.54499816894531,62.17499923706055,1348200,62.599998474121094,61.560001373291016,61.560001373291016
06-06-2013,61.28499984741211,61.599998474121094,1508800,62.71500015258789,62.625,62.625
07-06-2013,62.53499984741211,62.86000061035156,1290800,63.52000045776367,63.209999084472656,63.209999084472656
10-06-2013,63.0,63.23500061035156,995400,63.8650016784668,63.79999923706055,63.79999923706055
11-06-2013,63.10499954223633,63.220001220703125,1557200,64.88500213623047,64.70500183105469,64.70500183105469
12-06-2013,64.80500030517578,65.0199966430664,1586800,65.4000015258789,65.00499725341797,65.00499725341797
13-06-2013,64.18000030517578,64.8550033569336,1214400,65.07499694824219,64.93000030517578,64.93000030517578
14-06-2013,64.2300033569336,64.8949966430664,742400,65.21499633789062,64.41500091552734,64.41500091552734
17-06-2013,64.56999969482422,65.0,1149000,65.5,65.08000183105469,65.08000183105469
18-06-2013,64.37999725341797,65.06999969482422,617800,65.2249984741211,64.75,64.75
19-06-2013,63.39500045776367,64.6050033569336,1223800,64.69999694824219,63.40999984741211,63.40999984741211
20-06-2013,61.349998474121094,62.95000076293945,1646000,63.09000015258789,61.44499969482422,61.44499969482422
21-06-2013,61.279998779296875,62.25,2176200,62.755001068115234,61.75,61.75
24-06-2013,60.755001068115234,61.474998474121094,1433800,62.185001373291016,61.52000045776367,61.52000045776367
25-06-2013,60.91999816894531,61.77000045776367,1134600,61.81999969482422,60.974998474121094,60.974998474121094
26-06-2013,60.935001373291016,61.404998779296875,894200,62.03499984741211,60.98500061035156,60.98500061035156
27-06-2013,61.064998626708984,61.42499923706055,1181600,61.96500015258789,61.1349983215332,61.1349983215332
28-06-2013,60.05500030517578,60.83000183105469,1948200,61.11000061035156,60.400001525878906,60.400001525878906
01-07-2013,60.5099983215332,60.814998626708984,2216200,61.22999954223633,60.57500076293945,60.57500076293945
02-07-2013,56.709999084472656,57.5,10180000,58.540000915527344,57.0,57.0
03-07-2013,56.154998779296875,56.59000015258789,2724000,57.255001068115234,56.95000076293945,56.95000076293945
05-07-2013,56.584999084472656,57.20000076293945,2222200,57.30500030517578,57.279998779296875,57.279998779296875
08-07-2013,57.540000915527344,58.060001373291016,3283800,58.72999954223633,58.439998626708984,58.439998626708984
09-07-2013,57.845001220703125,58.5,1972000,58.72999954223633,58.0,58.0
10-07-2013,57.7599983215332,58.064998626708984,2485000,58.21500015258789,58.20000076293945,58.20000076293945
11-07-2013,58.56999969482422,59.06999969482422,3374200,60.290000915527344,60.255001068115234,60.255001068115234
12-07-2013,60.04499816894531,60.19499969482422,1858200,60.85499954223633,60.6150016784668,60.6150016784668
15-07-2013,60.01499938964844,60.83000183105469,980200,61.01499938964844,60.130001068115234,60.130001068115234
16-07-2013,58.64500045776367,58.95000076293945,2119000,59.39500045776367,58.97999954223633,58.97999954223633
17-07-2013,58.64500045776367,59.224998474121094,1094800,59.404998779296875,59.189998626708984,59.189998626708984
18-07-2013,58.3849983215332,59.40999984741211,1979600,59.56999969482422,58.65999984741211,58.65999984741211
19-07-2013,58.02000045776367,58.25,2137800,59.40999984741211,58.97999954223633,58.97999954223633
22-07-2013,58.75,58.84000015258789,1557600,59.6349983215332,59.30500030517578,59.30500030517578
23-07-2013,58.8650016784668,59.654998779296875,1550800,59.880001068115234,59.209999084472656,59.209999084472656
24-07-2013,58.52000045776367,59.290000915527344,1077600,59.48500061035156,58.79499816894531,58.79499816894531
25-07-2013,58.35499954223633,58.5,1128800,59.099998474121094,58.78499984741211,58.78499984741211
26-07-2013,58.48500061035156,58.689998626708984,1067800,58.9900016784668,58.86000061035156,58.86000061035156
29-07-2013,58.20500183105469,58.6150016784668,996000,58.970001220703125,58.439998626708984,58.439998626708984
30-07-2013,57.875,58.619998931884766,1275400,58.71500015258789,58.130001068115234,58.130001068115234
31-07-2013,58.125,58.369998931884766,1091200,58.66999816894531,58.20500183105469,58.20500183105469
01-08-2013,58.244998931884766,58.5,1293400,58.665000915527344,58.59000015258789,58.59000015258789
02-08-2013,58.345001220703125,58.6150016784668,1489400,59.07500076293945,58.75,58.75
05-08-2013,58.630001068115234,58.78499984741211,1339200,59.224998474121094,58.69499969482422,58.69499969482422
06-08-2013,58.0,58.69499969482422,2851800,58.974998474121094,58.16999816894531,58.16999816894531
07-08-2013,56.21500015258789,57.525001525878906,4447400,57.525001525878906,56.96500015258789,56.96500015258789
08-08-2013,56.47999954223633,57.150001525878906,1504600,57.25,56.82500076293945,56.82500076293945
09-08-2013,56.82500076293945,56.900001525878906,1950000,57.64500045776367,57.17499923706055,57.17499923706055
12-08-2013,56.849998474121094,57.224998474121094,2141800,57.54999923706055,57.3650016784668,57.3650016784668
13-08-2013,57.099998474121094,57.46500015258789,931000,57.595001220703125,57.32500076293945,57.32500076293945
14-08-2013,57.18000030517578,57.349998474121094,876600,57.83000183105469,57.29999923706055,57.29999923706055
15-08-2013,56.11000061035156,57.0,1438200,57.095001220703125,56.650001525878906,56.650001525878906
16-08-2013,55.8849983215332,56.529998779296875,1188400,56.68000030517578,56.04999923706055,56.04999923706055
19-08-2013,55.560001373291016,56.0,1921400,56.18000030517578,55.57500076293945,55.57500076293945
20-08-2013,55.625,55.73500061035156,2156600,56.369998931884766,55.974998474121094,55.974998474121094
21-08-2013,55.19499969482422,55.77000045776367,1679600,56.01499938964844,55.244998931884766,55.244998931884766
22-08-2013,54.63999938964844,55.345001220703125,1430000,55.505001068115234,54.98500061035156,54.98500061035156
23-08-2013,54.900001525878906,55.16999816894531,1299800,55.470001220703125,55.18000030517578,55.18000030517578
26-08-2013,55.09000015258789,55.18000030517578,1012600,55.9900016784668,55.42499923706055,55.42499923706055
27-08-2013,54.310001373291016,54.974998474121094,1451000,55.1349983215332,54.369998931884766,54.369998931884766
28-08-2013,53.89500045776367,54.3849983215332,1155800,54.57500076293945,54.0099983215332,54.0099983215332
29-08-2013,53.880001068115234,53.92499923706055,1661400,54.79499816894531,54.0099983215332,54.0099983215332
30-08-2013,53.55500030517578,54.0,1317000,54.33000183105469,53.755001068115234,53.755001068115234
03-09-2013,53.904998779296875,54.3650016784668,1190200,54.45500183105469,54.29499816894531,54.29499816894531
04-09-2013,54.28499984741211,54.40999984741211,1268000,54.80500030517578,54.720001220703125,54.720001220703125
05-09-2013,54.65999984741211,54.65999984741211,1740600,56.07500076293945,55.775001525878906,55.775001525878906
06-09-2013,54.79999923706055,55.720001220703125,2587400,55.869998931884766,55.29499816894531,55.29499816894531
09-09-2013,55.04999923706055,55.2400016784668,1007000,56.08000183105469,56.040000915527344,56.040000915527344
10-09-2013,55.65999984741211,56.36000061035156,1097100,56.459999084472656,55.810001373291016,55.810001373291016
11-09-2013,55.54999923706055,55.810001373291016,1206800,56.130001068115234,55.70000076293945,55.70000076293945
12-09-2013,55.40999984741211,55.70000076293945,1071000,56.040000915527344,56.0,56.0
13-09-2013,55.529998779296875,55.970001220703125,1151900,56.13999938964844,55.75,55.75
16-09-2013,56.0099983215332,56.099998474121094,1645600,56.869998931884766,56.61000061035156,56.61000061035156
17-09-2013,56.560001373291016,56.77000045776367,2932700,59.439998626708984,59.099998474121094,59.099998474121094
18-09-2013,57.900001525878906,59.099998474121094,1780000,59.18000030517578,58.650001525878906,58.650001525878906
19-09-2013,58.18000030517578,58.77000045776367,1435800,59.0,58.529998779296875,58.529998779296875
20-09-2013,58.2400016784668,58.79999923706055,2823100,59.130001068115234,58.470001220703125,58.470001220703125
23-09-2013,57.290000915527344,58.029998779296875,893800,58.06999969482422,57.95000076293945,57.95000076293945
24-09-2013,57.560001373291016,57.86000061035156,1010000,58.290000915527344,57.599998474121094,57.599998474121094
25-09-2013,57.310001373291016,57.540000915527344,1429200,57.63999938964844,57.369998931884766,57.369998931884766
26-09-2013,57.310001373291016,57.47999954223633,610700,57.93000030517578,57.599998474121094,57.599998474121094
27-09-2013,56.939998626708984,57.31999969482422,700800,57.5099983215332,56.97999954223633,56.97999954223633
30-09-2013,56.2599983215332,56.65999984741211,935900,56.95000076293945,56.900001525878906,56.900001525878906
01-10-2013,56.869998931884766,56.88999938964844,996600,57.779998779296875,57.77000045776367,57.77000045776367
02-10-2013,57.29999923706055,57.40999984741211,804000,57.959999084472656,57.939998626708984,57.939998626708984
03-10-2013,57.209999084472656,57.7599983215332,1228200,58.20000076293945,57.66999816894531,57.66999816894531
04-10-2013,57.77000045776367,57.81999969482422,1342800,58.95000076293945,58.369998931884766,58.369998931884766
07-10-2013,57.439998626708984,57.77000045776367,1028500,58.38999938964844,58.0,58.0
08-10-2013,57.33000183105469,57.900001525878906,1151200,58.40999984741211,57.5099983215332,57.5099983215332
09-10-2013,57.36000061035156,57.619998931884766,1085000,58.15999984741211,57.36000061035156,57.36000061035156
10-10-2013,57.61000061035156,57.75,933800,58.15999984741211,58.119998931884766,58.119998931884766
11-10-2013,57.720001220703125,57.900001525878906,673900,58.40999984741211,57.95000076293945,57.95000076293945
14-10-2013,57.209999084472656,57.59000015258789,1021600,57.790000915527344,57.54999923706055,57.54999923706055
15-10-2013,57.130001068115234,57.20000076293945,992400,57.75,57.18000030517578,57.18000030517578
16-10-2013,57.36000061035156,57.38999938964844,940900,58.18000030517578,57.84000015258789,57.84000015258789
17-10-2013,57.380001068115234,57.75,925700,57.900001525878906,57.86000061035156,57.86000061035156
18-10-2013,57.810001373291016,58.189998626708984,1399200,58.75,58.060001373291016,58.060001373291016
21-10-2013,56.810001373291016,57.66999816894531,1257600,57.66999816894531,57.0,57.0
22-10-2013,56.7599983215332,56.95000076293945,1349300,57.380001068115234,56.779998779296875,56.779998779296875
23-10-2013,56.0,56.77000045776367,1673700,56.77000045776367,56.06999969482422,56.06999969482422
24-10-2013,55.790000915527344,56.22999954223633,1194600,56.380001068115234,55.81999969482422,55.81999969482422
25-10-2013,55.22999954223633,55.90999984741211,1310500,55.959999084472656,55.439998626708984,55.439998626708984
28-10-2013,55.470001220703125,55.470001220703125,1547700,56.689998626708984,56.22999954223633,56.22999954223633
29-10-2013,56.43000030517578,56.45000076293945,1021000,56.779998779296875,56.4900016784668,56.4900016784668
30-10-2013,55.45000076293945,56.5,1117800,56.5,55.97999954223633,55.97999954223633
31-10-2013,56.0,56.09000015258789,1032200,56.58000183105469,56.209999084472656,56.209999084472656
01-11-2013,55.88999938964844,56.20000076293945,1663300,56.630001068115234,56.56999969482422,56.56999969482422
04-11-2013,56.43000030517578,56.650001525878906,1340000,56.97999954223633,56.75,56.75
05-11-2013,56.22999954223633,56.709999084472656,1867100,56.93000030517578,56.529998779296875,56.529998779296875
06-11-2013,52.75,54.54999923706055,8509100,55.22999954223633,55.029998779296875,55.029998779296875
07-11-2013,55.02000045776367,55.029998779296875,2574800,56.02000045776367,55.7599983215332,55.7599983215332
08-11-2013,55.470001220703125,55.86000061035156,2465700,56.41999816894531,56.29999923706055,56.29999923706055
11-11-2013,56.34000015258789,56.599998474121094,1606500,57.47999954223633,56.959999084472656,56.959999084472656
12-11-2013,56.849998474121094,56.939998626708984,1996600,58.58000183105469,58.43000030517578,58.43000030517578
13-11-2013,57.95000076293945,58.41999816894531,1632600,58.47999954223633,58.29999923706055,58.29999923706055
14-11-2013,58.310001373291016,58.5,2180600,58.88999938964844,58.689998626708984,58.689998626708984
15-11-2013,58.709999084472656,58.93000030517578,4934200,59.349998474121094,58.88999938964844,58.88999938964844
18-11-2013,59.029998779296875,59.150001525878906,3393900,60.380001068115234,59.27000045776367,59.27000045776367
19-11-2013,58.0,59.29999923706055,2315000,59.400001525878906,58.29999923706055,58.29999923706055
20-11-2013,57.810001373291016,58.720001220703125,1786800,58.869998931884766,57.84000015258789,57.84000015258789
21-11-2013,56.849998474121094,57.849998474121094,2157400,58.02000045776367,56.88999938964844,56.88999938964844
22-11-2013,56.18000030517578,56.91999816894531,2671500,57.279998779296875,56.540000915527344,56.540000915527344
25-11-2013,59.0,59.02000045776367,9416800,62.13999938964844,61.54999923706055,61.54999923706055
26-11-2013,60.41999816894531,61.41999816894531,3473200,61.689998626708984,60.58000183105469,60.58000183105469
27-11-2013,59.709999084472656,60.59000015258789,1993900,60.779998779296875,59.880001068115234,59.880001068115234
29-11-2013,59.470001220703125,59.93000030517578,700000,60.20000076293945,59.54999923706055,59.54999923706055
02-12-2013,59.09000015258789,59.439998626708984,2109100,59.66999816894531,59.189998626708984,59.189998626708984
03-12-2013,58.279998779296875,59.20000076293945,1727400,59.20000076293945,58.5,58.5
04-12-2013,57.04999923706055,58.25,1980300,58.310001373291016,57.27000045776367,57.27000045776367
05-12-2013,56.849998474121094,57.2400016784668,2787400,57.29999923706055,57.119998931884766,57.119998931884766
06-12-2013,57.220001220703125,57.220001220703125,3246300,58.27000045776367,58.2599983215332,58.2599983215332
09-12-2013,58.470001220703125,58.47999954223633,5655400,62.779998779296875,62.16999816894531,62.16999816894531
10-12-2013,61.41999816894531,62.25,2060800,62.900001525878906,61.439998626708984,61.439998626708984
11-12-2013,60.52000045776367,61.25,1430600,61.72999954223633,60.630001068115234,60.630001068115234
12-12-2013,60.11000061035156,60.720001220703125,2270100,60.88999938964844,60.189998626708984,60.189998626708984
13-12-2013,60.15999984741211,60.20000076293945,2346900,60.970001220703125,60.29999923706055,60.29999923706055
16-12-2013,59.880001068115234,60.83000183105469,2869400,61.119998931884766,60.02000045776367,60.02000045776367
17-12-2013,59.630001068115234,59.83000183105469,2048300,60.22999954223633,60.220001220703125,60.220001220703125
18-12-2013,60.75,61.38999938964844,2153900,62.290000915527344,62.27000045776367,62.27000045776367
19-12-2013,61.439998626708984,62.0099983215332,1440000,62.150001525878906,61.689998626708984,61.689998626708984
20-12-2013,61.75,61.970001220703125,1929700,62.7599983215332,62.63999938964844,62.63999938964844
23-12-2013,62.970001220703125,63.0,1440600,63.38999938964844,63.2599983215332,63.2599983215332
24-12-2013,62.9900016784668,63.18000030517578,493300,63.29999923706055,63.25,63.25
26-12-2013,63.130001068115234,63.310001373291016,774600,63.7400016784668,63.38999938964844,63.38999938964844
27-12-2013,63.150001525878906,63.59000015258789,568500,63.720001220703125,63.36000061035156,63.36000061035156
30-12-2013,63.04999923706055,63.4900016784668,589900,63.599998474121094,63.290000915527344,63.290000915527344
31-12-2013,63.20000076293945,63.56999969482422,789100,63.630001068115234,63.369998931884766,63.369998931884766
02-01-2014,63.189998626708984,63.36000061035156,2901900,65.16000366210938,64.77999877929688,64.77999877929688
03-01-2014,64.41000366210938,64.70999908447266,1241000,65.0,64.47000122070312,64.47000122070312
06-01-2014,64.66999816894531,65.08000183105469,2102000,65.5999984741211,64.80000305175781,64.80000305175781
07-01-2014,64.62000274658203,64.87999725341797,1168300,65.41999816894531,65.19999694824219,65.19999694824219
08-01-2014,64.98999786376953,65.1500015258789,1246800,65.55999755859375,65.44000244140625,65.44000244140625
09-01-2014,65.27999877929688,65.83999633789062,1262300,66.1500015258789,65.63999938964844,65.63999938964844
10-01-2014,64.38999938964844,65.8499984741211,1895700,65.8499984741211,64.73999786376953,64.73999786376953
13-01-2014,64.33999633789062,64.69999694824219,1480100,65.12999725341797,64.47000122070312,64.47000122070312
14-01-2014,64.5199966430664,65.11000061035156,607700,65.19999694824219,64.97000122070312,64.97000122070312
15-01-2014,64.27999877929688,65.0,1176100,65.0,64.4800033569336,64.4800033569336
16-01-2014,64.41999816894531,64.58000183105469,1526100,64.97000122070312,64.6500015258789,64.6500015258789
17-01-2014,64.37000274658203,64.9000015258789,1971500,65.23999786376953,64.83000183105469,64.83000183105469
21-01-2014,64.77999877929688,65.38999938964844,1973400,65.55000305175781,65.23999786376953,65.23999786376953
22-01-2014,65.20999908447266,65.20999908447266,1813700,66.76000213623047,66.48999786376953,66.48999786376953
23-01-2014,65.19000244140625,66.08000183105469,1444700,66.2300033569336,65.58999633789062,65.58999633789062
24-01-2014,63.959999084472656,65.19000244140625,1228000,65.37000274658203,64.19999694824219,64.19999694824219
27-01-2014,63.5,64.11000061035156,1042800,64.2699966430664,63.970001220703125,63.970001220703125
28-01-2014,64.0,64.0,725400,64.54000091552734,64.31999969482422,64.31999969482422
29-01-2014,63.5099983215332,64.0,751400,64.54000091552734,63.900001525878906,63.900001525878906
30-01-2014,64.31999969482422,64.45999908447266,813500,64.9800033569336,64.91000366210938,64.91000366210938
31-01-2014,64.06999969482422,64.1500015258789,1173300,65.3499984741211,64.93000030517578,64.93000030517578
03-02-2014,63.04999923706055,64.94000244140625,1512300,64.94999694824219,63.04999923706055,63.04999923706055
04-02-2014,62.52000045776367,63.400001525878906,1593700,63.400001525878906,62.7400016784668,62.7400016784668
05-02-2014,62.540000915527344,62.72999954223633,1226500,63.459999084472656,63.20000076293945,63.20000076293945
06-02-2014,63.2400016784668,63.369998931884766,699300,63.880001068115234,63.7400016784668,63.7400016784668
07-02-2014,63.5,63.79999923706055,1370100,64.2699966430664,63.619998931884766,63.619998931884766
10-02-2014,63.5,63.72999954223633,3039200,64.2300033569336,63.84000015258789,63.84000015258789
11-02-2014,63.150001525878906,63.790000915527344,3978400,64.37999725341797,64.33000183105469,64.33000183105469
12-02-2014,66.30000305175781,67.93000030517578,4429500,68.83999633789062,66.3499984741211,66.3499984741211
13-02-2014,65.0199966430664,65.87999725341797,2441000,66.27999877929688,66.25,66.25
14-02-2014,65.95999908447266,66.0999984741211,1045000,66.70999908447266,66.37000274658203,66.37000274658203
18-02-2014,66.1500015258789,66.69000244140625,1253100,67.08999633789062,66.83000183105469,66.83000183105469
19-02-2014,65.83999633789062,66.7300033569336,1551700,67.0,66.06999969482422,66.06999969482422
20-02-2014,65.38999938964844,65.98999786376953,1181300,66.16999816894531,65.77999877929688,65.77999877929688
21-02-2014,65.11000061035156,65.94999694824219,1683100,66.20999908447266,66.12999725341797,66.12999725341797
24-02-2014,66.04000091552734,66.05000305175781,2738200,68.83000183105469,67.5,67.5
25-02-2014,66.12000274658203,67.37000274658203,2928300,67.45999908447266,66.94999694824219,66.94999694824219
26-02-2014,66.70999908447266,66.95999908447266,1618100,68.08000183105469,67.5,67.5
27-02-2014,67.7699966430664,68.22000122070312,1085300,68.69999694824219,68.0199966430664,68.0199966430664
28-02-2014,68.25,68.37999725341797,1967800,70.0,68.7300033569336,68.7300033569336
03-03-2014,67.62999725341797,68.2699966430664,1957500,68.86000061035156,68.37000274658203,68.37000274658203
04-03-2014,68.30000305175781,68.80000305175781,2944400,69.25,68.75,68.75
05-03-2014,68.1500015258789,68.7699966430664,888500,68.83000183105469,68.37000274658203,68.37000274658203
06-03-2014,68.43000030517578,68.55000305175781,1201500,69.43000030517578,68.75,68.75
07-03-2014,68.41000366210938,69.12000274658203,1100900,69.18000030517578,68.77999877929688,68.77999877929688
10-03-2014,67.93000030517578,68.75,820500,68.7699966430664,68.45999908447266,68.45999908447266
11-03-2014,68.4000015258789,68.52999877929688,798700,69.41000366210938,68.69000244140625,68.69000244140625
12-03-2014,68.06999969482422,68.30000305175781,664000,68.5999984741211,68.31999969482422,68.31999969482422
13-03-2014,67.9000015258789,68.37999725341797,993400,68.5,68.12000274658203,68.12000274658203
14-03-2014,67.52999877929688,68.1500015258789,921900,68.37000274658203,68.19999694824219,68.19999694824219
17-03-2014,68.4000015258789,68.4000015258789,587700,69.30000305175781,68.4800033569336,68.4800033569336
18-03-2014,68.52999877929688,68.55000305175781,739100,69.37999725341797,69.2300033569336,69.2300033569336
19-03-2014,69.0199966430664,69.20999908447266,1215500,70.13999938964844,69.79000091552734,69.79000091552734
20-03-2014,69.54000091552734,69.69000244140625,1047100,70.37000274658203,69.80000305175781,69.80000305175781
21-03-2014,69.61000061035156,70.29000091552734,1523300,70.68000030517578,69.80999755859375,69.80999755859375
24-03-2014,68.19999694824219,70.01000213623047,744200,70.26000213623047,68.45999908447266,68.45999908447266
25-03-2014,68.33000183105469,68.75,1296500,69.44999694824219,68.61000061035156,68.61000061035156
26-03-2014,68.87999725341797,68.93000030517578,2135200,70.02999877929688,68.9000015258789,68.9000015258789
27-03-2014,67.76000213623047,68.9000015258789,1628800,68.91000366210938,68.38999938964844,68.38999938964844
28-03-2014,68.18000030517578,68.4800033569336,1060300,69.68000030517578,68.44999694824219,68.44999694824219
31-03-2014,68.5199966430664,69.0999984741211,1368700,69.30000305175781,68.8499984741211,68.8499984741211
01-04-2014,68.70999908447266,69.0,3219800,69.55000305175781,69.33999633789062,69.33999633789062
02-04-2014,68.66999816894531,69.44999694824219,1283100,69.83999633789062,69.08000183105469,69.08000183105469
03-04-2014,68.76000213623047,68.83999633789062,3242500,69.61000061035156,69.55999755859375,69.55999755859375
04-04-2014,68.02999877929688,70.05000305175781,1850100,70.0999984741211,68.06999969482422,68.06999969482422
07-04-2014,66.80999755859375,68.11000061035156,2135500,68.44999694824219,67.3499984741211,67.3499984741211
08-04-2014,67.61000061035156,68.38999938964844,2643400,68.91999816894531,68.45999908447266,68.45999908447266
09-04-2014,68.23999786376953,68.80999755859375,1155900,69.2699966430664,69.22000122070312,69.22000122070312
10-04-2014,67.52999877929688,69.19999694824219,1744900,69.45999908447266,67.94999694824219,67.94999694824219
11-04-2014,66.87000274658203,67.58000183105469,1247300,67.91999816894531,67.30000305175781,67.30000305175781
14-04-2014,67.1500015258789,67.45999908447266,1241400,67.86000061035156,67.81999969482422,67.81999969482422
15-04-2014,67.5,68.2300033569336,1441200,68.58000183105469,68.41000366210938,68.41000366210938
16-04-2014,67.94999694824219,67.94999694824219,1208900,69.18000030517578,69.16000366210938,69.16000366210938
17-04-2014,68.69999694824219,69.12999725341797,1413100,69.95999908447266,69.51000213623047,69.51000213623047
21-04-2014,69.11000061035156,69.47000122070312,790900,69.87999725341797,69.62000274658203,69.62000274658203
22-04-2014,69.27999877929688,69.55999755859375,594000,69.87999725341797,69.54000091552734,69.54000091552734
23-04-2014,68.69999694824219,69.41000366210938,787400,69.5999984741211,69.41999816894531,69.41999816894531
24-04-2014,69.25,69.58999633789062,785400,70.0,69.37999725341797,69.37999725341797
25-04-2014,69.05000305175781,69.44000244140625,724500,69.9800033569336,69.55999755859375,69.55999755859375
28-04-2014,68.7300033569336,69.87999725341797,1050500,69.87999725341797,69.23999786376953,69.23999786376953
29-04-2014,68.94999694824219,69.54000091552734,756000,69.75,69.70999908447266,69.70999908447266
30-04-2014,68.7699966430664,69.56999969482422,1082900,69.87000274658203,69.30000305175781,69.30000305175781
01-05-2014,69.06999969482422,69.38999938964844,1350100,70.47000122070312,69.93000030517578,69.93000030517578
02-05-2014,67.08000183105469,68.5,2628700,68.5,67.38999938964844,67.38999938964844
05-05-2014,66.5999984741211,67.0,1373500,67.52999877929688,67.12000274658203,67.12000274658203
06-05-2014,66.79000091552734,66.94999694824219,1613100,67.33000183105469,67.19000244140625,67.19000244140625
07-05-2014,67.05999755859375,67.25,749000,67.83000183105469,67.77999877929688,67.77999877929688
08-05-2014,67.11000061035156,67.80000305175781,880400,68.16999816894531,67.33000183105469,67.33000183105469
09-05-2014,67.08000183105469,67.22000122070312,535100,67.80999755859375,67.75,67.75
12-05-2014,67.80999755859375,67.81999969482422,804400,68.23999786376953,68.08000183105469,68.08000183105469
13-05-2014,67.76000213623047,68.18000030517578,558300,68.5,67.88999938964844,67.88999938964844
14-05-2014,67.2699966430664,67.76000213623047,429300,67.88999938964844,67.68000030517578,67.68000030517578
15-05-2014,67.19999694824219,67.5,794600,67.9000015258789,67.7300033569336,67.7300033569336
16-05-2014,67.16999816894531,67.86000061035156,1261900,68.0999984741211,67.52999877929688,67.52999877929688
19-05-2014,67.27999877929688,67.45999908447266,903300,67.77999877929688,67.47000122070312,67.47000122070312
20-05-2014,67.2300033569336,67.47000122070312,906300,67.62000274658203,67.5199966430664,67.5199966430664
21-05-2014,67.58999633789062,67.62000274658203,541400,68.56999969482422,68.3499984741211,68.3499984741211
22-05-2014,67.83000183105469,68.3499984741211,622300,68.3499984741211,68.16000366210938,68.16000366210938
23-05-2014,68.0999984741211,68.25,650400,69.12000274658203,68.79000091552734,68.79000091552734
27-05-2014,68.94000244140625,69.0,733600,69.5,69.3499984741211,69.3499984741211
28-05-2014,68.76000213623047,69.41999816894531,773700,69.45999908447266,69.19999694824219,69.19999694824219
29-05-2014,69.20999908447266,69.4000015258789,927000,70.16999816894531,69.9000015258789,69.9000015258789
30-05-2014,69.87000274658203,69.87999725341797,1722200,70.70999908447266,70.58999633789062,70.58999633789062
02-06-2014,70.41999816894531,70.80999755859375,1100600,71.43000030517578,71.20999908447266,71.20999908447266
03-06-2014,70.83000183105469,71.20999908447266,906100,71.69999694824219,71.47000122070312,71.47000122070312
04-06-2014,71.30999755859375,71.44000244140625,614200,71.87000274658203,71.70999908447266,71.70999908447266
05-06-2014,71.4800033569336,71.63999938964844,427200,72.37000274658203,72.05999755859375,72.05999755859375
06-06-2014,71.70999908447266,72.2300033569336,467900,72.27999877929688,71.91000366210938,71.91000366210938
09-06-2014,71.68000030517578,71.95999908447266,539900,72.06999969482422,71.93000030517578,71.93000030517578
10-06-2014,71.29000091552734,71.70999908447266,604800,71.8499984741211,71.69000244140625,71.69000244140625
11-06-2014,70.7300033569336,71.2300033569336,648500,71.47000122070312,71.08000183105469,71.08000183105469
12-06-2014,70.66000366210938,71.12999725341797,502700,71.20999908447266,70.94000244140625,70.94000244140625
13-06-2014,70.41999816894531,70.87999725341797,474000,70.87999725341797,70.79000091552734,70.79000091552734
16-06-2014,70.27999877929688,70.69999694824219,1063900,70.94000244140625,70.7699966430664,70.7699966430664
17-06-2014,70.01000213623047,70.55000305175781,972200,70.77999877929688,70.18000030517578,70.18000030517578
18-06-2014,69.83000183105469,70.13999938964844,865600,70.51000213623047,70.41999816894531,70.41999816894531
19-06-2014,70.30000305175781,70.48999786376953,1051100,71.72000122070312,71.58000183105469,71.58000183105469
20-06-2014,71.12999725341797,71.80000305175781,1014600,71.94000244140625,71.83000183105469,71.83000183105469
23-06-2014,71.26000213623047,71.68000030517578,481900,71.68000030517578,71.52999877929688,71.52999877929688
24-06-2014,71.12000274658203,71.55000305175781,712900,71.8499984741211,71.38999938964844,71.38999938964844
25-06-2014,71.11000061035156,71.33999633789062,546000,72.05000305175781,71.86000061035156,71.86000061035156
26-06-2014,71.0,71.73999786376953,524200,71.76000213623047,71.61000061035156,71.61000061035156
27-06-2014,71.20999908447266,71.4800033569336,3610300,73.4000015258789,72.94999694824219,72.94999694824219
30-06-2014,72.0,73.25,1138600,73.61000061035156,72.31999969482422,72.31999969482422
01-07-2014,72.38999938964844,72.66999816894531,1223200,73.30000305175781,73.16000366210938,73.16000366210938
02-07-2014,72.62999725341797,73.08000183105469,1002300,73.6500015258789,73.5999984741211,73.5999984741211
03-07-2014,73.0,73.6500015258789,585900,73.94000244140625,73.31999969482422,73.31999969482422
07-07-2014,73.0199966430664,73.1500015258789,664600,73.83000183105469,73.27999877929688,73.27999877929688
08-07-2014,72.62000274658203,73.19999694824219,904300,73.22000122070312,72.80999755859375,72.80999755859375
09-07-2014,72.70999908447266,72.98999786376953,560000,73.26000213623047,73.22000122070312,73.22000122070312
10-07-2014,72.61000061035156,72.76000213623047,990600,73.16999816894531,73.04000091552734,73.04000091552734
11-07-2014,72.73999786376953,73.0199966430664,442600,73.2699966430664,73.08000183105469,73.08000183105469
14-07-2014,73.30000305175781,73.41000366210938,630600,73.76000213623047,73.56999969482422,73.56999969482422
15-07-2014,73.08999633789062,73.41999816894531,780400,74.0,73.26000213623047,73.26000213623047
16-07-2014,73.30000305175781,73.41000366210938,612900,74.0,73.81999969482422,73.81999969482422
17-07-2014,73.31999969482422,73.66000366210938,744300,74.83999633789062,73.4000015258789,73.4000015258789
18-07-2014,73.06999969482422,73.47000122070312,519000,73.95999908447266,73.8499984741211,73.8499984741211
21-07-2014,70.55000305175781,72.98999786376953,3017200,72.98999786376953,71.01000213623047,71.01000213623047
22-07-2014,70.91000366210938,71.02999877929688,1198100,71.77999877929688,71.66999816894531,71.66999816894531
23-07-2014,71.2300033569336,71.87000274658203,595000,71.87000274658203,71.66999816894531,71.66999816894531
24-07-2014,71.68000030517578,71.83999633789062,1004800,72.25,71.88999938964844,71.88999938964844
25-07-2014,71.0999984741211,71.76000213623047,596200,72.05999755859375,71.45999908447266,71.45999908447266
28-07-2014,70.97000122070312,71.36000061035156,707900,71.83000183105469,71.75,71.75
29-07-2014,71.2699966430664,71.73999786376953,693100,71.9800033569336,71.33000183105469,71.33000183105469
30-07-2014,70.97000122070312,71.4800033569336,727700,71.7300033569336,71.31999969482422,71.31999969482422
31-07-2014,70.41000366210938,71.31999969482422,1992500,71.58999633789062,70.44000244140625,70.44000244140625
01-08-2014,70.48999786376953,71.36000061035156,1305300,72.23999786376953,71.37999725341797,71.37999725341797
04-08-2014,70.8499984741211,71.3499984741211,1381700,72.62999725341797,72.1500015258789,72.1500015258789
05-08-2014,71.19999694824219,71.97000122070312,1088700,72.13999938964844,71.51000213623047,71.51000213623047
06-08-2014,71.0999984741211,71.23999786376953,473100,72.13999938964844,71.5199966430664,71.5199966430664
07-08-2014,71.30999755859375,71.66999816894531,917300,71.76000213623047,71.48999786376953,71.48999786376953
08-08-2014,71.31999969482422,71.4800033569336,673000,71.87000274658203,71.8499984741211,71.8499984741211
11-08-2014,71.76000213623047,72.13999938964844,312100,72.38999938964844,71.79000091552734,71.79000091552734
12-08-2014,71.6500015258789,71.80999755859375,608400,72.41000366210938,72.04000091552734,72.04000091552734
13-08-2014,71.93000030517578,72.22000122070312,588700,72.44999694824219,72.41999816894531,72.41999816894531
14-08-2014,72.4000015258789,72.5,498900,73.19000244140625,73.0999984741211,73.0999984741211
15-08-2014,71.43000030517578,72.4000015258789,1538200,72.63999938964844,72.11000061035156,72.11000061035156
18-08-2014,72.19000244140625,72.38999938964844,1192100,73.52999877929688,73.43000030517578,73.43000030517578
19-08-2014,73.44999694824219,73.5999984741211,806200,73.94000244140625,73.80000305175781,73.80000305175781
20-08-2014,73.0,73.48999786376953,705000,73.98999786376953,73.72000122070312,73.72000122070312
21-08-2014,73.75,73.83999633789062,590800,74.29000091552734,73.83000183105469,73.83000183105469
22-08-2014,73.52999877929688,73.93000030517578,572800,74.08000183105469,73.6500015258789,73.6500015258789
25-08-2014,73.63999938964844,73.83999633789062,475900,74.0199966430664,73.9000015258789,73.9000015258789
26-08-2014,73.8499984741211,74.0,515900,74.48999786376953,74.43000030517578,74.43000030517578
27-08-2014,74.16000366210938,74.37000274658203,477600,74.81999969482422,74.56999969482422,74.56999969482422
28-08-2014,74.06999969482422,74.33999633789062,510200,74.66999816894531,74.41999816894531,74.41999816894531
29-08-2014,74.26000213623047,74.58999633789062,544900,74.98999786376953,74.68000030517578,74.68000030517578
02-09-2014,74.48999786376953,74.94999694824219,763900,75.2699966430664,74.58000183105469,74.58000183105469
03-09-2014,74.45999908447266,74.9000015258789,559200,75.08999633789062,74.55000305175781,74.55000305175781
04-09-2014,73.7699966430664,74.73999786376953,695600,74.94000244140625,74.12000274658203,74.12000274658203
05-09-2014,73.5999984741211,74.0999984741211,560100,74.33000183105469,74.30000305175781,74.30000305175781
08-09-2014,73.94000244140625,74.25,648200,74.5199966430664,74.43000030517578,74.43000030517578
09-09-2014,74.16999816894531,74.5,561400,74.9000015258789,74.29000091552734,74.29000091552734
10-09-2014,73.94000244140625,74.51000213623047,468500,74.51000213623047,74.20999908447266,74.20999908447266
11-09-2014,73.72000122070312,74.01000213623047,552400,74.38999938964844,74.30999755859375,74.30999755859375
12-09-2014,73.77999877929688,74.4000015258789,549700,74.5,74.06999969482422,74.06999969482422
15-09-2014,73.7300033569336,74.13999938964844,421800,74.16000366210938,73.93000030517578,73.93000030517578
16-09-2014,73.44999694824219,73.66999816894531,1187900,74.30999755859375,74.23999786376953,74.23999786376953
17-09-2014,72.83999633789062,73.88999938964844,1595300,74.05999755859375,73.93000030517578,73.93000030517578
18-09-2014,74.01000213623047,74.01000213623047,965800,74.8499984741211,74.70999908447266,74.70999908447266
19-09-2014,74.63999938964844,75.08000183105469,1884500,75.08000183105469,74.87999725341797,74.87999725341797
22-09-2014,74.26000213623047,74.72000122070312,648200,75.12999725341797,74.76000213623047,74.76000213623047
23-09-2014,73.87999725341797,74.55000305175781,537200,74.58999633789062,74.01000213623047,74.01000213623047
24-09-2014,73.66999816894531,74.01000213623047,597200,74.97000122070312,74.94000244140625,74.94000244140625
25-09-2014,73.52999877929688,74.86000061035156,752200,74.86000061035156,73.7699966430664,73.7699966430664
26-09-2014,73.27999877929688,73.86000061035156,842300,73.94999694824219,73.4000015258789,73.4000015258789
29-09-2014,72.77999877929688,73.0,732500,73.69999694824219,73.4800033569336,73.4800033569336
30-09-2014,73.05999755859375,73.41999816894531,1016800,73.81999969482422,73.13999938964844,73.13999938964844
01-10-2014,72.4800033569336,73.30000305175781,914300,73.61000061035156,72.77999877929688,72.77999877929688
02-10-2014,72.80999755859375,72.98999786376953,774500,73.8499984741211,73.73999786376953,73.73999786376953
03-10-2014,73.75,74.04000091552734,983800,74.52999877929688,74.44999694824219,74.44999694824219
06-10-2014,73.55000305175781,74.4800033569336,648400,74.69000244140625,73.80999755859375,73.80999755859375
07-10-2014,73.05000305175781,73.37999725341797,776700,73.81999969482422,73.12999725341797,73.12999725341797
08-10-2014,72.66000366210938,73.05999755859375,882100,75.12000274658203,75.01000213623047,75.01000213623047
09-10-2014,73.98999786376953,75.04000091552734,1301400,75.38999938964844,73.98999786376953,73.98999786376953
10-10-2014,73.41999816894531,74.05000305175781,657400,74.73999786376953,73.41999816894531,73.41999816894531
13-10-2014,73.18000030517578,73.30999755859375,897300,74.37999725341797,73.55999755859375,73.55999755859375
14-10-2014,73.37999725341797,73.70999908447266,1055400,74.16000366210938,73.58999633789062,73.58999633789062
15-10-2014,71.83000183105469,73.0,2144000,73.7699966430664,72.73999786376953,72.73999786376953
16-10-2014,71.5,71.88999938964844,1115300,72.69999694824219,72.02999877929688,72.02999877929688
17-10-2014,72.12999725341797,72.66000366210938,826800,72.9800033569336,72.75,72.75
20-10-2014,72.62000274658203,72.75,713600,73.58000183105469,73.55999755859375,73.55999755859375
21-10-2014,74.11000061035156,74.12000274658203,946300,75.5,75.5,75.5
22-10-2014,75.25,76.0,1047300,76.3499984741211,75.27999877929688,75.27999877929688
23-10-2014,75.88999938964844,76.33000183105469,638400,76.68000030517578,76.25,76.25
24-10-2014,76.19999694824219,76.29000091552734,543800,76.79000091552734,76.7300033569336,76.7300033569336
27-10-2014,76.2300033569336,76.75,599600,76.77999877929688,76.69999694824219,76.69999694824219
28-10-2014,76.68000030517578,76.80999755859375,778000,77.76000213623047,77.58000183105469,77.58000183105469
29-10-2014,77.0199966430664,77.68000030517578,730000,78.36000061035156,77.37000274658203,77.37000274658203
30-10-2014,76.37999725341797,77.05000305175781,787800,77.76000213623047,77.62000274658203,77.62000274658203
31-10-2014,77.75,78.33000183105469,793300,78.5199966430664,78.06999969482422,78.06999969482422
03-11-2014,77.5,78.08000183105469,806900,78.41000366210938,78.02999877929688,78.02999877929688
04-11-2014,77.38999938964844,77.83000183105469,697900,78.20999908447266,77.83999633789062,77.83999633789062
05-11-2014,77.4000015258789,78.05999755859375,603300,78.11000061035156,77.51000213623047,77.51000213623047
06-11-2014,77.1500015258789,77.44999694824219,1168200,78.06999969482422,78.02999877929688,78.02999877929688
07-11-2014,72.69999694824219,74.27999877929688,6676000,74.94999694824219,74.48999786376953,74.48999786376953
10-11-2014,73.55000305175781,74.4800033569336,3464300,74.83999633789062,74.72000122070312,74.72000122070312
11-11-2014,74.79000091552734,75.0199966430664,2277700,76.20999908447266,76.12999725341797,76.12999725341797
12-11-2014,75.33999633789062,76.0,2949800,77.0999984741211,76.72000122070312,76.72000122070312
13-11-2014,76.61000061035156,77.16999816894531,2901900,77.36000061035156,77.04000091552734,77.04000091552734
14-11-2014,75.56999969482422,77.0,3533100,77.52999877929688,75.66000366210938,75.66000366210938
17-11-2014,74.91999816894531,75.77999877929688,1369100,75.8499984741211,75.51000213623047,75.51000213623047
18-11-2014,75.01000213623047,75.41999816894531,1834800,75.80999755859375,75.2300033569336,75.2300033569336
19-11-2014,74.58999633789062,75.23999786376953,898500,75.37000274658203,75.12000274658203,75.12000274658203
20-11-2014,74.58999633789062,74.98999786376953,761100,75.29000091552734,75.12999725341797,75.12999725341797
21-11-2014,74.44999694824219,75.70999908447266,1177500,75.80000305175781,74.54000091552734,74.54000091552734
24-11-2014,73.83999633789062,74.54000091552734,2454000,74.76000213623047,74.48999786376953,74.48999786376953
25-11-2014,74.12000274658203,74.5,1331700,75.08999633789062,75.05999755859375,75.05999755859375
26-11-2014,75.08999633789062,75.2300033569336,1255900,76.44000244140625,76.0999984741211,76.0999984741211
28-11-2014,76.13999938964844,76.25,746800,76.62999725341797,76.52999877929688,76.52999877929688
01-12-2014,75.68000030517578,76.47000122070312,1349600,76.63999938964844,76.01000213623047,76.01000213623047
02-12-2014,75.47000122070312,76.0,866100,76.19999694824219,75.69999694824219,75.69999694824219
03-12-2014,75.48999786376953,75.58999633789062,716900,76.16999816894531,75.69000244140625,75.69000244140625
04-12-2014,75.27999877929688,75.6500015258789,765400,75.8499984741211,75.30000305175781,75.30000305175781
05-12-2014,75.22000122070312,75.30000305175781,730900,75.70999908447266,75.62999725341797,75.62999725341797
08-12-2014,75.62999725341797,75.6500015258789,1008200,76.4000015258789,75.87000274658203,75.87000274658203
09-12-2014,74.66999816894531,75.30000305175781,1180800,75.55000305175781,75.1500015258789,75.1500015258789
10-12-2014,74.38999938964844,75.20999908447266,916200,75.5,74.44999694824219,74.44999694824219
11-12-2014,74.37000274658203,74.75,687000,75.11000061035156,74.51000213623047,74.51000213623047
12-12-2014,73.33000183105469,74.16000366210938,940700,74.43000030517578,73.4000015258789,73.4000015258789
15-12-2014,72.13999938964844,73.5,1189800,73.95999908447266,72.86000061035156,72.86000061035156
16-12-2014,72.2300033569336,72.69000244140625,1106100,73.77999877929688,72.7699966430664,72.7699966430664
17-12-2014,72.77999877929688,72.80999755859375,1248300,74.61000061035156,74.33000183105469,74.33000183105469
18-12-2014,74.70999908447266,75.1500015258789,1097600,75.22000122070312,75.19999694824219,75.19999694824219
19-12-2014,75.06999969482422,75.41000366210938,1794600,76.0,75.94000244140625,75.94000244140625
22-12-2014,75.97000122070312,76.0,793800,76.52999877929688,76.3499984741211,76.3499984741211
23-12-2014,75.69000244140625,76.4000015258789,536800,76.5199966430664,75.98999786376953,75.98999786376953
24-12-2014,75.79000091552734,76.0,249000,76.3499984741211,76.05999755859375,76.05999755859375
26-12-2014,75.91999816894531,76.06999969482422,379700,76.5,76.22000122070312,76.22000122070312
29-12-2014,75.83999633789062,76.05999755859375,550500,76.4000015258789,76.0999984741211,76.0999984741211
30-12-2014,75.54000091552734,76.0,330500,76.29000091552734,76.0,76.0
31-12-2014,75.66000366210938,76.19000244140625,575100,76.7699966430664,75.73999786376953,75.73999786376953
02-01-2015,75.37000274658203,75.83999633789062,945900,76.37000274658203,75.83000183105469,75.83000183105469
05-01-2015,74.44999694824219,75.36000061035156,1220800,75.93000030517578,74.69999694824219,74.69999694824219
06-01-2015,73.43000030517578,74.88999938964844,1233600,75.11000061035156,73.62000274658203,73.62000274658203
07-01-2015,73.81999969482422,73.87000274658203,1155800,74.72000122070312,74.29000091552734,74.29000091552734
08-01-2015,74.83999633789062,74.87000274658203,1082600,76.05999755859375,75.7699966430664,75.7699966430664
09-01-2015,75.1500015258789,76.13999938964844,491700,76.19999694824219,75.22000122070312,75.22000122070312
12-01-2015,74.2300033569336,75.44999694824219,594000,75.47000122070312,74.41999816894531,74.41999816894531
13-01-2015,74.0,74.87000274658203,843500,75.29000091552734,74.54000091552734,74.54000091552734
14-01-2015,73.66999816894531,73.73999786376953,811900,74.7699966430664,74.69000244140625,74.69000244140625
15-01-2015,74.38999938964844,74.75,741600,75.0999984741211,74.45999908447266,74.45999908447266
16-01-2015,74.4000015258789,74.4000015258789,997400,75.1500015258789,75.05000305175781,75.05000305175781
20-01-2015,74.77999877929688,75.5199966430664,517600,75.94000244140625,75.20999908447266,75.20999908447266
21-01-2015,74.81999969482422,74.87000274658203,848900,75.83000183105469,75.7300033569336,75.7300033569336
22-01-2015,75.0,75.9800033569336,1358000,76.31999969482422,76.1500015258789,76.1500015258789
23-01-2015,75.58999633789062,76.12000274658203,750000,76.26000213623047,75.8499984741211,75.8499984741211
26-01-2015,75.41999816894531,75.7699966430664,723700,76.33999633789062,76.19000244140625,76.19000244140625
27-01-2015,75.62000274658203,75.70999908447266,822300,76.55999755859375,76.04000091552734,76.04000091552734
28-01-2015,75.48999786376953,76.23999786376953,771600,76.5999984741211,75.5199966430664,75.5199966430664
29-01-2015,75.02999877929688,75.7300033569336,650000,76.22000122070312,76.13999938964844,76.13999938964844
30-01-2015,74.95999908447266,75.69000244140625,1003100,76.04000091552734,75.05999755859375,75.05999755859375
02-02-2015,74.5199966430664,75.06999969482422,1094500,75.58000183105469,75.56999969482422,75.56999969482422
03-02-2015,75.06999969482422,75.55999755859375,1052700,76.11000061035156,75.5999984741211,75.5999984741211
04-02-2015,75.0999984741211,75.22000122070312,853600,76.25,75.95999908447266,75.95999908447266
05-02-2015,76.08000183105469,76.08000183105469,790900,77.0999984741211,76.7699966430664,76.7699966430664
06-02-2015,75.26000213623047,76.93000030517578,809700,76.97000122070312,75.56999969482422,75.56999969482422
09-02-2015,74.27999877929688,75.25,970300,75.58999633789062,74.66999816894531,74.66999816894531
10-02-2015,74.87999725341797,75.0,665800,75.88999938964844,75.7699966430664,75.7699966430664
11-02-2015,75.30999755859375,76.0199966430664,635800,76.26000213623047,75.94999694824219,75.94999694824219
12-02-2015,75.77999877929688,76.1500015258789,1156800,76.52999877929688,76.38999938964844,76.38999938964844
13-02-2015,71.88999938964844,75.0,6205600,75.63999938964844,73.0999984741211,73.0999984741211
17-02-2015,72.19000244140625,72.9800033569336,2259800,73.4000015258789,72.77999877929688,72.77999877929688
18-02-2015,72.61000061035156,72.61000061035156,1603800,73.69000244140625,73.27999877929688,73.27999877929688
19-02-2015,72.5199966430664,72.58999633789062,1566700,73.30999755859375,73.23999786376953,73.23999786376953
20-02-2015,72.87999725341797,73.0199966430664,2844400,73.94000244140625,73.76000213623047,73.76000213623047
23-02-2015,73.5199966430664,73.6500015258789,1890900,74.41000366210938,73.86000061035156,73.86000061035156
24-02-2015,72.55000305175781,73.75,1580000,74.0,72.93000030517578,72.93000030517578
25-02-2015,72.91999816894531,73.11000061035156,1148700,74.30999755859375,73.93000030517578,73.93000030517578
26-02-2015,73.77999877929688,74.04000091552734,881700,74.43000030517578,74.30000305175781,74.30000305175781
27-02-2015,73.9000015258789,74.11000061035156,1312300,74.63999938964844,74.5999984741211,74.5999984741211
02-03-2015,74.44000244140625,74.5999984741211,1372800,75.63999938964844,75.55999755859375,75.55999755859375
03-03-2015,74.94999694824219,75.38999938964844,2088600,75.97000122070312,75.88999938964844,75.88999938964844
04-03-2015,75.22000122070312,75.70999908447266,1998800,77.26000213623047,76.75,76.75
05-03-2015,76.0199966430664,76.52999877929688,1549200,77.01000213623047,76.93000030517578,76.93000030517578
06-03-2015,76.38999938964844,76.69000244140625,2518800,77.75,77.62999725341797,77.62999725341797
09-03-2015,77.36000061035156,77.58000183105469,2078200,78.30000305175781,78.0,78.0
10-03-2015,76.94000244140625,77.13999938964844,2141300,78.36000061035156,78.0999984741211,78.0999984741211
11-03-2015,77.9000015258789,78.38999938964844,1936200,79.54000091552734,79.41000366210938,79.41000366210938
12-03-2015,79.18000030517578,79.69999694824219,1083800,79.75,79.69999694824219,79.69999694824219
13-03-2015,79.7300033569336,79.80000305175781,1556600,80.94999694824219,80.80999755859375,80.80999755859375
16-03-2015,80.87000274658203,81.08000183105469,992600,81.80999755859375,81.41000366210938,81.41000366210938
17-03-2015,80.69000244140625,81.0,889200,81.2300033569336,81.11000061035156,81.11000061035156
18-03-2015,80.55000305175781,81.18000030517578,1762200,81.66000366210938,81.63999938964844,81.63999938964844
19-03-2015,81.2699966430664,81.41999816894531,707800,81.79000091552734,81.44000244140625,81.44000244140625
20-03-2015,81.54000091552734,81.91999816894531,1327600,82.16999816894531,81.86000061035156,81.86000061035156
23-03-2015,81.62000274658203,81.9000015258789,1347000,83.04000091552734,82.83999633789062,82.83999633789062
24-03-2015,81.93000030517578,82.58999633789062,1046000,82.97000122070312,82.19000244140625,82.19000244140625
25-03-2015,80.94999694824219,82.29000091552734,1219700,82.4800033569336,81.05000305175781,81.05000305175781
26-03-2015,80.37999725341797,80.87000274658203,864300,81.55000305175781,81.06999969482422,81.06999969482422
27-03-2015,80.88999938964844,81.0,913700,81.87000274658203,81.83000183105469,81.83000183105469
30-03-2015,81.69999694824219,82.30999755859375,979900,82.5,82.16999816894531,82.16999816894531
31-03-2015,81.2300033569336,81.76000213623047,814100,82.0,81.27999877929688,81.27999877929688
01-04-2015,79.83000183105469,81.25,2375500,81.44000244140625,80.05000305175781,80.05000305175781
02-04-2015,80.0999984741211,80.30999755859375,1047400,80.77999877929688,80.58999633789062,80.58999633789062
06-04-2015,80.1500015258789,80.56999969482422,969400,81.83999633789062,81.47000122070312,81.47000122070312
07-04-2015,81.75,81.75,999700,82.4800033569336,81.86000061035156,81.86000061035156
08-04-2015,81.62999725341797,82.13999938964844,715500,82.62999725341797,81.73999786376953,81.73999786376953
09-04-2015,80.94999694824219,81.61000061035156,1168300,81.94000244140625,81.5199966430664,81.5199966430664
10-04-2015,81.4800033569336,81.4800033569336,720300,82.31999969482422,81.9000015258789,81.9000015258789
13-04-2015,81.66000366210938,81.9000015258789,650100,82.38999938964844,81.76000213623047,81.76000213623047
14-04-2015,81.58999633789062,82.0,932200,82.30000305175781,82.01000213623047,82.01000213623047
15-04-2015,81.54000091552734,82.06999969482422,740300,82.48999786376953,81.61000061035156,81.61000061035156
16-04-2015,81.66000366210938,81.72000122070312,596900,82.25,82.12999725341797,82.12999725341797
17-04-2015,80.7699966430664,81.5,624200,81.88999938964844,81.26000213623047,81.26000213623047
20-04-2015,81.51000213623047,81.70999908447266,691700,82.08000183105469,81.83999633789062,81.83999633789062
21-04-2015,81.95999908447266,82.23999786376953,952600,83.30000305175781,83.12000274658203,83.12000274658203
22-04-2015,82.62999725341797,83.13999938964844,583100,83.58000183105469,83.22000122070312,83.22000122070312
23-04-2015,82.4800033569336,83.1500015258789,615000,83.72000122070312,83.41000366210938,83.41000366210938
24-04-2015,83.12999725341797,83.5,786100,84.0999984741211,83.91000366210938,83.91000366210938
27-04-2015,83.63999938964844,85.0999984741211,1361700,85.16999816894531,83.79000091552734,83.79000091552734
28-04-2015,82.05999755859375,83.69000244140625,744700,84.0,83.58999633789062,83.58999633789062
29-04-2015,81.80999755859375,83.26000213623047,577200,83.36000061035156,82.63999938964844,82.63999938964844
30-04-2015,80.98999786376953,82.48999786376953,1155500,82.69999694824219,81.0999984741211,81.0999984741211
01-05-2015,81.61000061035156,81.69000244140625,1067900,82.44999694824219,82.4000015258789,82.4000015258789
04-05-2015,82.25,82.69000244140625,946400,83.0199966430664,82.33999633789062,82.33999633789062
05-05-2015,80.41000366210938,80.58000183105469,1510200,83.27999877929688,81.51000213623047,81.51000213623047
06-05-2015,81.16999816894531,81.91999816894531,1064100,82.05999755859375,81.41000366210938,81.41000366210938
07-05-2015,81.33000183105469,81.33000183105469,1072700,82.0199966430664,81.76000213623047,81.76000213623047
08-05-2015,82.08000183105469,82.48999786376953,716200,82.91999816894531,82.16999816894531,82.16999816894531
11-05-2015,81.51000213623047,82.18000030517578,825000,82.37000274658203,81.58999633789062,81.58999633789062
12-05-2015,80.62000274658203,81.06999969482422,1556600,81.30000305175781,80.91999816894531,80.91999816894531
13-05-2015,80.88999938964844,81.2699966430664,824300,81.69999694824219,80.9800033569336,80.9800033569336
14-05-2015,81.20999908447266,81.4000015258789,957900,81.91000366210938,81.86000061035156,81.86000061035156
15-05-2015,81.0199966430664,81.88999938964844,1316900,82.19999694824219,81.4800033569336,81.4800033569336
18-05-2015,81.26000213623047,81.61000061035156,1114400,82.94000244140625,82.69999694824219,82.69999694824219
19-05-2015,82.69999694824219,83.0,677600,83.52999877929688,83.19999694824219,83.19999694824219
20-05-2015,82.86000061035156,83.08999633789062,785200,83.7300033569336,83.69000244140625,83.69000244140625
21-05-2015,83.05000305175781,83.45999908447266,681700,83.68000030517578,83.48999786376953,83.48999786376953
22-05-2015,83.30999755859375,83.38999938964844,715300,84.33999633789062,84.08999633789062,84.08999633789062
26-05-2015,83.68000030517578,84.0199966430664,792600,84.16000366210938,83.75,83.75
27-05-2015,83.58999633789062,83.80999755859375,671500,84.08000183105469,84.05999755859375,84.05999755859375
28-05-2015,83.7699966430664,84.01000213623047,714800,84.33999633789062,84.2300033569336,84.2300033569336
29-05-2015,83.25,84.18000030517578,928800,84.4000015258789,83.77999877929688,83.77999877929688
01-06-2015,83.38999938964844,83.94000244140625,684900,84.4000015258789,83.87999725341797,83.87999725341797
02-06-2015,83.2699966430664,83.83999633789062,679500,83.91999816894531,83.81999969482422,83.81999969482422
03-06-2015,83.56999969482422,84.0,474300,84.12000274658203,83.95999908447266,83.95999908447266
04-06-2015,82.44999694824219,83.62999725341797,855400,83.93000030517578,82.5999984741211,82.5999984741211
05-06-2015,81.8499984741211,82.37999725341797,638100,82.75,82.54000091552734,82.54000091552734
08-06-2015,81.80999755859375,82.30999755859375,1068400,82.69999694824219,81.87000274658203,81.87000274658203
09-06-2015,81.43000030517578,82.0,797100,82.47000122070312,81.48999786376953,81.48999786376953
10-06-2015,81.44000244140625,81.75,977000,82.0199966430664,81.68000030517578,81.68000030517578
11-06-2015,81.73999786376953,82.0199966430664,699300,82.37999725341797,82.19000244140625,82.19000244140625
12-06-2015,81.30999755859375,81.73999786376953,489600,82.13999938964844,81.4000015258789,81.4000015258789
15-06-2015,80.77999877929688,81.04000091552734,736200,81.51000213623047,81.27999877929688,81.27999877929688
16-06-2015,81.20999908447266,81.20999908447266,821000,82.0,81.51000213623047,81.51000213623047
17-06-2015,80.7300033569336,81.69999694824219,975800,81.69999694824219,81.06999969482422,81.06999969482422
18-06-2015,80.9000015258789,81.44999694824219,887100,81.76000213623047,81.44999694824219,81.44999694824219
19-06-2015,81.0199966430664,81.44000244140625,2881700,82.37000274658203,82.19000244140625,82.19000244140625
22-06-2015,82.04000091552734,83.33000183105469,1264800,83.33000183105469,82.12999725341797,82.12999725341797
23-06-2015,81.48999786376953,82.11000061035156,842600,82.30999755859375,81.56999969482422,81.56999969482422
24-06-2015,80.19000244140625,81.55000305175781,987100,81.55000305175781,80.19000244140625,80.19000244140625
25-06-2015,79.75,80.56999969482422,1555700,81.3499984741211,80.91000366210938,80.91000366210938
26-06-2015,80.86000061035156,80.9800033569336,1581600,81.37999725341797,81.08000183105469,81.08000183105469
29-06-2015,79.55999755859375,80.20999908447266,1216300,81.20999908447266,79.61000061035156,79.61000061035156
30-06-2015,79.30999755859375,79.97000122070312,1737500,80.1500015258789,79.47000122070312,79.47000122070312
01-07-2015,79.19999694824219,79.95999908447266,1735800,80.4000015258789,79.31999969482422,79.31999969482422
02-07-2015,78.94000244140625,79.54000091552734,1258500,79.7699966430664,78.94000244140625,78.94000244140625
06-07-2015,78.52999877929688,78.52999877929688,2077200,80.11000061035156,79.55000305175781,79.55000305175781
07-07-2015,78.8499984741211,79.94000244140625,1200000,80.04000091552734,79.66000366210938,79.66000366210938
08-07-2015,78.66999816894531,79.16000366210938,903700,79.5,78.80999755859375,78.80999755859375
09-07-2015,78.79000091552734,79.75,897800,79.75,78.81999969482422,78.81999969482422
10-07-2015,79.12000274658203,79.5,955300,79.5199966430664,79.30000305175781,79.30000305175781
13-07-2015,78.91000366210938,79.70999908447266,985900,79.86000061035156,79.5,79.5
14-07-2015,79.44000244140625,79.70999908447266,1177100,80.22000122070312,80.06999969482422,80.06999969482422
15-07-2015,79.62000274658203,80.26000213623047,981900,80.4000015258789,79.66999816894531,79.66999816894531
16-07-2015,79.5999984741211,79.98999786376953,584900,80.41000366210938,79.83999633789062,79.83999633789062
17-07-2015,79.51000213623047,79.83999633789062,1263500,80.0199966430664,79.97000122070312,79.97000122070312
20-07-2015,79.76000213623047,79.97000122070312,878000,80.27999877929688,79.87999725341797,79.87999725341797
21-07-2015,79.06999969482422,80.0,1129500,80.26000213623047,79.62000274658203,79.62000274658203
22-07-2015,79.62999725341797,79.66000366210938,1034500,80.25,80.05999755859375,80.05999755859375
23-07-2015,79.91000366210938,80.29000091552734,602700,80.98999786376953,80.12999725341797,80.12999725341797
24-07-2015,79.12999725341797,79.91000366210938,533300,79.95999908447266,79.38999938964844,79.38999938964844
27-07-2015,78.20999908447266,79.19999694824219,812500,79.20999908447266,78.43000030517578,78.43000030517578
28-07-2015,77.77999877929688,78.5999984741211,579600,79.04000091552734,79.0199966430664,79.0199966430664
29-07-2015,78.66999816894531,79.16000366210938,514400,79.41000366210938,79.06999969482422,79.06999969482422
30-07-2015,78.2699966430664,79.05000305175781,755800,79.36000061035156,78.62999725341797,78.62999725341797
31-07-2015,78.4000015258789,78.62999725341797,671600,79.61000061035156,79.02999877929688,79.02999877929688
03-08-2015,78.94000244140625,79.06999969482422,725900,79.75,79.70999908447266,79.70999908447266
04-08-2015,79.69000244140625,79.91999816894531,942500,80.66000366210938,80.19999694824219,80.19999694824219
05-08-2015,79.61000061035156,79.98999786376953,1803500,80.98999786376953,80.48999786376953,80.48999786376953
06-08-2015,80.48999786376953,80.48999786376953,1514000,81.29000091552734,81.13999938964844,81.13999938964844
07-08-2015,80.30999755859375,80.98999786376953,1107100,81.3499984741211,81.0199966430664,81.0199966430664
10-08-2015,80.93000030517578,81.33000183105469,949900,81.88999938964844,81.05000305175781,81.05000305175781
11-08-2015,80.5,80.72000122070312,1010500,81.0999984741211,80.7699966430664,80.7699966430664
12-08-2015,79.16999816894531,80.2300033569336,836200,80.31999969482422,79.94999694824219,79.94999694824219
13-08-2015,79.44999694824219,79.80999755859375,786400,80.3499984741211,79.6500015258789,79.6500015258789
14-08-2015,79.47000122070312,79.70999908447266,533000,80.31999969482422,80.27999877929688,80.27999877929688
17-08-2015,79.61000061035156,79.94999694824219,874300,80.30000305175781,80.27999877929688,80.27999877929688
18-08-2015,79.94999694824219,80.25,722500,80.62999725341797,80.0,80.0
19-08-2015,79.3499984741211,79.94000244140625,1160700,80.33999633789062,80.08000183105469,80.08000183105469
20-08-2015,78.5199966430664,79.51000213623047,1522400,79.69999694824219,78.52999877929688,78.52999877929688
21-08-2015,75.88999938964844,78.04000091552734,1301000,78.12999725341797,75.98999786376953,75.98999786376953
24-08-2015,71.6500015258789,76.0,1989700,76.56999969482422,74.08000183105469,74.08000183105469
25-08-2015,74.16999816894531,75.2699966430664,2151100,76.01000213623047,74.33000183105469,74.33000183105469
26-08-2015,74.11000061035156,75.18000030517578,1581500,76.30000305175781,76.12000274658203,76.12000274658203
27-08-2015,75.55000305175781,76.55999755859375,1266900,77.12999725341797,76.6500015258789,76.6500015258789
28-08-2015,75.87000274658203,76.45999908447266,1188100,76.80000305175781,76.29000091552734,76.29000091552734
31-08-2015,75.45999908447266,76.20999908447266,1223000,77.06999969482422,75.63999938964844,75.63999938964844
01-09-2015,73.69999694824219,74.08000183105469,1309300,75.0999984741211,74.05000305175781,74.05000305175781
02-09-2015,73.94999694824219,74.54000091552734,990700,75.12000274658203,75.12000274658203,75.12000274658203
03-09-2015,74.83000183105469,75.27999877929688,1614700,75.81999969482422,75.44000244140625,75.44000244140625
04-09-2015,74.26000213623047,74.45999908447266,955600,75.18000030517578,74.55000305175781,74.55000305175781
08-09-2015,74.95999908447266,75.4800033569336,1397200,75.5999984741211,75.45999908447266,75.45999908447266
09-09-2015,74.5999984741211,75.95999908447266,1023900,76.19999694824219,74.73999786376953,74.73999786376953
10-09-2015,74.0199966430664,74.55999755859375,1018300,74.9800033569336,74.63999938964844,74.63999938964844
11-09-2015,73.94000244140625,74.37999725341797,1323300,75.0,75.0,75.0
14-09-2015,74.61000061035156,75.2300033569336,1200800,75.47000122070312,74.7699966430664,74.7699966430664
15-09-2015,74.5999984741211,74.91000366210938,1103700,75.44000244140625,75.1500015258789,75.1500015258789
16-09-2015,75.0,75.19000244140625,1910400,76.0999984741211,75.81999969482422,75.81999969482422
17-09-2015,75.55000305175781,75.76000213623047,1342700,76.41000366210938,75.7699966430664,75.7699966430664
18-09-2015,74.80999755859375,75.18000030517578,1480900,75.79000091552734,74.98999786376953,74.98999786376953
21-09-2015,75.06999969482422,75.22000122070312,1589200,76.25,76.0199966430664,76.0199966430664
22-09-2015,75.11000061035156,75.33999633789062,1445100,75.8499984741211,75.36000061035156,75.36000061035156
23-09-2015,75.08999633789062,75.23999786376953,845200,76.19000244140625,75.5199966430664,75.5199966430664
24-09-2015,73.94000244140625,74.95999908447266,995700,75.16000366210938,74.3499984741211,74.3499984741211
25-09-2015,71.80000305175781,74.58000183105469,1239100,74.87000274658203,72.26000213623047,72.26000213623047
28-09-2015,70.12000274658203,71.9800033569336,1965000,72.0,70.93000030517578,70.93000030517578
29-09-2015,70.2699966430664,70.88999938964844,1458600,71.52999877929688,71.18000030517578,71.18000030517578
30-09-2015,70.4000015258789,71.62999725341797,1185400,72.79000091552734,72.33000183105469,72.33000183105469
01-10-2015,71.4800033569336,72.33000183105469,1583700,72.73999786376953,72.05000305175781,72.05000305175781
02-10-2015,70.94000244140625,71.66000366210938,858500,73.38999938964844,72.9000015258789,72.9000015258789
05-10-2015,72.66999816894531,73.3499984741211,1066900,73.88999938964844,73.36000061035156,73.36000061035156
06-10-2015,71.68000030517578,73.33000183105469,1184800,73.4800033569336,72.1500015258789,72.1500015258789
07-10-2015,71.86000061035156,72.44999694824219,1061500,73.19000244140625,73.19000244140625,73.19000244140625
08-10-2015,72.22000122070312,73.3499984741211,659100,73.36000061035156,73.0999984741211,73.0999984741211
09-10-2015,72.70999908447266,73.19000244140625,814100,73.73999786376953,73.16000366210938,73.16000366210938
12-10-2015,72.87000274658203,72.94999694824219,595800,73.76000213623047,73.63999938964844,73.63999938964844
13-10-2015,73.18000030517578,73.44999694824219,939000,74.22000122070312,73.3499984741211,73.3499984741211
14-10-2015,73.0199966430664,73.56999969482422,634300,73.9800033569336,73.23999786376953,73.23999786376953
15-10-2015,73.12999725341797,73.30999755859375,1072900,75.37000274658203,75.2300033569336,75.2300033569336
16-10-2015,75.30999755859375,75.5999984741211,1115900,76.55999755859375,76.5,76.5
19-10-2015,75.81999969482422,76.31999969482422,590100,76.75,76.33000183105469,76.33000183105469
20-10-2015,75.80999755859375,76.33000183105469,493500,76.66000366210938,76.19000244140625,76.19000244140625
21-10-2015,75.01000213623047,76.55999755859375,758200,76.68000030517578,76.45999908447266,76.45999908447266
22-10-2015,74.08999633789062,76.58999633789062,1453200,76.73999786376953,74.9800033569336,74.9800033569336
23-10-2015,75.2300033569336,75.4000015258789,838800,76.4800033569336,75.94000244140625,75.94000244140625
26-10-2015,75.47000122070312,75.8499984741211,1172400,76.52999877929688,76.4000015258789,76.4000015258789
27-10-2015,76.26000213623047,76.29000091552734,555800,77.2300033569336,76.94999694824219,76.94999694824219
28-10-2015,75.22000122070312,76.88999938964844,1052800,77.47000122070312,77.44000244140625,77.44000244140625
29-10-2015,76.86000061035156,77.44000244140625,611700,77.91000366210938,77.75,77.75
30-10-2015,77.43000030517578,77.75,765400,78.25,77.51000213623047,77.51000213623047
02-11-2015,77.5199966430664,77.86000061035156,825000,78.22000122070312,78.16000366210938,78.16000366210938
03-11-2015,77.5,77.8499984741211,1093100,78.51000213623047,77.5999984741211,77.5999984741211
04-11-2015,73.23999786376953,73.23999786376953,1427300,78.94000244140625,77.44999694824219,77.44999694824219
05-11-2015,76.95999908447266,77.48999786376953,1472000,77.91000366210938,77.75,77.75
06-11-2015,77.19000244140625,77.5999984741211,1128100,77.7699966430664,77.2699966430664,77.2699966430664
09-11-2015,75.37000274658203,76.9800033569336,1819700,77.23999786376953,75.58999633789062,75.58999633789062
10-11-2015,75.66000366210938,75.66000366210938,1158400,76.30999755859375,76.11000061035156,76.11000061035156
11-11-2015,74.86000061035156,76.38999938964844,882300,76.55999755859375,74.97000122070312,74.97000122070312
12-11-2015,73.19000244140625,74.69000244140625,1224000,74.70999908447266,73.23999786376953,73.23999786376953
13-11-2015,72.5199966430664,73.05999755859375,1222500,73.61000061035156,72.58000183105469,72.58000183105469
16-11-2015,72.27999877929688,72.48999786376953,1194900,73.54000091552734,73.51000213623047,73.51000213623047
17-11-2015,72.77999877929688,73.5,1427800,73.80999755859375,73.1500015258789,73.1500015258789
18-11-2015,73.19999694824219,73.41000366210938,1526600,74.08999633789062,73.98999786376953,73.98999786376953
19-11-2015,72.58000183105469,73.73999786376953,1280900,73.76000213623047,73.20999908447266,73.20999908447266
20-11-2015,72.95999908447266,73.20999908447266,999900,73.6500015258789,73.52999877929688,73.52999877929688
23-11-2015,73.18000030517578,73.56999969482422,1299200,73.9800033569336,73.41000366210938,73.41000366210938
24-11-2015,72.63999938964844,72.80999755859375,1181700,73.70999908447266,73.5,73.5
25-11-2015,73.22000122070312,73.55999755859375,1118700,73.91000366210938,73.75,73.75
27-11-2015,73.51000213623047,73.88999938964844,1226100,74.4000015258789,74.31999969482422,74.31999969482422
30-11-2015,72.97000122070312,74.61000061035156,2400300,74.91999816894531,73.04000091552734,73.04000091552734
01-12-2015,73.16999816894531,73.41000366210938,1669000,73.93000030517578,73.5199966430664,73.5199966430664
02-12-2015,72.6500015258789,73.43000030517578,945500,73.88999938964844,72.7699966430664,72.7699966430664
03-12-2015,71.33000183105469,72.75,1013600,73.06999969482422,71.66999816894531,71.66999816894531
04-12-2015,71.68000030517578,71.98999786376953,2646800,72.70999908447266,72.22000122070312,72.22000122070312
07-12-2015,71.38999938964844,72.19999694824219,1695500,72.27999877929688,71.55000305175781,71.55000305175781
08-12-2015,70.91999816894531,71.44000244140625,1783200,71.58000183105469,71.37000274658203,71.37000274658203
09-12-2015,70.66000366210938,71.0199966430664,1099600,71.94000244140625,70.86000061035156,70.86000061035156
10-12-2015,70.58000183105469,70.80999755859375,867500,71.29000091552734,71.0,71.0
11-12-2015,69.5199966430664,70.30000305175781,1021300,70.62000274658203,69.70999908447266,69.70999908447266
14-12-2015,67.33999633789062,69.79000091552734,1808100,70.11000061035156,68.06999969482422,68.06999969482422
15-12-2015,67.91999816894531,68.55000305175781,1979700,68.9000015258789,68.0199966430664,68.0199966430664
16-12-2015,67.63999938964844,68.16999816894531,2824900,68.61000061035156,68.12999725341797,68.12999725341797
17-12-2015,68.0,68.05000305175781,4995000,68.81999969482422,68.12000274658203,68.12000274658203
18-12-2015,67.79000091552734,67.94999694824219,5974500,68.12999725341797,67.79000091552734,67.79000091552734
21-12-2015,67.8499984741211,67.97000122070312,2844300,69.55000305175781,69.0,69.0
22-12-2015,68.77999877929688,69.37000274658203,1884400,69.87000274658203,69.56999969482422,69.56999969482422
23-12-2015,69.56999969482422,69.80999755859375,1416400,70.47000122070312,70.30000305175781,70.30000305175781
24-12-2015,70.0199966430664,70.13999938964844,318300,70.51000213623047,70.13999938964844,70.13999938964844
28-12-2015,69.87000274658203,70.05000305175781,735900,70.2699966430664,70.22000122070312,70.22000122070312
29-12-2015,70.22000122070312,70.43000030517578,513700,70.87999725341797,70.61000061035156,70.61000061035156
30-12-2015,69.95999908447266,70.51000213623047,1237100,70.75,70.0199966430664,70.0199966430664
31-12-2015,69.68000030517578,69.81999969482422,1025300,70.27999877929688,69.70999908447266,69.70999908447266
04-01-2016,68.29000091552734,68.80999755859375,1819700,68.88999938964844,68.66999816894531,68.66999816894531
05-01-2016,68.72000122070312,68.72000122070312,1239300,69.54000091552734,69.12000274658203,69.12000274658203
06-01-2016,67.93000030517578,68.22000122070312,2706400,69.19000244140625,68.16000366210938,68.16000366210938
07-01-2016,67.30000305175781,67.36000061035156,1914800,68.0999984741211,67.62000274658203,67.62000274658203
08-01-2016,67.5999984741211,67.75,1950100,68.58999633789062,67.66999816894531,67.66999816894531
11-01-2016,66.66999816894531,67.72000122070312,2125300,68.30000305175781,67.2300033569336,67.2300033569336
12-01-2016,66.62000274658203,67.48999786376953,1151100,68.41999816894531,67.44999694824219,67.44999694824219
13-01-2016,65.94999694824219,67.4000015258789,1539400,67.7300033569336,66.12999725341797,66.12999725341797
14-01-2016,65.79000091552734,66.1500015258789,1769500,67.83000183105469,67.44999694824219,67.44999694824219
15-01-2016,65.69000244140625,66.29000091552734,1552900,66.87000274658203,66.47000122070312,66.47000122070312
19-01-2016,64.91000366210938,66.80999755859375,1336700,67.11000061035156,65.70999908447266,65.70999908447266
20-01-2016,63.380001068115234,64.9800033569336,1178200,65.88999938964844,65.41000366210938,65.41000366210938
21-01-2016,64.70999908447266,65.4800033569336,974500,65.97000122070312,65.19999694824219,65.19999694824219
22-01-2016,65.66000366210938,65.79000091552734,1011500,67.05000305175781,66.88999938964844,66.88999938964844
25-01-2016,65.87999725341797,66.72000122070312,743000,67.16999816894531,65.94999694824219,65.94999694824219
26-01-2016,65.72000122070312,66.23999786376953,528000,66.62999725341797,66.5199966430664,66.5199966430664
27-01-2016,65.18000030517578,66.68000030517578,997500,66.9800033569336,65.72000122070312,65.72000122070312
28-01-2016,64.31999969482422,66.11000061035156,1216400,66.51000213623047,64.44999694824219,64.44999694824219
29-01-2016,64.55999755859375,64.81999969482422,2119500,67.12000274658203,67.12000274658203,67.12000274658203
01-02-2016,66.44999694824219,66.7300033569336,883400,67.5,67.41000366210938,67.41000366210938
02-02-2016,65.9000015258789,66.94999694824219,1035300,67.12999725341797,66.26000213623047,66.26000213623047
03-02-2016,64.54000091552734,66.4800033569336,1534300,66.52999877929688,65.44000244140625,65.44000244140625
04-02-2016,64.77999877929688,65.05000305175781,1124800,65.83000183105469,65.44999694824219,65.44999694824219
05-02-2016,63.650001525878906,65.12999725341797,910600,65.33999633789062,63.900001525878906,63.900001525878906
08-02-2016,61.88999938964844,63.279998779296875,2264900,63.310001373291016,62.2400016784668,62.2400016784668
09-02-2016,61.75,61.83000183105469,1300200,62.83000183105469,62.25,62.25
10-02-2016,62.72999954223633,62.75,1275000,64.19000244140625,63.65999984741211,63.65999984741211
11-02-2016,62.439998626708984,62.5,1843800,63.43000030517578,62.56999969482422,62.56999969482422
12-02-2016,61.36000061035156,61.619998931884766,2348900,64.20999908447266,62.560001373291016,62.560001373291016
16-02-2016,61.91999816894531,62.7400016784668,2019800,62.7400016784668,62.63999938964844,62.63999938964844
17-02-2016,62.65999984741211,62.86000061035156,1297200,64.13999938964844,64.08999633789062,64.08999633789062
18-02-2016,63.93000030517578,64.44999694824219,1011800,64.9800033569336,64.5,64.5
19-02-2016,63.54999923706055,64.44000244140625,1586800,64.47000122070312,63.79999923706055,63.79999923706055
22-02-2016,64.0,64.2300033569336,769800,64.91000366210938,64.8499984741211,64.8499984741211
23-02-2016,64.1500015258789,64.58999633789062,1064200,64.9000015258789,64.27999877929688,64.27999877929688
24-02-2016,62.959999084472656,63.70000076293945,838700,64.19000244140625,64.13999938964844,64.13999938964844
25-02-2016,64.1500015258789,64.45999908447266,896100,65.3499984741211,65.33000183105469,65.33000183105469
26-02-2016,65.2699966430664,65.66999816894531,1321600,66.88999938964844,66.45999908447266,66.45999908447266
29-02-2016,65.88999938964844,66.29000091552734,1661700,66.80000305175781,65.97000122070312,65.97000122070312
01-03-2016,66.30000305175781,66.55000305175781,1400500,68.20999908447266,68.20999908447266,68.20999908447266
02-03-2016,67.0999984741211,67.83000183105469,1048600,68.45999908447266,68.18000030517578,68.18000030517578
03-03-2016,68.0999984741211,68.0999984741211,1836000,70.29000091552734,70.08000183105469,70.08000183105469
04-03-2016,69.55999755859375,70.18000030517578,1572300,70.88999938964844,70.51000213623047,70.51000213623047
07-03-2016,69.94999694824219,70.16999816894531,928500,71.27999877929688,70.93000030517578,70.93000030517578
08-03-2016,69.62000274658203,70.6500015258789,1306300,71.08000183105469,69.75,69.75
09-03-2016,69.61000061035156,70.20999908447266,1010000,70.2699966430664,70.16999816894531,70.16999816894531
10-03-2016,69.30000305175781,70.45999908447266,638700,71.08000183105469,69.83999633789062,69.83999633789062
11-03-2016,70.16999816894531,70.5199966430664,785200,71.16000366210938,71.05000305175781,71.05000305175781
14-03-2016,70.61000061035156,70.95999908447266,1032600,71.9000015258789,70.91999816894531,70.91999816894531
15-03-2016,69.4800033569336,70.4000015258789,1401900,70.75,69.81999969482422,69.81999969482422
16-03-2016,69.2699966430664,69.58999633789062,1069600,70.52999877929688,70.16000366210938,70.16000366210938
17-03-2016,69.4800033569336,70.16999816894531,1373500,71.06999969482422,70.94999694824219,70.94999694824219
18-03-2016,71.05999755859375,71.23999786376953,1614300,73.16000366210938,72.73999786376953,72.73999786376953
21-03-2016,71.77999877929688,72.4000015258789,685100,72.7300033569336,72.29000091552734,72.29000091552734
22-03-2016,71.83999633789062,72.08000183105469,804800,72.94999694824219,72.69000244140625,72.69000244140625
23-03-2016,71.79000091552734,72.68000030517578,686000,73.0,72.31999969482422,72.31999969482422
24-03-2016,71.05999755859375,71.62000274658203,673900,72.01000213623047,71.55000305175781,71.55000305175781
28-03-2016,71.13999938964844,71.55000305175781,420400,71.94000244140625,71.5,71.5
29-03-2016,71.12000274658203,71.52999877929688,641700,72.77999877929688,72.70999908447266,72.70999908447266
30-03-2016,72.47000122070312,73.02999877929688,531700,73.31999969482422,73.02999877929688,73.02999877929688
31-03-2016,72.87999725341797,72.87999725341797,1127900,74.18000030517578,73.37999725341797,73.37999725341797
01-04-2016,72.54000091552734,73.05000305175781,822900,74.08000183105469,73.97000122070312,73.97000122070312
04-04-2016,73.19999694824219,74.18000030517578,1063000,74.45999908447266,73.47000122070312,73.47000122070312
05-04-2016,72.30999755859375,73.02999877929688,1472600,73.41999816894531,73.02999877929688,73.02999877929688
06-04-2016,73.12000274658203,73.12999725341797,851500,74.69000244140625,74.52999877929688,74.52999877929688
07-04-2016,73.68000030517578,74.30000305175781,753400,74.94000244140625,73.94999694824219,73.94999694824219
08-04-2016,73.8499984741211,74.4000015258789,814800,74.9000015258789,74.0999984741211,74.0999984741211
11-04-2016,73.2300033569336,74.18000030517578,808800,74.33999633789062,73.41999816894531,73.41999816894531
12-04-2016,73.31999969482422,73.44999694824219,685000,74.0,73.77999877929688,73.77999877929688
13-04-2016,73.7699966430664,74.02999877929688,626100,74.2699966430664,74.19000244140625,74.19000244140625
14-04-2016,73.9800033569336,74.37000274658203,737100,74.55999755859375,74.19999694824219,74.19999694824219
15-04-2016,73.47000122070312,74.16999816894531,626700,74.4800033569336,74.20999908447266,74.20999908447266
18-04-2016,73.83000183105469,74.02999877929688,737200,74.55000305175781,74.4800033569336,74.4800033569336
19-04-2016,74.4800033569336,74.80999755859375,680600,75.18000030517578,74.94000244140625,74.94000244140625
20-04-2016,74.4800033569336,75.12999725341797,727400,75.16000366210938,74.83999633789062,74.83999633789062
21-04-2016,74.11000061035156,74.7699966430664,966600,75.08999633789062,74.44999694824219,74.44999694824219
22-04-2016,74.4800033569336,74.55000305175781,752600,75.16999816894531,74.9000015258789,74.9000015258789
25-04-2016,74.19999694824219,74.55000305175781,744800,75.23999786376953,74.70999908447266,74.70999908447266
26-04-2016,74.62999725341797,75.0,862300,75.16999816894531,74.91000366210938,74.91000366210938
27-04-2016,74.22000122070312,75.13999938964844,720500,75.30999755859375,75.12000274658203,75.12000274658203
28-04-2016,74.61000061035156,74.66999816894531,569800,75.37999725341797,74.77999877929688,74.77999877929688
29-04-2016,73.36000061035156,74.44000244140625,1137500,74.87999725341797,73.9000015258789,73.9000015258789
02-05-2016,73.02999877929688,74.33999633789062,1550500,74.52999877929688,73.63999938964844,73.63999938964844
03-05-2016,72.97000122070312,73.05999755859375,1014300,74.01000213623047,73.70999908447266,73.70999908447266
04-05-2016,73.1500015258789,73.55000305175781,1543500,73.93000030517578,73.23999786376953,73.23999786376953
05-05-2016,74.19000244140625,74.19000244140625,2786400,76.93000030517578,75.83000183105469,75.83000183105469
06-05-2016,75.0199966430664,75.69999694824219,1277700,75.91999816894531,75.69999694824219,75.69999694824219
09-05-2016,75.44000244140625,75.62000274658203,1069500,76.27999877929688,76.04000091552734,76.04000091552734
10-05-2016,75.83999633789062,76.19000244140625,1057100,76.62999725341797,76.48999786376953,76.48999786376953
11-05-2016,76.30000305175781,76.58999633789062,745800,77.16000366210938,76.31999969482422,76.31999969482422
12-05-2016,74.80999755859375,76.5,876800,76.66000366210938,75.58999633789062,75.58999633789062
13-05-2016,75.13999938964844,75.58000183105469,606200,76.08000183105469,75.41999816894531,75.41999816894531
16-05-2016,75.16000366210938,75.4000015258789,1255100,77.12999725341797,77.06999969482422,77.06999969482422
17-05-2016,76.5,76.93000030517578,1305000,77.80000305175781,76.76000213623047,76.76000213623047
18-05-2016,76.08999633789062,76.83000183105469,2396500,77.1500015258789,76.8499984741211,76.8499984741211
19-05-2016,76.44999694824219,76.72000122070312,879300,78.0,77.33999633789062,77.33999633789062
20-05-2016,76.77999877929688,77.61000061035156,1434100,77.98999786376953,77.37000274658203,77.37000274658203
23-05-2016,76.58000183105469,77.23999786376953,855900,77.5199966430664,76.77999877929688,76.77999877929688
24-05-2016,76.70999908447266,77.01000213623047,830100,77.5,77.3499984741211,77.3499984741211
25-05-2016,76.87000274658203,77.41999816894531,1126200,77.9800033569336,77.1500015258789,77.1500015258789
26-05-2016,76.75,77.05000305175781,886700,77.33000183105469,76.94999694824219,76.94999694824219
27-05-2016,76.88999938964844,77.1500015258789,630200,77.45999908447266,77.05000305175781,77.05000305175781
31-05-2016,76.86000061035156,76.97000122070312,993900,77.41999816894531,77.31999969482422,77.31999969482422
01-06-2016,76.6500015258789,77.11000061035156,734700,77.69999694824219,77.52999877929688,77.52999877929688
02-06-2016,77.18000030517578,77.52999877929688,758600,77.93000030517578,77.93000030517578,77.93000030517578
03-06-2016,77.08000183105469,77.7300033569336,804200,77.7300033569336,77.1500015258789,77.1500015258789
06-06-2016,76.01000213623047,77.01000213623047,1116500,77.31999969482422,77.0,77.0
07-06-2016,76.7300033569336,77.02999877929688,741700,77.16000366210938,76.94000244140625,76.94000244140625
08-06-2016,76.47000122070312,77.08000183105469,977000,77.44999694824219,76.9000015258789,76.9000015258789
09-06-2016,76.41000366210938,76.80999755859375,613900,77.30000305175781,77.20999908447266,77.20999908447266
10-06-2016,75.76000213623047,76.7300033569336,687800,76.9000015258789,76.08000183105469,76.08000183105469
13-06-2016,75.54000091552734,75.63999938964844,920800,76.16000366210938,75.55999755859375,75.55999755859375
14-06-2016,74.93000030517578,75.33000183105469,486400,75.69000244140625,75.62999725341797,75.62999725341797
15-06-2016,75.37000274658203,75.76000213623047,780400,76.16999816894531,75.44999694824219,75.44999694824219
16-06-2016,74.79000091552734,75.19000244140625,863200,75.79000091552734,75.68000030517578,75.68000030517578
17-06-2016,74.83999633789062,75.70999908447266,1299400,75.79000091552734,75.11000061035156,75.11000061035156
20-06-2016,75.37999725341797,75.81999969482422,793200,76.38999938964844,75.7699966430664,75.7699966430664
21-06-2016,75.41000366210938,76.11000061035156,565500,76.11000061035156,75.6500015258789,75.6500015258789
22-06-2016,75.45999908447266,75.81999969482422,622500,76.41000366210938,76.18000030517578,76.18000030517578
23-06-2016,76.5,76.76000213623047,509300,77.1500015258789,77.1500015258789,77.1500015258789
24-06-2016,74.98999786376953,75.1500015258789,1626300,76.56999969482422,75.69999694824219,75.69999694824219
27-06-2016,73.52999877929688,75.18000030517578,1031900,75.33999633789062,73.77999877929688,73.77999877929688
28-06-2016,73.9800033569336,74.30000305175781,944800,74.95999908447266,74.61000061035156,74.61000061035156
29-06-2016,75.12999725341797,75.29000091552734,747500,76.79000091552734,76.68000030517578,76.68000030517578
30-06-2016,76.11000061035156,76.8499984741211,926500,77.33000183105469,77.31999969482422,77.31999969482422
01-07-2016,77.05999755859375,77.5,542700,77.73999786376953,77.31999969482422,77.31999969482422
05-07-2016,76.08000183105469,76.87999725341797,672300,77.04000091552734,76.37000274658203,76.37000274658203
06-07-2016,76.05999755859375,76.44999694824219,1080500,76.80999755859375,76.68000030517578,76.68000030517578
07-07-2016,76.4800033569336,76.68000030517578,1150500,77.18000030517578,76.91999816894531,76.91999816894531
08-07-2016,77.2699966430664,77.36000061035156,743900,78.20999908447266,78.06999969482422,78.06999969482422
11-07-2016,78.19999694824219,78.36000061035156,754600,78.6500015258789,78.44000244140625,78.44000244140625
12-07-2016,77.80999755859375,78.58999633789062,892400,78.7699966430664,77.8499984741211,77.8499984741211
13-07-2016,77.69000244140625,77.97000122070312,733900,78.29000091552734,77.98999786376953,77.98999786376953
14-07-2016,77.68000030517578,78.44999694824219,922500,78.5,77.7300033569336,77.7300033569336
15-07-2016,77.4800033569336,77.97000122070312,526000,78.05000305175781,77.7300033569336,77.7300033569336
18-07-2016,77.18000030517578,77.69999694824219,704700,77.91999816894531,77.51000213623047,77.51000213623047
19-07-2016,77.04000091552734,77.31999969482422,592600,77.62000274658203,77.3499984741211,77.3499984741211
20-07-2016,77.2300033569336,77.58000183105469,839700,77.8499984741211,77.62000274658203,77.62000274658203
21-07-2016,77.26000213623047,77.6500015258789,678700,78.01000213623047,77.58000183105469,77.58000183105469
22-07-2016,77.4000015258789,77.70999908447266,3519300,78.33000183105469,77.91000366210938,77.91000366210938
25-07-2016,77.5,77.68000030517578,843500,78.06999969482422,77.94000244140625,77.94000244140625
26-07-2016,77.72000122070312,77.8499984741211,573400,78.4000015258789,78.18000030517578,78.18000030517578
27-07-2016,76.30000305175781,78.0,1729000,78.0,76.55000305175781,76.55000305175781
28-07-2016,76.12999725341797,76.44999694824219,597400,76.86000061035156,76.76000213623047,76.76000213623047
29-07-2016,76.38999938964844,76.62000274658203,1035000,77.61000061035156,77.54000091552734,77.54000091552734
01-08-2016,76.87000274658203,77.62999725341797,595300,77.9000015258789,77.0,77.0
02-08-2016,75.80000305175781,76.93000030517578,913800,77.0,76.0,76.0
03-08-2016,75.7300033569336,75.88999938964844,817200,76.13999938964844,76.08000183105469,76.08000183105469
04-08-2016,75.7699966430664,76.08999633789062,672600,76.33000183105469,75.91000366210938,75.91000366210938
05-08-2016,76.19000244140625,76.25,869700,76.97000122070312,76.95999908447266,76.95999908447266
08-08-2016,75.25,76.93000030517578,1930600,76.94000244140625,75.36000061035156,75.36000061035156
09-08-2016,71.4000015258789,73.36000061035156,3928400,74.1500015258789,72.30999755859375,72.30999755859375
10-08-2016,69.94000244140625,72.08999633789062,2725600,72.25,70.11000061035156,70.11000061035156
11-08-2016,69.51000213623047,70.16000366210938,2211700,70.55999755859375,70.08999633789062,70.08999633789062
12-08-2016,68.9800033569336,70.08000183105469,1797300,70.11000061035156,69.1500015258789,69.1500015258789
15-08-2016,68.31999969482422,69.19999694824219,2174400,69.3499984741211,68.33000183105469,68.33000183105469
16-08-2016,67.19000244140625,68.22000122070312,2292800,68.5,68.26000213623047,68.26000213623047
17-08-2016,66.75,68.26000213623047,2817200,68.4800033569336,67.19999694824219,67.19999694824219
18-08-2016,67.2300033569336,67.33999633789062,1715800,67.9800033569336,67.6500015258789,67.6500015258789
19-08-2016,62.7599983215332,63.97999954223633,6543300,64.94000244140625,64.4800033569336,64.4800033569336
22-08-2016,64.5199966430664,64.62999725341797,3533200,65.61000061035156,65.16999816894531,65.16999816894531
23-08-2016,65.12000274658203,65.51000213623047,2324800,65.87999725341797,65.44999694824219,65.44999694824219
24-08-2016,64.45999908447266,65.5,2249000,65.75,64.51000213623047,64.51000213623047
25-08-2016,64.05000305175781,64.30000305175781,1309700,64.5999984741211,64.23999786376953,64.23999786376953
26-08-2016,63.29999923706055,64.16999816894531,2155000,64.41000366210938,63.68000030517578,63.68000030517578
29-08-2016,63.7599983215332,63.7599983215332,1205800,64.55999755859375,64.41000366210938,64.41000366210938
30-08-2016,64.31999969482422,64.31999969482422,1404200,64.83999633789062,64.66000366210938,64.66000366210938
31-08-2016,64.0199966430664,64.9800033569336,1699000,64.9800033569336,64.62999725341797,64.62999725341797
01-09-2016,63.83000183105469,64.51000213623047,2346000,64.6500015258789,64.19000244140625,64.19000244140625
02-09-2016,64.3499984741211,64.3499984741211,1390500,65.0199966430664,64.77999877929688,64.77999877929688
06-09-2016,63.36000061035156,64.01000213623047,1420900,64.4000015258789,64.05999755859375,64.05999755859375
07-09-2016,64.05999755859375,64.05999755859375,1236400,64.7699966430664,64.33000183105469,64.33000183105469
08-09-2016,64.16999816894531,64.63999938964844,1144100,64.63999938964844,64.43000030517578,64.43000030517578
09-09-2016,63.529998779296875,63.91999816894531,1761100,64.30999755859375,63.650001525878906,63.650001525878906
12-09-2016,63.08000183105469,63.08000183105469,2062700,64.97000122070312,64.70999908447266,64.70999908447266
13-09-2016,63.72999954223633,64.22000122070312,2228300,64.51000213623047,63.95000076293945,63.95000076293945
14-09-2016,63.25,64.12999725341797,2097500,64.2699966430664,63.34000015258789,63.34000015258789
15-09-2016,63.09000015258789,63.189998626708984,1691300,64.3499984741211,64.06999969482422,64.06999969482422
16-09-2016,63.56999969482422,63.95000076293945,2480600,64.55999755859375,64.44000244140625,64.44000244140625
19-09-2016,63.380001068115234,64.4800033569336,1776300,64.8499984741211,63.599998474121094,63.599998474121094
20-09-2016,64.94000244140625,65.98999786376953,1873200,65.98999786376953,64.98999786376953,64.98999786376953
21-09-2016,64.97000122070312,64.9800033569336,1529600,65.87000274658203,65.83000183105469,65.83000183105469
22-09-2016,65.97000122070312,65.9800033569336,1650400,66.87999725341797,66.72000122070312,66.72000122070312
23-09-2016,66.19999694824219,66.58000183105469,1792700,66.81999969482422,66.5,66.5
26-09-2016,65.94999694824219,66.08999633789062,1673100,66.3499984741211,66.1500015258789,66.1500015258789
27-09-2016,65.83999633789062,66.08999633789062,1783500,66.58000183105469,66.33000183105469,66.33000183105469
28-09-2016,65.44999694824219,66.22000122070312,1729200,66.30000305175781,66.20999908447266,66.20999908447266
29-09-2016,65.29000091552734,66.18000030517578,1519800,66.36000061035156,65.45999908447266,65.45999908447266
30-09-2016,64.72000122070312,65.5,3478800,66.36000061035156,66.06999969482422,66.06999969482422
03-10-2016,63.720001220703125,65.69000244140625,2879800,65.88999938964844,64.0999984741211,64.0999984741211
04-10-2016,63.900001525878906,64.1500015258789,1706100,64.58000183105469,64.33999633789062,64.33999633789062
05-10-2016,64.01000213623047,64.33000183105469,1225900,64.66000366210938,64.11000061035156,64.11000061035156
06-10-2016,63.349998474121094,63.880001068115234,1503500,64.5,64.27999877929688,64.27999877929688
07-10-2016,63.0099983215332,64.2699966430664,1828400,64.43000030517578,63.43000030517578,63.43000030517578
10-10-2016,63.70000076293945,63.790000915527344,1201500,64.4000015258789,63.70000076293945,63.70000076293945
11-10-2016,61.95000076293945,63.61000061035156,2448000,63.61000061035156,62.0,62.0
12-10-2016,62.0099983215332,62.0099983215332,2332900,62.880001068115234,62.65999984741211,62.65999984741211
13-10-2016,61.7400016784668,62.29999923706055,1431800,63.119998931884766,62.9900016784668,62.9900016784668
14-10-2016,62.84000015258789,63.02000045776367,1329700,63.34000015258789,62.849998474121094,62.849998474121094
17-10-2016,62.119998931884766,62.79999923706055,1439800,62.970001220703125,62.2599983215332,62.2599983215332
18-10-2016,62.45000076293945,62.81999969482422,1508500,62.97999954223633,62.5099983215332,62.5099983215332
19-10-2016,62.060001373291016,62.54999923706055,1614600,62.81999969482422,62.779998779296875,62.779998779296875
20-10-2016,61.04999923706055,62.7400016784668,2925300,62.7400016784668,61.099998474121094,61.099998474121094
21-10-2016,60.2400016784668,60.81999969482422,2525500,61.11000061035156,60.959999084472656,60.959999084472656
24-10-2016,57.58000183105469,61.54999923706055,6225400,61.54999923706055,58.099998474121094,58.099998474121094
25-10-2016,58.11000061035156,58.27000045776367,2054000,58.95000076293945,58.290000915527344,58.290000915527344
26-10-2016,56.77000045776367,57.790000915527344,2802700,57.880001068115234,56.86000061035156,56.86000061035156
27-10-2016,55.869998931884766,56.88999938964844,1747000,57.06999969482422,55.93000030517578,55.93000030517578
28-10-2016,54.5,55.86000061035156,2500900,56.209999084472656,55.15999984741211,55.15999984741211
31-10-2016,55.4900016784668,55.4900016784668,6291100,59.720001220703125,58.619998931884766,58.619998931884766
01-11-2016,57.5,58.689998626708984,2612000,58.790000915527344,57.81999969482422,57.81999969482422
02-11-2016,57.66999816894531,57.869998931884766,2314500,58.380001068115234,57.970001220703125,57.970001220703125
03-11-2016,58.0,58.0,3619900,59.849998474121094,58.459999084472656,58.459999084472656
04-11-2016,58.2599983215332,58.58000183105469,3568000,59.310001373291016,58.630001068115234,58.630001068115234
07-11-2016,57.68000030517578,59.529998779296875,1973700,59.650001525878906,57.849998474121094,57.849998474121094
08-11-2016,57.61000061035156,57.790000915527344,1668400,58.400001525878906,58.02000045776367,58.02000045776367
09-11-2016,57.0,59.380001068115234,2763600,59.529998779296875,59.33000183105469,59.33000183105469
10-11-2016,59.36000061035156,60.25,2731400,60.25,59.97999954223633,59.97999954223633
11-11-2016,59.060001373291016,59.79999923706055,2073500,60.040000915527344,59.529998779296875,59.529998779296875
14-11-2016,59.38999938964844,59.540000915527344,2333500,60.79999923706055,60.59000015258789,60.59000015258789
15-11-2016,59.959999084472656,60.59000015258789,1225400,60.689998626708984,60.29999923706055,60.29999923706055
16-11-2016,59.88999938964844,59.95000076293945,1984300,60.4900016784668,60.43000030517578,60.43000030517578
17-11-2016,60.38999938964844,60.400001525878906,2497800,62.08000183105469,61.9900016784668,61.9900016784668
18-11-2016,61.130001068115234,61.91999816894531,3764900,62.02000045776367,61.52000045776367,61.52000045776367
21-11-2016,61.25,61.41999816894531,3416300,63.04999923706055,62.849998474121094,62.849998474121094
22-11-2016,62.25,62.689998626708984,2821400,63.13999938964844,63.029998779296875,63.029998779296875
23-11-2016,62.709999084472656,62.79999923706055,2139200,63.47999954223633,63.36000061035156,63.36000061035156
25-11-2016,63.02000045776367,63.56999969482422,936300,63.72999954223633,63.33000183105469,63.33000183105469
28-11-2016,62.709999084472656,63.400001525878906,2175900,63.56999969482422,63.20000076293945,63.20000076293945
29-11-2016,62.900001525878906,63.2599983215332,1984900,63.7599983215332,63.65999984741211,63.65999984741211
30-11-2016,63.18000030517578,63.560001373291016,4754900,63.95000076293945,63.349998474121094,63.349998474121094
01-12-2016,63.34000015258789,63.5,2777400,65.36000061035156,64.58999633789062,64.58999633789062
02-12-2016,64.16000366210938,64.72000122070312,1906500,64.83999633789062,64.2300033569336,64.2300033569336
05-12-2016,63.290000915527344,64.37000274658203,2100200,64.45999908447266,64.11000061035156,64.11000061035156
06-12-2016,63.5099983215332,64.31999969482422,1367200,64.33000183105469,64.0999984741211,64.0999984741211
07-12-2016,63.61000061035156,64.0999984741211,1626100,64.45999908447266,64.01000213623047,64.01000213623047
08-12-2016,63.93000030517578,64.25,2457400,66.77999877929688,66.27999877929688,66.27999877929688
09-12-2016,65.98999786376953,66.30999755859375,988600,66.68000030517578,66.48999786376953,66.48999786376953
12-12-2016,66.38999938964844,67.13999938964844,2286000,67.44000244140625,66.58999633789062,66.58999633789062
13-12-2016,64.66999816894531,65.38999938964844,2457700,65.81999969482422,65.37000274658203,65.37000274658203
14-12-2016,63.619998931884766,65.19000244140625,3655200,65.62000274658203,63.79999923706055,63.79999923706055
15-12-2016,63.349998474121094,63.869998931884766,1749300,64.33000183105469,64.12000274658203,64.12000274658203
16-12-2016,63.939998626708984,64.25,3605700,64.95999908447266,64.94000244140625,64.94000244140625
19-12-2016,64.69999694824219,64.98999786376953,1544600,65.56999969482422,65.19000244140625,65.19000244140625
20-12-2016,64.73999786376953,65.30999755859375,963300,65.69999694824219,64.87000274658203,64.87000274658203
21-12-2016,64.63999938964844,65.05999755859375,916600,65.29000091552734,64.66999816894531,64.66999816894531
22-12-2016,64.12000274658203,64.5,1254500,65.04000091552734,64.8499984741211,64.8499984741211
23-12-2016,64.76000213623047,65.0199966430664,453400,65.3499984741211,65.19999694824219,65.19999694824219
27-12-2016,64.86000061035156,65.26000213623047,507800,65.36000061035156,65.01000213623047,65.01000213623047
28-12-2016,64.30000305175781,64.86000061035156,570400,65.16999816894531,64.30999755859375,64.30999755859375
29-12-2016,64.2699966430664,64.51000213623047,566800,64.73999786376953,64.36000061035156,64.36000061035156
30-12-2016,63.7599983215332,64.18000030517578,783300,64.36000061035156,64.19999694824219,64.19999694824219
03-01-2017,64.13999938964844,64.73999786376953,1086900,65.3499984741211,65.08999633789062,65.08999633789062
04-01-2017,65.2300033569336,65.2300033569336,1118100,66.55999755859375,66.30999755859375,66.30999755859375
05-01-2017,65.33000183105469,66.23999786376953,947600,66.4000015258789,65.70999908447266,65.70999908447266
06-01-2017,65.26000213623047,65.7300033569336,647600,65.97000122070312,65.79000091552734,65.79000091552734
09-01-2017,62.880001068115234,63.0,2612600,64.66000366210938,63.380001068115234,63.380001068115234
10-01-2017,63.209999084472656,63.29999923706055,1762200,64.6500015258789,63.630001068115234,63.630001068115234
11-01-2017,62.2400016784668,63.47999954223633,1950000,63.58000183105469,63.189998626708984,63.189998626708984
12-01-2017,62.66999816894531,62.97999954223633,1499500,63.7599983215332,63.40999984741211,63.40999984741211
13-01-2017,63.709999084472656,63.709999084472656,890000,64.72000122070312,63.93000030517578,63.93000030517578
17-01-2017,63.2599983215332,63.540000915527344,981800,64.13999938964844,63.849998474121094,63.849998474121094
18-01-2017,63.540000915527344,64.0,898400,64.05999755859375,63.88999938964844,63.88999938964844
19-01-2017,62.86000061035156,63.68000030517578,1144500,63.83000183105469,62.900001525878906,62.900001525878906
20-01-2017,62.720001220703125,62.97999954223633,1586400,63.41999816894531,63.02000045776367,63.02000045776367
23-01-2017,62.58000183105469,62.83000183105469,919000,63.34000015258789,63.119998931884766,63.119998931884766
24-01-2017,63.16999816894531,63.16999816894531,841300,63.83000183105469,63.560001373291016,63.560001373291016
25-01-2017,63.38999938964844,63.61000061035156,1063800,64.37999725341797,64.08000183105469,64.08000183105469
26-01-2017,65.04000091552734,66.16000366210938,2045300,66.5999984741211,65.20999908447266,65.20999908447266
27-01-2017,64.2699966430664,65.20999908447266,896100,65.20999908447266,64.55000305175781,64.55000305175781
30-01-2017,62.58000183105469,64.66999816894531,1220100,64.66999816894531,63.349998474121094,63.349998474121094
31-01-2017,63.150001525878906,63.40999984741211,1007100,63.91999816894531,63.75,63.75
01-02-2017,63.7599983215332,63.9900016784668,1475000,64.80999755859375,64.62999725341797,64.62999725341797
02-02-2017,64.38999938964844,64.4000015258789,1272300,65.0999984741211,64.77999877929688,64.77999877929688
03-02-2017,64.52999877929688,65.0,1415200,65.48999786376953,65.31999969482422,65.31999969482422
06-02-2017,64.5199966430664,65.0199966430664,1005300,65.4800033569336,64.62000274658203,64.62000274658203
07-02-2017,64.0199966430664,64.55999755859375,821200,65.37000274658203,64.2699966430664,64.2699966430664
08-02-2017,63.900001525878906,64.0999984741211,1175300,64.88999938964844,64.69000244140625,64.69000244140625
09-02-2017,64.23999786376953,64.69000244140625,1510400,64.83000183105469,64.66000366210938,64.66000366210938
10-02-2017,64.55999755859375,64.80999755859375,743300,65.08999633789062,64.75,64.75
13-02-2017,64.68000030517578,64.9000015258789,720100,65.05999755859375,64.80999755859375,64.80999755859375
14-02-2017,64.56999969482422,64.62000274658203,1604400,65.05999755859375,64.7300033569336,64.7300033569336
15-02-2017,64.22000122070312,64.44999694824219,1329900,65.02999877929688,64.8499984741211,64.8499984741211
16-02-2017,64.37999725341797,65.04000091552734,1072400,65.29000091552734,64.66000366210938,64.66000366210938
17-02-2017,65.41999816894531,65.5,3752100,67.77999877929688,66.9000015258789,66.9000015258789
21-02-2017,66.9000015258789,67.0,3188300,69.05999755859375,68.88999938964844,68.88999938964844
22-02-2017,68.80000305175781,68.97000122070312,1475700,69.37000274658203,69.08000183105469,69.08000183105469
23-02-2017,68.61000061035156,69.05000305175781,2938900,69.33000183105469,68.94999694824219,68.94999694824219
24-02-2017,68.69999694824219,68.83000183105469,882000,69.1500015258789,69.04000091552734,69.04000091552734
27-02-2017,68.69999694824219,69.0,753200,69.2699966430664,69.19000244140625,69.19000244140625
28-02-2017,68.6500015258789,68.87999725341797,2203600,69.55999755859375,69.41000366210938,69.41000366210938
01-03-2017,69.12999725341797,69.7699966430664,1158200,70.0,69.16999816894531,69.16999816894531
02-03-2017,68.7699966430664,69.12000274658203,1245200,70.02999877929688,69.98999786376953,69.98999786376953
03-03-2017,69.58999633789062,69.70999908447266,881000,70.04000091552734,70.0,70.0
06-03-2017,69.31999969482422,69.9800033569336,1121300,70.13999938964844,69.41999816894531,69.41999816894531
07-03-2017,68.05999755859375,69.06999969482422,1059200,69.27999877929688,68.12999725341797,68.12999725341797
08-03-2017,68.06999969482422,68.12999725341797,760900,68.77999877929688,68.26000213623047,68.26000213623047
09-03-2017,68.05000305175781,68.29000091552734,677500,68.77999877929688,68.29000091552734,68.29000091552734
10-03-2017,68.22000122070312,68.37999725341797,572600,68.66000366210938,68.55000305175781,68.55000305175781
13-03-2017,68.37000274658203,68.52999877929688,692100,68.7699966430664,68.75,68.75
14-03-2017,68.2699966430664,68.48999786376953,1296000,68.81999969482422,68.69999694824219,68.69999694824219
15-03-2017,68.66000366210938,68.80999755859375,1086000,69.2300033569336,69.02999877929688,69.02999877929688
16-03-2017,67.66999816894531,69.0199966430664,864600,69.38999938964844,67.73999786376953,67.73999786376953
17-03-2017,67.55999755859375,67.7300033569336,1721500,67.87000274658203,67.80000305175781,67.80000305175781
20-03-2017,67.31999969482422,67.83999633789062,581700,68.1500015258789,67.41000366210938,67.41000366210938
21-03-2017,65.97000122070312,67.4000015258789,1383700,67.5,66.01000213623047,66.01000213623047
22-03-2017,65.41999816894531,66.16999816894531,1231700,66.3499984741211,65.55999755859375,65.55999755859375
23-03-2017,65.5,65.66000366210938,1635000,66.70999908447266,66.12000274658203,66.12000274658203
24-03-2017,65.9000015258789,66.11000061035156,970000,67.12000274658203,66.7699966430664,66.7699966430664
27-03-2017,66.19999694824219,66.48999786376953,778900,67.2300033569336,66.93000030517578,66.93000030517578
28-03-2017,66.58999633789062,66.70999908447266,1141300,67.8499984741211,67.69000244140625,67.69000244140625
29-03-2017,67.2300033569336,67.4800033569336,1362000,68.5,68.30999755859375,68.30999755859375
30-03-2017,67.94000244140625,68.2699966430664,918900,68.66999816894531,68.5,68.5
31-03-2017,67.95999908447266,68.41999816894531,1013600,68.54000091552734,67.97000122070312,67.97000122070312
03-04-2017,67.26000213623047,68.05999755859375,1098000,68.38999938964844,67.63999938964844,67.63999938964844
04-04-2017,66.83000183105469,67.58000183105469,911900,67.58000183105469,67.18000030517578,67.18000030517578
05-04-2017,67.19000244140625,67.31999969482422,798800,68.27999877929688,67.3499984741211,67.3499984741211
06-04-2017,67.08999633789062,67.38999938964844,659000,67.79000091552734,67.76000213623047,67.76000213623047
07-04-2017,66.98999786376953,67.55000305175781,796200,67.55000305175781,67.04000091552734,67.04000091552734
10-04-2017,67.2300033569336,67.31999969482422,1241300,68.86000061035156,68.2699966430664,68.2699966430664
11-04-2017,67.73999786376953,68.02999877929688,561800,68.3499984741211,68.30999755859375,68.30999755859375
12-04-2017,67.51000213623047,67.6500015258789,688300,68.33999633789062,68.0999984741211,68.0999984741211
13-04-2017,67.66000366210938,68.23999786376953,548100,68.23999786376953,67.77999877929688,67.77999877929688
17-04-2017,67.44000244140625,67.83999633789062,827200,68.33999633789062,68.33999633789062,68.33999633789062
18-04-2017,67.4800033569336,67.8499984741211,640800,68.08999633789062,67.72000122070312,67.72000122070312
19-04-2017,67.37999725341797,67.87999725341797,781500,68.23999786376953,67.7699966430664,67.7699966430664
20-04-2017,67.52999877929688,67.88999938964844,1042100,68.51000213623047,68.43000030517578,68.43000030517578
21-04-2017,67.58999633789062,68.2699966430664,975700,68.48999786376953,67.73999786376953,67.73999786376953
24-04-2017,68.05000305175781,68.43000030517578,878700,68.68000030517578,68.2699966430664,68.2699966430664
25-04-2017,67.91999816894531,68.5,858700,68.6500015258789,68.5,68.5
26-04-2017,68.30000305175781,68.66000366210938,1813900,69.22000122070312,68.4800033569336,68.4800033569336
27-04-2017,68.37999725341797,68.37999725341797,926600,69.0199966430664,68.81999969482422,68.81999969482422
28-04-2017,68.23999786376953,68.73999786376953,950600,69.0199966430664,69.01000213623047,69.01000213623047
01-05-2017,68.66999816894531,69.0199966430664,1481600,69.37999725341797,69.08000183105469,69.08000183105469
02-05-2017,68.95999908447266,69.30000305175781,1953300,70.16000366210938,70.08999633789062,70.08999633789062
03-05-2017,66.0999984741211,69.0,3226100,69.44000244140625,66.44999694824219,66.44999694824219
04-05-2017,64.80999755859375,66.5,2337100,66.70999908447266,65.23999786376953,65.23999786376953
05-05-2017,64.69000244140625,65.4000015258789,1974900,65.6500015258789,65.44999694824219,65.44999694824219
08-05-2017,65.19999694824219,65.52999877929688,1307100,65.91999816894531,65.38999938964844,65.38999938964844
09-05-2017,65.19000244140625,65.45999908447266,1179300,66.05000305175781,65.87000274658203,65.87000274658203
10-05-2017,65.73999786376953,65.73999786376953,1330900,66.7699966430664,66.54000091552734,66.54000091552734
11-05-2017,66.20999908447266,66.41000366210938,1012800,67.01000213623047,66.87999725341797,66.87999725341797
12-05-2017,66.5,66.75,911600,66.88999938964844,66.63999938964844,66.63999938964844
15-05-2017,65.88999938964844,66.62000274658203,1260100,66.9000015258789,66.02999877929688,66.02999877929688
16-05-2017,61.70000076293945,65.9000015258789,4902000,65.9000015258789,62.09000015258789,62.09000015258789
17-05-2017,61.47999954223633,62.09000015258789,3119100,64.18000030517578,63.95000076293945,63.95000076293945
18-05-2017,63.439998626708984,64.0999984741211,1593600,64.44999694824219,64.0999984741211,64.0999984741211
19-05-2017,63.849998474121094,64.11000061035156,1566600,65.0199966430664,64.56999969482422,64.56999969482422
22-05-2017,64.41999816894531,64.63999938964844,1505700,65.0199966430664,64.69999694824219,64.69999694824219
23-05-2017,64.44999694824219,64.61000061035156,1282400,65.02999877929688,64.87999725341797,64.87999725341797
24-05-2017,64.52999877929688,64.98999786376953,1257800,65.05000305175781,64.7699966430664,64.7699966430664
25-05-2017,64.7699966430664,64.7699966430664,2150600,67.04000091552734,66.2699966430664,66.2699966430664
26-05-2017,64.30999755859375,66.44000244140625,2171600,66.77999877929688,64.75,64.75
30-05-2017,64.36000061035156,64.45999908447266,1403100,65.30999755859375,65.19999694824219,65.19999694824219
31-05-2017,65.12999725341797,65.33000183105469,1768300,66.31999969482422,66.26000213623047,66.26000213623047
01-06-2017,66.0999984741211,66.2300033569336,1318200,67.58000183105469,67.41999816894531,67.41999816894531
02-06-2017,66.26000213623047,67.5,1393900,67.5,66.43000030517578,66.43000030517578
05-06-2017,65.43000030517578,66.29000091552734,970800,66.63999938964844,65.69000244140625,65.69000244140625
06-06-2017,64.80999755859375,65.58999633789062,810600,65.63999938964844,65.4800033569336,65.4800033569336
07-06-2017,63.95000076293945,65.16999816894531,2455400,65.25,64.05000305175781,64.05000305175781
08-06-2017,63.0,64.05000305175781,1872700,64.25,63.61000061035156,63.61000061035156
09-06-2017,63.459999084472656,63.5,1038700,64.54000091552734,64.47000122070312,64.47000122070312
12-06-2017,64.58999633789062,64.58999633789062,1529800,65.91000366210938,65.22000122070312,65.22000122070312
13-06-2017,64.91000366210938,65.18000030517578,1024400,66.13999938964844,65.61000061035156,65.61000061035156
14-06-2017,65.41000366210938,65.87000274658203,1045900,66.16000366210938,65.97000122070312,65.97000122070312
15-06-2017,65.05000305175781,66.01000213623047,786400,66.08000183105469,65.55999755859375,65.55999755859375
16-06-2017,65.0199966430664,65.75,1774100,66.22000122070312,66.16999816894531,66.16999816894531
19-06-2017,65.86000061035156,66.01000213623047,970200,66.26000213623047,66.05000305175781,66.05000305175781
20-06-2017,64.81999969482422,65.87000274658203,1233100,65.87999725341797,65.08000183105469,65.08000183105469
21-06-2017,63.939998626708984,65.16000366210938,1464700,65.37999725341797,64.29000091552734,64.29000091552734
22-06-2017,63.93000030517578,64.29000091552734,1972700,65.25,65.06999969482422,65.06999969482422
23-06-2017,64.77999877929688,65.19000244140625,2131200,65.44000244140625,64.88999938964844,64.88999938964844
26-06-2017,63.77000045776367,63.86000061035156,1150000,64.88999938964844,64.44999694824219,64.44999694824219
27-06-2017,64.05999755859375,64.45999908447266,1005200,64.87999725341797,64.12000274658203,64.12000274658203
28-06-2017,64.12000274658203,64.5,932400,65.1500015258789,64.72000122070312,64.72000122070312
29-06-2017,63.599998474121094,64.80999755859375,880800,64.93000030517578,64.05999755859375,64.05999755859375
30-06-2017,64.11000061035156,64.20999908447266,1671600,65.29000091552734,64.76000213623047,64.76000213623047
03-07-2017,64.3499984741211,64.91000366210938,444300,64.95999908447266,64.37999725341797,64.37999725341797
05-07-2017,63.4900016784668,64.41000366210938,1327000,64.54000091552734,64.0999984741211,64.0999984741211
06-07-2017,62.97999954223633,64.0999984741211,1420900,64.23999786376953,63.04999923706055,63.04999923706055
07-07-2017,62.349998474121094,63.04999923706055,1060000,63.47999954223633,63.41999816894531,63.41999816894531
10-07-2017,62.11000061035156,63.15999984741211,2410300,63.41999816894531,62.34000015258789,62.34000015258789
11-07-2017,62.43000030517578,62.61000061035156,1434600,63.4900016784668,63.36000061035156,63.36000061035156
12-07-2017,63.459999084472656,63.66999816894531,1239000,64.2300033569336,63.880001068115234,63.880001068115234
13-07-2017,63.36000061035156,63.900001525878906,800100,64.45999908447266,64.23999786376953,64.23999786376953
14-07-2017,64.12999725341797,64.18000030517578,1359500,65.0,64.69999694824219,64.69999694824219
17-07-2017,64.5199966430664,64.83000183105469,1382100,65.73999786376953,65.2699966430664,65.2699966430664
18-07-2017,64.51000213623047,65.26000213623047,1544200,65.31999969482422,65.20999908447266,65.20999908447266
19-07-2017,65.05000305175781,65.3499984741211,874700,65.66999816894531,65.41000366210938,65.41000366210938
20-07-2017,65.4000015258789,65.4000015258789,1351700,66.63999938964844,66.41999816894531,66.41999816894531
21-07-2017,65.5,66.18000030517578,1029800,66.4800033569336,65.76000213623047,65.76000213623047
24-07-2017,65.31999969482422,65.75,996700,66.1500015258789,65.4800033569336,65.4800033569336
25-07-2017,64.88999938964844,65.55000305175781,989500,65.94999694824219,65.37000274658203,65.37000274658203
26-07-2017,64.2300033569336,65.23999786376953,866700,65.26000213623047,64.88999938964844,64.88999938964844
27-07-2017,64.16999816894531,64.75,998600,64.91000366210938,64.87999725341797,64.87999725341797
28-07-2017,64.69000244140625,64.88999938964844,763100,65.5999984741211,65.47000122070312,65.47000122070312
31-07-2017,64.72000122070312,65.56999969482422,933500,65.62000274658203,64.77999877929688,64.77999877929688
01-08-2017,64.05000305175781,65.02999877929688,1666700,65.27999877929688,64.12999725341797,64.12999725341797
02-08-2017,58.189998626708984,64.48999786376953,4942600,65.33999633789062,58.459999084472656,58.459999084472656
03-08-2017,57.959999084472656,58.5099983215332,2405800,59.040000915527344,58.5,58.5
04-08-2017,57.29999923706055,58.459999084472656,1669200,58.54999923706055,57.70000076293945,57.70000076293945
07-08-2017,56.84000015258789,57.70000076293945,1945800,57.7599983215332,56.849998474121094,56.849998474121094
08-08-2017,55.939998626708984,56.849998474121094,2437500,57.150001525878906,57.04999923706055,57.04999923706055
09-08-2017,56.0,56.720001220703125,2014600,57.06999969482422,56.52000045776367,56.52000045776367
10-08-2017,55.59000015258789,56.31999969482422,1579900,56.47999954223633,56.130001068115234,56.130001068115234
11-08-2017,56.0,56.099998474121094,1332500,56.77000045776367,56.54999923706055,56.54999923706055
14-08-2017,56.790000915527344,57.0,2211400,57.33000183105469,56.91999816894531,56.91999816894531
15-08-2017,56.709999084472656,56.90999984741211,1243300,57.22999954223633,56.97999954223633,56.97999954223633
16-08-2017,57.02000045776367,57.15999984741211,951200,57.5099983215332,57.34000015258789,57.34000015258789
17-08-2017,56.540000915527344,57.29999923706055,1021800,57.90999984741211,56.560001373291016,56.560001373291016
18-08-2017,56.0099983215332,56.5,973300,56.65999984741211,56.22999954223633,56.22999954223633
21-08-2017,55.869998931884766,56.290000915527344,1223000,56.709999084472656,56.470001220703125,56.470001220703125
22-08-2017,56.459999084472656,56.5,1026400,56.900001525878906,56.779998779296875,56.779998779296875
23-08-2017,56.310001373291016,56.68000030517578,866000,56.90999984741211,56.709999084472656,56.709999084472656
24-08-2017,56.79999923706055,56.959999084472656,1261700,57.709999084472656,56.939998626708984,56.939998626708984
25-08-2017,57.06999969482422,57.150001525878906,1180500,57.79999923706055,57.22999954223633,57.22999954223633
28-08-2017,57.20000076293945,57.540000915527344,1053400,57.779998779296875,57.31999969482422,57.31999969482422
29-08-2017,56.59000015258789,57.130001068115234,973700,57.34000015258789,57.06999969482422,57.06999969482422
30-08-2017,56.79999923706055,57.060001373291016,1069900,57.599998474121094,57.52000045776367,57.52000045776367
31-08-2017,57.45000076293945,57.709999084472656,1624200,58.68000030517578,58.560001373291016,58.560001373291016
01-09-2017,57.380001068115234,58.68000030517578,1266900,58.83000183105469,57.880001068115234,57.880001068115234
05-09-2017,56.93000030517578,57.689998626708984,1212400,57.869998931884766,57.22999954223633,57.22999954223633
06-09-2017,56.77000045776367,57.5,1369900,57.529998779296875,57.41999816894531,57.41999816894531
07-09-2017,57.02000045776367,57.599998474121094,1376700,57.599998474121094,57.369998931884766,57.369998931884766
08-09-2017,57.040000915527344,57.29999923706055,925300,58.369998931884766,58.310001373291016,58.310001373291016
11-09-2017,58.959999084472656,58.959999084472656,1917000,60.400001525878906,59.79999923706055,59.79999923706055
12-09-2017,59.59000015258789,59.65999984741211,1911500,60.68000030517578,60.290000915527344,60.290000915527344
13-09-2017,59.619998931884766,60.150001525878906,1221400,60.45000076293945,59.779998779296875,59.779998779296875
14-09-2017,59.5,59.75,1234900,59.91999816894531,59.709999084472656,59.709999084472656
15-09-2017,59.119998931884766,59.529998779296875,2154800,59.68000030517578,59.630001068115234,59.630001068115234
18-09-2017,59.68000030517578,59.68000030517578,2169700,61.029998779296875,60.709999084472656,60.709999084472656
19-09-2017,58.79999923706055,60.689998626708984,2038900,60.689998626708984,59.279998779296875,59.279998779296875
20-09-2017,59.20000076293945,59.27000045776367,1919200,60.849998474121094,60.529998779296875,60.529998779296875
21-09-2017,60.2400016784668,60.439998626708984,2206200,61.52000045776367,61.2599983215332,61.2599983215332
22-09-2017,56.13999938964844,61.22999954223633,7743500,61.689998626708984,57.4900016784668,57.4900016784668
25-09-2017,57.0099983215332,57.43000030517578,2344000,58.2599983215332,57.68000030517578,57.68000030517578
26-09-2017,57.33000183105469,57.81999969482422,1803100,58.59000015258789,58.470001220703125,58.470001220703125
27-09-2017,57.810001373291016,58.470001220703125,1736300,58.97999954223633,58.310001373291016,58.310001373291016
28-09-2017,57.95000076293945,58.41999816894531,1501200,58.83000183105469,58.470001220703125,58.470001220703125
29-09-2017,58.720001220703125,58.77000045776367,1371900,59.47999954223633,59.38999938964844,59.38999938964844
02-10-2017,59.54999923706055,59.54999923706055,1762900,60.59000015258789,60.18000030517578,60.18000030517578
03-10-2017,60.040000915527344,60.439998626708984,1095000,61.13999938964844,60.90999984741211,60.90999984741211
04-10-2017,59.88999938964844,60.849998474121094,1484100,61.040000915527344,59.91999816894531,59.91999816894531
05-10-2017,59.65999984741211,59.90999984741211,1503900,60.560001373291016,60.380001068115234,60.380001068115234
06-10-2017,59.68000030517578,60.18000030517578,1222000,60.40999984741211,59.81999969482422,59.81999969482422
09-10-2017,53.86000061035156,56.90999984741211,5943800,57.439998626708984,53.88999938964844,53.88999938964844
10-10-2017,53.58000183105469,55.40999984741211,6167600,55.54999923706055,54.31999969482422,54.31999969482422
11-10-2017,54.33000183105469,54.54999923706055,4317800,55.900001525878906,54.560001373291016,54.560001373291016
12-10-2017,53.86000061035156,54.56999969482422,2196100,54.7400016784668,54.400001525878906,54.400001525878906
13-10-2017,53.779998779296875,54.220001220703125,2479300,54.970001220703125,54.72999954223633,54.72999954223633
16-10-2017,55.13999938964844,55.22999954223633,3385700,57.58000183105469,56.93000030517578,56.93000030517578
17-10-2017,56.45000076293945,56.869998931884766,2239600,57.11000061035156,56.4900016784668,56.4900016784668
18-10-2017,56.619998931884766,56.619998931884766,2788000,58.7599983215332,57.720001220703125,57.720001220703125
19-10-2017,57.439998626708984,57.65999984741211,2148700,59.29999923706055,58.70000076293945,58.70000076293945
20-10-2017,58.9900016784668,58.9900016784668,2576600,59.970001220703125,59.349998474121094,59.349998474121094
23-10-2017,59.93000030517578,59.97999954223633,4153700,61.77000045776367,61.0,61.0
24-10-2017,60.599998474121094,60.849998474121094,3238600,62.52000045776367,62.5,62.5
25-10-2017,61.88999938964844,62.04999923706055,2474200,62.970001220703125,62.599998474121094,62.599998474121094
26-10-2017,61.40999984741211,62.63999938964844,2426600,63.040000915527344,61.529998779296875,61.529998779296875
27-10-2017,61.400001525878906,61.54999923706055,2234500,62.380001068115234,61.88999938964844,61.88999938964844
30-10-2017,60.84000015258789,61.75,2069400,62.15999984741211,61.06999969482422,61.06999969482422
31-10-2017,60.150001525878906,60.97999954223633,1629700,61.279998779296875,60.7400016784668,60.7400016784668
01-11-2017,59.31999969482422,60.849998474121094,2528600,61.119998931884766,59.83000183105469,59.83000183105469
02-11-2017,59.119998931884766,59.939998626708984,1639700,60.08000183105469,59.52000045776367,59.52000045776367
03-11-2017,58.619998931884766,59.36000061035156,1533600,59.959999084472656,59.90999984741211,59.90999984741211
06-11-2017,59.27000045776367,59.90999984741211,1671400,60.84000015258789,59.40999984741211,59.40999984741211
07-11-2017,58.38999938964844,59.599998474121094,2026500,59.810001373291016,58.959999084472656,58.959999084472656
08-11-2017,52.5099983215332,53.59000015258789,7460300,55.45000076293945,54.34000015258789,54.34000015258789
09-11-2017,54.310001373291016,54.310001373291016,2957600,55.880001068115234,55.11000061035156,55.11000061035156
10-11-2017,54.65999984741211,54.77000045776367,1805700,55.2599983215332,55.0,55.0
13-11-2017,54.540000915527344,54.540000915527344,1329500,55.310001373291016,54.9900016784668,54.9900016784668
14-11-2017,53.90999984741211,54.849998474121094,1058300,54.9900016784668,54.65999984741211,54.65999984741211
15-11-2017,53.779998779296875,54.209999084472656,1234100,54.58000183105469,54.380001068115234,54.380001068115234
16-11-2017,54.630001068115234,54.630001068115234,1556600,55.68000030517578,55.63999938964844,55.63999938964844
17-11-2017,54.880001068115234,55.310001373291016,1688200,55.630001068115234,54.90999984741211,54.90999984741211
20-11-2017,54.209999084472656,54.7400016784668,1387500,54.849998474121094,54.7599983215332,54.7599983215332
21-11-2017,54.380001068115234,54.68000030517578,1203600,55.290000915527344,55.16999816894531,55.16999816894531
22-11-2017,55.119998931884766,55.22999954223633,2089300,56.4900016784668,55.38999938964844,55.38999938964844
24-11-2017,56.08000183105469,56.20000076293945,1951000,57.22999954223633,57.150001525878906,57.150001525878906
27-11-2017,56.529998779296875,57.20000076293945,2886900,58.18000030517578,57.9900016784668,57.9900016784668
28-11-2017,57.38999938964844,57.9900016784668,1676400,58.58000183105469,58.47999954223633,58.47999954223633
29-11-2017,58.439998626708984,58.47999954223633,2626900,61.09000015258789,60.63999938964844,60.63999938964844
30-11-2017,59.90999984741211,60.72999954223633,2542500,61.59000015258789,61.060001373291016,61.060001373291016
01-12-2017,60.04999923706055,61.0,2025600,61.599998474121094,61.11000061035156,61.11000061035156
04-12-2017,61.25,61.38999938964844,2796300,64.13999938964844,61.93000030517578,61.93000030517578
05-12-2017,60.09000015258789,61.779998779296875,1316400,61.90999984741211,60.93000030517578,60.93000030517578
06-12-2017,66.66000366210938,68.56999969482422,9753900,69.6500015258789,69.19999694824219,69.19999694824219
07-12-2017,66.58000183105469,69.5,4089300,69.95999908447266,67.13999938964844,67.13999938964844
08-12-2017,66.80999755859375,67.45999908447266,2587400,68.30999755859375,67.70999908447266,67.70999908447266
11-12-2017,68.20999908447266,68.83999633789062,2445600,69.55000305175781,69.51000213623047,69.51000213623047
12-12-2017,69.69000244140625,70.0,2538800,70.58000183105469,70.4000015258789,70.4000015258789
13-12-2017,69.5199966430664,70.25,2478800,71.44000244140625,71.30000305175781,71.30000305175781
14-12-2017,68.81999969482422,71.16999816894531,2700700,71.47000122070312,69.02999877929688,69.02999877929688
15-12-2017,69.02999877929688,69.12999725341797,3010400,70.63999938964844,70.5199966430664,70.5199966430664
18-12-2017,69.79000091552734,70.69999694824219,2238800,71.66000366210938,71.06999969482422,71.06999969482422
19-12-2017,70.9800033569336,71.05000305175781,1967000,72.16999816894531,71.80000305175781,71.80000305175781
20-12-2017,71.41999816894531,71.80000305175781,1662500,72.13999938964844,71.75,71.75
21-12-2017,71.61000061035156,71.87999725341797,1193700,72.19000244140625,71.9000015258789,71.9000015258789
22-12-2017,71.72000122070312,72.13999938964844,642200,72.19999694824219,71.9800033569336,71.9800033569336
26-12-2017,71.75,72.0,728700,72.61000061035156,72.0999984741211,72.0999984741211
27-12-2017,71.87999725341797,72.19000244140625,614200,72.33000183105469,72.30999755859375,72.30999755859375
28-12-2017,71.81999969482422,72.63999938964844,714100,72.7699966430664,72.36000061035156,72.36000061035156
29-12-2017,72.16999816894531,72.5999984741211,728200,72.93000030517578,72.25,72.25
02-01-2018,71.93000030517578,72.2699966430664,1198700,73.12999725341797,72.54000091552734,72.54000091552734
03-01-2018,71.7699966430664,72.33999633789062,1301100,73.02999877929688,72.91000366210938,72.91000366210938
04-01-2018,73.61000061035156,74.30000305175781,2283400,75.13999938964844,74.8499984741211,74.8499984741211
05-01-2018,74.20999908447266,75.0,1930000,75.5999984741211,75.52999877929688,75.52999877929688
08-01-2018,74.79000091552734,75.55000305175781,1860700,75.80999755859375,75.66000366210938,75.66000366210938
09-01-2018,75.37999725341797,75.5999984741211,1484000,77.5199966430664,77.47000122070312,77.47000122070312
10-01-2018,76.5,77.2699966430664,1575400,78.12000274658203,78.06999969482422,78.06999969482422
11-01-2018,78.25,78.25,2360500,80.70999908447266,80.02999877929688,80.02999877929688
12-01-2018,79.0199966430664,80.0,1440400,80.02999877929688,79.12999725341797,79.12999725341797
16-01-2018,78.37999725341797,79.5,1244600,79.63999938964844,79.1500015258789,79.1500015258789
17-01-2018,78.55000305175781,79.12999725341797,1378900,79.3499984741211,79.05999755859375,79.05999755859375
18-01-2018,78.11000061035156,79.0,1082900,79.0,78.19000244140625,78.19000244140625
19-01-2018,77.7300033569336,78.18000030517578,1098900,78.73999786376953,78.61000061035156,78.61000061035156
22-01-2018,77.94999694824219,78.76000213623047,912100,79.13999938964844,78.94999694824219,78.94999694824219
23-01-2018,77.55000305175781,78.62999725341797,790900,79.55000305175781,79.04000091552734,79.04000091552734
24-01-2018,78.13999938964844,79.18000030517578,863200,79.44999694824219,78.63999938964844,78.63999938964844
25-01-2018,78.25,78.7699966430664,588600,79.04000091552734,78.95999908447266,78.95999908447266
26-01-2018,78.47000122070312,79.01000213623047,1105800,79.30000305175781,79.0999984741211,79.0999984741211
29-01-2018,78.66000366210938,78.94999694824219,1320800,79.55000305175781,79.08999633789062,79.08999633789062
30-01-2018,77.2300033569336,78.05000305175781,1311900,79.33000183105469,78.93000030517578,78.93000030517578
31-01-2018,77.19000244140625,78.91000366210938,1714300,79.04000091552734,78.04000091552734,78.04000091552734
01-02-2018,76.5,77.52999877929688,1896500,78.26000213623047,77.55000305175781,77.55000305175781
02-02-2018,75.20999908447266,77.20999908447266,1578000,77.37000274658203,75.6500015258789,75.6500015258789
05-02-2018,72.79000091552734,75.2300033569336,1764500,76.30000305175781,72.83999633789062,72.83999633789062
06-02-2018,70.5,71.56999969482422,1578500,74.73999786376953,74.02999877929688,74.02999877929688
07-02-2018,73.66000366210938,73.8499984741211,1010900,75.63999938964844,74.66000366210938,74.66000366210938
08-02-2018,71.87000274658203,74.56999969482422,1337100,75.1500015258789,71.91000366210938,71.91000366210938
09-02-2018,70.55000305175781,72.62000274658203,1937800,73.61000061035156,72.97000122070312,72.97000122070312
12-02-2018,72.61000061035156,73.41000366210938,1388100,74.2699966430664,73.41000366210938,73.41000366210938
13-02-2018,72.69000244140625,72.69000244140625,1736300,74.02999877929688,73.54000091552734,73.54000091552734
14-02-2018,71.55999755859375,72.06999969482422,2581200,74.83999633789062,74.75,74.75
15-02-2018,73.68000030517578,75.0,1841900,75.4800033569336,73.83999633789062,73.83999633789062
16-02-2018,73.16000366210938,73.80999755859375,1302600,74.51000213623047,73.6500015258789,73.6500015258789
20-02-2018,72.33999633789062,73.2699966430664,1364100,74.26000213623047,72.7699966430664,72.7699966430664
21-02-2018,72.52999877929688,72.87999725341797,1085000,74.02999877929688,72.55000305175781,72.55000305175781
22-02-2018,71.80000305175781,72.83999633789062,1311600,73.56999969482422,72.06999969482422,72.06999969482422
23-02-2018,71.69999694824219,72.62000274658203,1062600,73.36000061035156,73.18000030517578,73.18000030517578
26-02-2018,72.54000091552734,73.2699966430664,856200,73.80000305175781,73.5,73.5
27-02-2018,72.8499984741211,73.2699966430664,1042200,74.05999755859375,73.66999816894531,73.66999816894531
28-02-2018,72.01000213623047,73.70999908447266,1245300,73.83000183105469,72.0199966430664,72.0199966430664
01-03-2018,69.44999694824219,71.87999725341797,2448800,72.0,70.44999694824219,70.44999694824219
02-03-2018,69.5999984741211,70.2300033569336,1462900,72.31999969482422,71.91000366210938,71.91000366210938
05-03-2018,71.11000061035156,71.52999877929688,1224200,72.4800033569336,72.19000244140625,72.19000244140625
06-03-2018,71.4800033569336,72.25,1141200,72.58999633789062,72.05999755859375,72.05999755859375
07-03-2018,71.06999969482422,71.41000366210938,1032500,72.51000213623047,72.19000244140625,72.19000244140625
08-03-2018,71.73999786376953,72.16000366210938,973400,72.81999969482422,72.5999984741211,72.5999984741211
09-03-2018,71.52999877929688,72.94999694824219,1489200,73.18000030517578,72.45999908447266,72.45999908447266
12-03-2018,71.12000274658203,72.18000030517578,2354000,72.5,72.26000213623047,72.26000213623047
13-03-2018,69.38999938964844,72.30999755859375,2480400,72.72000122070312,70.19000244140625,70.19000244140625
14-03-2018,69.44000244140625,70.54000091552734,2571200,70.54000091552734,70.02999877929688,70.02999877929688
15-03-2018,69.05000305175781,70.16999816894531,1528900,70.18000030517578,69.44999694824219,69.44999694824219
16-03-2018,68.12000274658203,69.45999908447266,3341900,69.54000091552734,68.52999877929688,68.52999877929688
19-03-2018,67.7300033569336,68.5199966430664,2044000,68.87000274658203,68.41000366210938,68.41000366210938
20-03-2018,66.25,68.45999908447266,2680800,68.48999786376953,66.37000274658203,66.37000274658203
21-03-2018,66.4000015258789,66.66000366210938,2123200,67.88999938964844,66.83999633789062,66.83999633789062
22-03-2018,65.75,66.55000305175781,1634800,67.2300033569336,65.79000091552734,65.79000091552734
23-03-2018,64.86000061035156,65.8499984741211,1571400,66.18000030517578,65.0,65.0
26-03-2018,64.62000274658203,65.69999694824219,1512000,66.48999786376953,65.63999938964844,65.63999938964844
27-03-2018,65.02999877929688,65.69999694824219,1146400,66.20999908447266,65.33999633789062,65.33999633789062
28-03-2018,65.27999877929688,65.5199966430664,1777000,66.63999938964844,66.0,66.0
29-03-2018,65.41999816894531,66.06999969482422,1682300,66.31999969482422,65.94000244140625,65.94000244140625
02-04-2018,63.31999969482422,65.95999908447266,2434600,66.2699966430664,63.790000915527344,63.790000915527344
03-04-2018,63.380001068115234,64.12999725341797,1317300,64.73999786376953,64.3499984741211,64.3499984741211
04-04-2018,61.720001220703125,63.400001525878906,2450900,63.9900016784668,63.66999816894531,63.66999816894531
05-04-2018,63.68000030517578,63.83000183105469,1790000,64.83999633789062,64.19000244140625,64.19000244140625
06-04-2018,62.45000076293945,63.54999923706055,2011200,63.68000030517578,63.029998779296875,63.029998779296875
09-04-2018,62.7400016784668,63.189998626708984,1457700,63.599998474121094,62.77000045776367,62.77000045776367
10-04-2018,62.779998779296875,63.38999938964844,1644100,63.84000015258789,63.18000030517578,63.18000030517578
11-04-2018,62.52000045776367,62.63999938964844,1246300,63.380001068115234,62.959999084472656,62.959999084472656
12-04-2018,62.63999938964844,63.40999984741211,1125300,63.40999984741211,62.869998931884766,62.869998931884766
13-04-2018,62.619998931884766,63.16999816894531,1172100,63.43000030517578,62.900001525878906,62.900001525878906
16-04-2018,62.31999969482422,63.310001373291016,1286300,63.41999816894531,63.16999816894531,63.16999816894531
17-04-2018,62.939998626708984,63.34000015258789,1449600,63.650001525878906,63.08000183105469,63.08000183105469
18-04-2018,63.16999816894531,63.220001220703125,1285300,64.62999725341797,64.16000366210938,64.16000366210938
19-04-2018,63.66999816894531,63.959999084472656,1450200,64.58000183105469,64.12000274658203,64.12000274658203
20-04-2018,63.459999084472656,64.11000061035156,1159400,64.37999725341797,63.75,63.75
23-04-2018,62.5,63.38999938964844,1266500,63.619998931884766,63.09000015258789,63.09000015258789
24-04-2018,62.619998931884766,63.470001220703125,1323100,64.27999877929688,62.849998474121094,62.849998474121094
25-04-2018,61.91999816894531,62.529998779296875,1450800,63.4900016784668,63.29999923706055,63.29999923706055
26-04-2018,62.5,63.220001220703125,965400,63.27000045776367,62.939998626708984,62.939998626708984
27-04-2018,62.79999923706055,62.79999923706055,1268300,63.630001068115234,63.220001220703125,63.220001220703125
30-04-2018,62.75,63.369998931884766,1524000,63.68000030517578,62.790000915527344,62.790000915527344
01-05-2018,61.970001220703125,62.77000045776367,1759500,63.34000015258789,63.119998931884766,63.119998931884766
02-05-2018,62.86000061035156,63.060001373291016,1523400,64.12999725341797,63.380001068115234,63.380001068115234
03-05-2018,62.43000030517578,63.15999984741211,2473500,64.11000061035156,63.29999923706055,63.29999923706055
04-05-2018,62.2599983215332,62.9900016784668,4010300,68.69000244140625,66.37999725341797,66.37999725341797
07-05-2018,64.68000030517578,66.06999969482422,2225800,66.52999877929688,66.0199966430664,66.0199966430664
08-05-2018,63.900001525878906,65.95999908447266,1966500,65.95999908447266,64.16000366210938,64.16000366210938
09-05-2018,64.16999816894531,64.31999969482422,1530800,65.11000061035156,64.80000305175781,64.80000305175781
10-05-2018,64.97000122070312,65.20999908447266,1196700,66.12000274658203,65.7699966430664,65.7699966430664
11-05-2018,65.19999694824219,65.66000366210938,1541900,66.69000244140625,66.01000213623047,66.01000213623047
14-05-2018,66.13999938964844,66.30999755859375,905600,66.80999755859375,66.5999984741211,66.5999984741211
15-05-2018,66.08000183105469,66.2699966430664,1214300,66.66000366210938,66.29000091552734,66.29000091552734
16-05-2018,66.26000213623047,66.55000305175781,1387500,67.18000030517578,66.83000183105469,66.83000183105469
17-05-2018,66.56999969482422,66.69000244140625,1012100,68.13999938964844,67.58000183105469,67.58000183105469
18-05-2018,67.30999755859375,67.52999877929688,1205700,68.27999877929688,68.12000274658203,68.12000274658203
21-05-2018,67.83000183105469,68.36000061035156,1012200,68.69999694824219,67.91999816894531,67.91999816894531
22-05-2018,67.83999633789062,68.02999877929688,744900,68.38999938964844,67.91999816894531,67.91999816894531
23-05-2018,67.23999786376953,67.62000274658203,1458800,68.63999938964844,68.52999877929688,68.52999877929688
24-05-2018,67.80999755859375,68.52999877929688,1266500,68.52999877929688,68.08999633789062,68.08999633789062
25-05-2018,67.7699966430664,68.08999633789062,875500,68.56999969482422,67.88999938964844,67.88999938964844
29-05-2018,66.5199966430664,67.44999694824219,1257900,67.55999755859375,67.05000305175781,67.05000305175781
30-05-2018,66.58000183105469,67.19000244140625,1340600,68.79000091552734,68.36000061035156,68.36000061035156
31-05-2018,66.66000366210938,68.1500015258789,1751100,68.1500015258789,66.83999633789062,66.83999633789062
01-06-2018,66.13999938964844,67.12000274658203,1250000,67.12000274658203,67.08999633789062,67.08999633789062
04-06-2018,66.5199966430664,67.58000183105469,1760500,67.72000122070312,66.91000366210938,66.91000366210938
05-06-2018,66.61000061035156,66.9000015258789,1185200,67.44000244140625,67.38999938964844,67.38999938964844
06-06-2018,66.87999725341797,67.7300033569336,1474800,68.69999694824219,68.69999694824219,68.69999694824219
07-06-2018,68.7300033569336,68.83999633789062,1553900,69.4800033569336,68.94000244140625,68.94000244140625
08-06-2018,68.9800033569336,68.9800033569336,2102500,71.11000061035156,71.05000305175781,71.05000305175781
11-06-2018,70.20999908447266,70.91999816894531,3180700,73.12999725341797,72.11000061035156,72.11000061035156
12-06-2018,71.47000122070312,72.01000213623047,1402300,72.23999786376953,71.76000213623047,71.76000213623047
13-06-2018,70.87999725341797,72.0,1528400,72.01000213623047,70.97000122070312,70.97000122070312
14-06-2018,70.33000183105469,71.02999877929688,1760800,71.06999969482422,71.04000091552734,71.04000091552734
15-06-2018,70.8499984741211,70.9000015258789,3351000,73.5,73.47000122070312,73.47000122070312
18-06-2018,72.56999969482422,73.2699966430664,2016800,73.44000244140625,72.91000366210938,72.91000366210938
19-06-2018,72.16999816894531,72.30000305175781,1755600,73.20999908447266,72.97000122070312,72.97000122070312
20-06-2018,72.25,73.22000122070312,1313400,73.22000122070312,72.44000244140625,72.44000244140625
21-06-2018,71.77999877929688,72.58000183105469,1171500,72.63999938964844,72.08000183105469,72.08000183105469
22-06-2018,71.8499984741211,72.2300033569336,2168700,72.75,71.94999694824219,71.94999694824219
25-06-2018,70.94000244140625,71.93000030517578,2218900,72.02999877929688,71.30999755859375,71.30999755859375
26-06-2018,70.88999938964844,71.4000015258789,573700,71.83999633789062,71.51000213623047,71.51000213623047
27-06-2018,70.80000305175781,71.33000183105469,715000,71.81999969482422,70.80000305175781,70.80000305175781
28-06-2018,68.29000091552734,70.45999908447266,1204500,70.45999908447266,70.1500015258789,70.1500015258789
29-06-2018,69.41999816894531,70.22000122070312,1348400,70.47000122070312,69.44000244140625,69.44000244140625
02-07-2018,68.86000061035156,69.27999877929688,1114800,69.66999816894531,69.4800033569336,69.4800033569336
03-07-2018,69.05000305175781,69.47000122070312,827800,69.75,69.16999816894531,69.16999816894531
05-07-2018,68.63999938964844,69.23999786376953,1648200,69.6500015258789,69.2699966430664,69.2699966430664
06-07-2018,69.31999969482422,69.61000061035156,800700,70.47000122070312,70.22000122070312,70.22000122070312
09-07-2018,70.2300033569336,70.38999938964844,1667100,71.16000366210938,70.62000274658203,70.62000274658203
10-07-2018,70.48999786376953,70.79000091552734,1066100,71.41999816894531,70.5999984741211,70.5999984741211
11-07-2018,69.5199966430664,70.23999786376953,892100,70.41000366210938,69.63999938964844,69.63999938964844
12-07-2018,69.76000213623047,70.08000183105469,1571600,72.12999725341797,71.5,71.5
13-07-2018,71.30000305175781,71.30000305175781,827100,72.12000274658203,71.7699966430664,71.7699966430664
16-07-2018,71.31999969482422,71.7699966430664,929300,71.91000366210938,71.70999908447266,71.70999908447266
17-07-2018,71.23999786376953,71.5999984741211,801800,71.80999755859375,71.31999969482422,71.31999969482422
18-07-2018,70.4000015258789,71.0,766700,71.2699966430664,70.61000061035156,70.61000061035156
19-07-2018,69.56999969482422,70.16000366210938,831000,70.7300033569336,70.56999969482422,70.56999969482422
20-07-2018,69.83000183105469,70.19000244140625,951700,70.81999969482422,69.9800033569336,69.9800033569336
23-07-2018,70.08000183105469,70.16000366210938,809600,70.9800033569336,70.87999725341797,70.87999725341797
24-07-2018,69.9000015258789,71.56999969482422,1090700,71.70999908447266,70.06999969482422,70.06999969482422
25-07-2018,69.16000366210938,70.19999694824219,795500,70.19999694824219,69.4800033569336,69.4800033569336
26-07-2018,69.29000091552734,69.58999633789062,1203000,70.20999908447266,70.18000030517578,70.18000030517578
27-07-2018,69.41000366210938,70.18000030517578,670600,70.41999816894531,69.66999816894531,69.66999816894531
30-07-2018,69.3499984741211,69.66000366210938,885200,70.02999877929688,69.80999755859375,69.80999755859375
31-07-2018,69.43000030517578,69.91999816894531,1035200,70.36000061035156,70.27999877929688,70.27999877929688
01-08-2018,69.7699966430664,69.7699966430664,1562300,71.56999969482422,70.33999633789062,70.33999633789062
02-08-2018,70.5199966430664,70.91999816894531,2146000,74.72000122070312,74.0999984741211,74.0999984741211
03-08-2018,73.48999786376953,73.80000305175781,870000,74.62999725341797,74.55000305175781,74.55000305175781
06-08-2018,72.91999816894531,74.43000030517578,1011400,74.54000091552734,73.02999877929688,73.02999877929688
07-08-2018,71.31999969482422,72.73999786376953,822600,72.95999908447266,72.83999633789062,72.83999633789062
08-08-2018,72.55999755859375,72.8499984741211,864500,73.54000091552734,73.33999633789062,73.33999633789062
09-08-2018,72.63999938964844,73.4000015258789,862700,73.43000030517578,72.6500015258789,72.6500015258789
10-08-2018,71.5199966430664,72.45999908447266,773100,72.47000122070312,71.79000091552734,71.79000091552734
13-08-2018,71.19999694824219,71.87999725341797,769900,72.18000030517578,72.05000305175781,72.05000305175781
14-08-2018,71.76000213623047,71.97000122070312,1075000,72.98999786376953,72.18000030517578,72.18000030517578
15-08-2018,70.54000091552734,71.73999786376953,1024800,71.9800033569336,71.88999938964844,71.88999938964844
16-08-2018,71.88999938964844,72.08000183105469,1080900,73.69000244140625,72.87000274658203,72.87000274658203
17-08-2018,71.58000183105469,72.5,1443200,72.94999694824219,72.48999786376953,72.48999786376953
20-08-2018,71.9800033569336,72.70999908447266,1254100,72.80999755859375,72.45999908447266,72.45999908447266
21-08-2018,71.9000015258789,72.58000183105469,1192300,72.80000305175781,72.30000305175781,72.30000305175781
22-08-2018,71.83999633789062,72.05999755859375,954400,72.94999694824219,72.05000305175781,72.05000305175781
23-08-2018,71.06999969482422,72.27999877929688,775800,72.58000183105469,72.0199966430664,72.0199966430664
24-08-2018,71.5199966430664,72.41000366210938,871500,73.04000091552734,72.83000183105469,72.83000183105469
27-08-2018,72.13999938964844,72.9000015258789,1310400,72.9000015258789,72.16000366210938,72.16000366210938
28-08-2018,71.54000091552734,72.16000366210938,900400,72.47000122070312,72.22000122070312,72.22000122070312
29-08-2018,72.27999877929688,72.37000274658203,2202000,74.1500015258789,73.05000305175781,73.05000305175781
30-08-2018,65.54000091552734,68.69999694824219,5077700,69.5999984741211,66.51000213623047,66.51000213623047
31-08-2018,66.5,66.55999755859375,3387300,69.6500015258789,69.29000091552734,69.29000091552734
04-09-2018,67.44000244140625,69.44000244140625,1433700,69.66999816894531,67.68000030517578,67.68000030517578
05-09-2018,66.81999969482422,67.30000305175781,2222900,67.76000213623047,67.08999633789062,67.08999633789062
06-09-2018,67.26000213623047,67.26000213623047,1355800,68.5199966430664,67.83000183105469,67.83000183105469
07-09-2018,67.20999908447266,67.69999694824219,949200,68.31999969482422,67.23999786376953,67.23999786376953
10-09-2018,67.12999725341797,67.30000305175781,1095500,67.86000061035156,67.38999938964844,67.38999938964844
11-09-2018,66.19000244140625,67.19999694824219,989900,67.38999938964844,66.55999755859375,66.55999755859375
12-09-2018,66.66000366210938,66.7699966430664,1514700,67.68000030517578,67.55999755859375,67.55999755859375
13-09-2018,69.58999633789062,71.06999969482422,2625900,71.83999633789062,71.33000183105469,71.33000183105469
14-09-2018,70.4000015258789,71.4000015258789,1160700,71.47000122070312,70.77999877929688,70.77999877929688
17-09-2018,70.11000061035156,70.91999816894531,1120800,70.98999786376953,70.36000061035156,70.36000061035156
18-09-2018,70.16000366210938,70.16000366210938,1120400,71.44999694824219,70.70999908447266,70.70999908447266
19-09-2018,70.11000061035156,70.97000122070312,855700,70.97000122070312,70.1500015258789,70.1500015258789
20-09-2018,70.19999694824219,70.22000122070312,957000,70.66000366210938,70.41999816894531,70.41999816894531
21-09-2018,69.80000305175781,70.47000122070312,4253700,70.66999816894531,69.91999816894531,69.91999816894531
24-09-2018,69.22000122070312,70.0,1730200,70.36000061035156,70.13999938964844,70.13999938964844
25-09-2018,69.88999938964844,69.9800033569336,1105100,70.58000183105469,69.94000244140625,69.94000244140625
26-09-2018,69.91999816894531,70.04000091552734,882400,71.01000213623047,70.12999725341797,70.12999725341797
27-09-2018,70.22000122070312,70.22000122070312,1255000,72.0,71.23999786376953,71.23999786376953
28-09-2018,71.0999984741211,71.0999984741211,1564700,71.79000091552734,71.62999725341797,71.62999725341797
01-10-2018,73.0,73.0,3129200,75.43000030517578,74.04000091552734,74.04000091552734
02-10-2018,72.44999694824219,73.9000015258789,1243600,74.19999694824219,72.75,72.75
03-10-2018,71.87999725341797,73.0199966430664,1072100,73.12999725341797,72.41999816894531,72.41999816894531
04-10-2018,71.80999755859375,72.22000122070312,1043100,73.08000183105469,72.83000183105469,72.83000183105469
05-10-2018,71.79000091552734,72.80000305175781,762000,72.95999908447266,72.05000305175781,72.05000305175781
08-10-2018,71.76000213623047,72.19000244140625,1197000,73.43000030517578,73.30000305175781,73.30000305175781
09-10-2018,73.13999938964844,73.13999938964844,1399200,75.37999725341797,74.83999633789062,74.83999633789062
10-10-2018,72.88999938964844,74.55999755859375,1505600,74.91000366210938,73.01000213623047,73.01000213623047
11-10-2018,69.80000305175781,72.55000305175781,1671100,72.58999633789062,70.16999816894531,70.16999816894531
12-10-2018,68.01000213623047,70.66999816894531,2136500,71.08000183105469,68.93000030517578,68.93000030517578
15-10-2018,68.93000030517578,69.05000305175781,1146900,71.08000183105469,69.95999908447266,69.95999908447266
16-10-2018,69.55999755859375,70.12999725341797,1102200,70.6500015258789,70.43000030517578,70.43000030517578
17-10-2018,65.98999786376953,67.7699966430664,3569600,68.83999633789062,68.36000061035156,68.36000061035156
18-10-2018,67.41999816894531,68.36000061035156,2295700,69.70999908447266,68.94999694824219,68.94999694824219
19-10-2018,67.4000015258789,69.31999969482422,1023200,69.70999908447266,67.6500015258789,67.6500015258789
22-10-2018,66.69999694824219,67.55999755859375,1370900,68.08000183105469,66.98999786376953,66.98999786376953
23-10-2018,65.69000244140625,66.38999938964844,1266300,67.97000122070312,67.88999938964844,67.88999938964844
24-10-2018,65.16999816894531,67.31999969482422,2172400,68.22000122070312,65.33000183105469,65.33000183105469
25-10-2018,65.18000030517578,65.38999938964844,1883300,66.27999877929688,65.33999633789062,65.33999633789062
26-10-2018,63.93000030517578,64.97000122070312,1404200,65.94999694824219,65.08000183105469,65.08000183105469
29-10-2018,65.41000366210938,66.0,1892500,66.83999633789062,66.08999633789062,66.08999633789062
30-10-2018,65.61000061035156,66.33999633789062,1325500,66.9000015258789,66.76000213623047,66.76000213623047
31-10-2018,66.8499984741211,67.0,1873200,68.11000061035156,67.33999633789062,67.33999633789062
01-11-2018,67.5,67.75,1447500,68.87000274658203,68.52999877929688,68.52999877929688
02-11-2018,67.22000122070312,68.87000274658203,1670800,69.30000305175781,67.66000366210938,67.66000366210938
05-11-2018,67.66000366210938,67.94000244140625,2022600,68.87000274658203,68.56999969482422,68.56999969482422
06-11-2018,68.02999877929688,68.27999877929688,1344400,69.69999694824219,69.25,69.25
07-11-2018,74.98999786376953,75.04000091552734,6253700,79.11000061035156,76.08000183105469,76.08000183105469
08-11-2018,68.6500015258789,70.8499984741211,5964100,72.2699966430664,70.1500015258789,70.1500015258789
09-11-2018,68.44999694824219,69.33000183105469,2486200,70.4800033569336,69.69999694824219,69.69999694824219
12-11-2018,68.05999755859375,69.69999694824219,1704200,69.86000061035156,68.19999694824219,68.19999694824219
13-11-2018,64.12999725341797,68.18000030517578,2447800,68.22000122070312,64.47000122070312,64.47000122070312
14-11-2018,63.63999938964844,64.83000183105469,1714900,65.44999694824219,64.3499984741211,64.3499984741211
15-11-2018,62.81999969482422,64.02999877929688,1509400,64.66999816894531,64.63999938964844,64.63999938964844
16-11-2018,61.84000015258789,63.68000030517578,2222000,64.54000091552734,62.43000030517578,62.43000030517578
19-11-2018,60.380001068115234,62.150001525878906,1741600,62.380001068115234,60.45000076293945,60.45000076293945
20-11-2018,58.68000030517578,60.0,1511600,60.45000076293945,58.689998626708984,58.689998626708984
21-11-2018,59.0,59.27000045776367,1020900,60.189998626708984,59.630001068115234,59.630001068115234
23-11-2018,58.97999954223633,59.459999084472656,419400,59.84000015258789,59.65999984741211,59.65999984741211
26-11-2018,59.119998931884766,59.93000030517578,1398800,60.84000015258789,60.779998779296875,60.779998779296875
27-11-2018,60.560001373291016,60.83000183105469,2527500,63.209999084472656,62.68000030517578,62.68000030517578
28-11-2018,63.619998931884766,63.790000915527344,2364000,66.0,65.61000061035156,65.61000061035156
29-11-2018,65.0,65.23999786376953,1049200,66.01000213623047,65.66000366210938,65.66000366210938
30-11-2018,65.0999984741211,65.5,1703700,66.38999938964844,66.05999755859375,66.05999755859375
03-12-2018,65.81999969482422,66.73999786376953,1109500,66.73999786376953,66.37999725341797,66.37999725341797
04-12-2018,63.91999816894531,66.45999908447266,2224900,66.52999877929688,64.06999969482422,64.06999969482422
06-12-2018,59.189998626708984,62.83000183105469,2916700,63.040000915527344,61.81999969482422,61.81999969482422
07-12-2018,58.65999984741211,60.59000015258789,2015800,61.09000015258789,58.959999084472656,58.959999084472656
10-12-2018,56.88999938964844,58.83000183105469,1958400,59.04999923706055,58.0099983215332,58.0099983215332
11-12-2018,57.36000061035156,58.56999969482422,1191200,59.5,57.56999969482422,57.56999969482422
12-12-2018,58.060001373291016,58.33000183105469,1210200,59.619998931884766,58.52000045776367,58.52000045776367
13-12-2018,58.66999816894531,58.689998626708984,1619700,59.779998779296875,59.400001525878906,59.400001525878906
14-12-2018,57.43000030517578,59.58000183105469,1862100,59.86000061035156,58.02000045776367,58.02000045776367
17-12-2018,56.0099983215332,57.209999084472656,1858100,58.15999984741211,56.70000076293945,56.70000076293945
18-12-2018,54.90999984741211,56.93000030517578,1807900,57.61000061035156,55.08000183105469,55.08000183105469
19-12-2018,53.0,55.27000045776367,2556900,56.0099983215332,53.380001068115234,53.380001068115234
20-12-2018,50.75,53.290000915527344,2595500,53.29999923706055,51.220001220703125,51.220001220703125
21-12-2018,49.61000061035156,51.220001220703125,3669700,51.58000183105469,49.81999969482422,49.81999969482422
24-12-2018,48.65999984741211,49.5099983215332,676600,49.959999084472656,48.72999954223633,48.72999954223633
26-12-2018,48.25,48.81999969482422,1164300,50.849998474121094,50.81999969482422,50.81999969482422
27-12-2018,48.68000030517578,50.18000030517578,1543000,50.7599983215332,50.68000030517578,50.68000030517578
28-12-2018,50.15999984741211,51.0,1125000,51.40999984741211,50.369998931884766,50.369998931884766
31-12-2018,50.529998779296875,50.529998779296875,1029500,51.5099983215332,51.459999084472656,51.459999084472656
02-01-2019,50.75,51.20000076293945,1130100,52.06999969482422,51.72999954223633,51.72999954223633
03-01-2019,50.630001068115234,51.209999084472656,1574600,52.25,50.97999954223633,50.97999954223633
04-01-2019,51.540000915527344,51.81999969482422,2491300,54.189998626708984,54.0,54.0
07-01-2019,53.47999954223633,54.11000061035156,1389700,55.09000015258789,54.369998931884766,54.369998931884766
08-01-2019,53.0,55.400001525878906,1890600,55.400001525878906,54.060001373291016,54.060001373291016
09-01-2019,53.470001220703125,54.36000061035156,1151600,54.380001068115234,53.91999816894531,53.91999816894531
10-01-2019,53.65999984741211,53.65999984741211,1033100,55.31999969482422,55.15999984741211,55.15999984741211
11-01-2019,54.59000015258789,54.83000183105469,1700600,56.119998931884766,56.06999969482422,56.06999969482422
14-01-2019,55.34000015258789,55.599998474121094,3050100,56.599998474121094,55.959999084472656,55.959999084472656
15-01-2019,55.77000045776367,56.040000915527344,1240700,56.93000030517578,56.77000045776367,56.77000045776367
16-01-2019,56.630001068115234,56.630001068115234,1796600,57.72999954223633,57.27000045776367,57.27000045776367
17-01-2019,56.459999084472656,56.83000183105469,943800,57.52000045776367,56.720001220703125,56.720001220703125
18-01-2019,56.880001068115234,57.290000915527344,1300400,57.72999954223633,57.369998931884766,57.369998931884766
22-01-2019,56.130001068115234,57.099998474121094,1037800,57.099998474121094,56.849998474121094,56.849998474121094
23-01-2019,56.7400016784668,56.9900016784668,957600,58.0,56.959999084472656,56.959999084472656
24-01-2019,56.33000183105469,56.81999969482422,2349000,57.209999084472656,56.38999938964844,56.38999938964844
25-01-2019,56.38999938964844,57.11000061035156,1633800,57.75,57.09000015258789,57.09000015258789
28-01-2019,55.75,56.68000030517578,1300500,56.86000061035156,56.06999969482422,56.06999969482422
29-01-2019,55.77000045776367,56.369998931884766,1211300,56.81999969482422,56.61000061035156,56.61000061035156
30-01-2019,55.5,57.0,1640900,57.5,55.84000015258789,55.84000015258789
31-01-2019,55.650001525878906,55.79999923706055,1760800,56.650001525878906,56.130001068115234,56.130001068115234
01-02-2019,55.439998626708984,56.0,2301400,56.7599983215332,56.29999923706055,56.29999923706055
04-02-2019,56.08000183105469,56.29999923706055,1121900,56.86000061035156,56.599998474121094,56.599998474121094
05-02-2019,56.72999954223633,56.849998474121094,1633000,57.900001525878906,56.849998474121094,56.849998474121094
06-02-2019,55.880001068115234,56.72999954223633,1190300,57.11000061035156,56.150001525878906,56.150001525878906
07-02-2019,55.939998626708984,56.09000015258789,1774600,57.40999984741211,57.029998779296875,57.029998779296875
08-02-2019,55.150001525878906,56.75,1224900,56.75,56.130001068115234,56.130001068115234
11-02-2019,55.83000183105469,56.16999816894531,1539600,56.47999954223633,55.9900016784668,55.9900016784668
12-02-2019,56.16999816894531,56.560001373291016,2571900,57.369998931884766,57.36000061035156,57.36000061035156
13-02-2019,57.0,57.5,1759000,58.16999816894531,57.91999816894531,57.91999816894531
14-02-2019,54.810001373291016,57.4900016784668,3564600,58.150001525878906,58.09000015258789,58.09000015258789
15-02-2019,58.02000045776367,58.45000076293945,2465100,59.560001373291016,59.099998474121094,59.099998474121094
19-02-2019,58.11000061035156,59.040000915527344,1722100,59.68000030517578,59.13999938964844,59.13999938964844
20-02-2019,58.900001525878906,59.400001525878906,1026000,59.459999084472656,59.060001373291016,59.060001373291016
21-02-2019,58.779998779296875,59.13999938964844,1192100,59.970001220703125,59.209999084472656,59.209999084472656
22-02-2019,57.880001068115234,59.13999938964844,1214500,59.4900016784668,58.70000076293945,58.70000076293945
25-02-2019,58.11000061035156,58.7400016784668,1070900,59.36000061035156,58.2400016784668,58.2400016784668
26-02-2019,57.56999969482422,58.13999938964844,1015500,58.2400016784668,57.9900016784668,57.9900016784668
27-02-2019,56.779998779296875,57.79999923706055,1364400,57.880001068115234,56.91999816894531,56.91999816894531
28-02-2019,56.470001220703125,56.970001220703125,1476000,57.220001220703125,56.900001525878906,56.900001525878906
01-03-2019,56.959999084472656,57.2599983215332,1479800,58.18000030517578,57.04999923706055,57.04999923706055
04-03-2019,54.65999984741211,55.779998779296875,2244500,56.709999084472656,55.439998626708984,55.439998626708984
05-03-2019,53.04999923706055,55.599998474121094,3689500,55.599998474121094,53.099998474121094,53.099998474121094
06-03-2019,50.95000076293945,53.22999954223633,3483500,53.400001525878906,51.040000915527344,51.040000915527344
07-03-2019,50.16999816894531,51.13999938964844,2748500,51.2400016784668,50.540000915527344,50.540000915527344
08-03-2019,49.47999954223633,50.15999984741211,2355700,50.4900016784668,49.95000076293945,49.95000076293945
11-03-2019,49.630001068115234,49.959999084472656,1408300,50.5099983215332,50.470001220703125,50.470001220703125
12-03-2019,50.66999816894531,50.66999816894531,1499900,51.439998626708984,51.33000183105469,51.33000183105469
13-03-2019,51.619998931884766,51.619998931884766,3089900,54.04999923706055,53.599998474121094,53.599998474121094
14-03-2019,53.290000915527344,53.61000061035156,1998200,54.060001373291016,53.58000183105469,53.58000183105469
15-03-2019,53.13999938964844,53.599998474121094,2110900,54.040000915527344,53.529998779296875,53.529998779296875
18-03-2019,51.880001068115234,53.349998474121094,4370800,53.400001525878906,52.06999969482422,52.06999969482422
19-03-2019,52.22999954223633,52.5099983215332,2257600,54.369998931884766,53.90999984741211,53.90999984741211
20-03-2019,52.83000183105469,53.959999084472656,1818500,54.560001373291016,53.709999084472656,53.709999084472656
21-03-2019,53.779998779296875,53.849998474121094,2314100,55.66999816894531,55.0,55.0
22-03-2019,54.0099983215332,54.7400016784668,1275200,55.0,54.04999923706055,54.04999923706055
25-03-2019,52.59000015258789,53.970001220703125,1021700,54.0,53.2400016784668,53.2400016784668
26-03-2019,52.65999984741211,53.38999938964844,1143900,53.869998931884766,53.09000015258789,53.09000015258789
27-03-2019,52.54999923706055,53.029998779296875,1551400,53.79999923706055,53.47999954223633,53.47999954223633
28-03-2019,53.09000015258789,53.650001525878906,921300,53.84000015258789,53.52000045776367,53.52000045776367
29-03-2019,53.630001068115234,53.93000030517578,692200,54.36000061035156,54.290000915527344,54.290000915527344
01-04-2019,54.470001220703125,54.63999938964844,757600,55.02000045776367,54.91999816894531,54.91999816894531
02-04-2019,54.2400016784668,54.77000045776367,1363700,54.97999954223633,54.599998474121094,54.599998474121094
03-04-2019,54.84000015258789,54.900001525878906,1498200,55.5,55.27000045776367,55.27000045776367
04-04-2019,54.970001220703125,55.27000045776367,736600,55.75,55.11000061035156,55.11000061035156
05-04-2019,55.130001068115234,55.13999938964844,1790100,56.119998931884766,55.95000076293945,55.95000076293945
08-04-2019,55.04999923706055,55.81999969482422,567200,55.880001068115234,55.2400016784668,55.2400016784668
09-04-2019,54.27000045776367,55.0,984200,55.25,55.11000061035156,55.11000061035156
10-04-2019,54.869998931884766,54.970001220703125,1253400,56.0099983215332,55.900001525878906,55.900001525878906
11-04-2019,54.43000030517578,55.97999954223633,1046900,56.060001373291016,54.630001068115234,54.630001068115234
12-04-2019,54.38999938964844,54.9900016784668,898200,55.5,54.540000915527344,54.540000915527344
15-04-2019,53.9900016784668,54.790000915527344,652300,55.27000045776367,55.16999816894531,55.16999816894531
16-04-2019,55.09000015258789,55.599998474121094,2574900,56.54999923706055,55.31999969482422,55.31999969482422
17-04-2019,50.869998931884766,55.43000030517578,3318200,55.43000030517578,51.04999923706055,51.04999923706055
18-04-2019,51.060001373291016,51.08000183105469,1975400,52.63999938964844,52.22999954223633,52.22999954223633
22-04-2019,51.029998779296875,52.2400016784668,1507600,52.61000061035156,51.099998474121094,51.099998474121094
23-04-2019,51.209999084472656,51.209999084472656,1495000,53.38999938964844,53.029998779296875,53.029998779296875
24-04-2019,53.04999923706055,53.209999084472656,1596100,54.540000915527344,54.029998779296875,54.029998779296875
25-04-2019,53.439998626708984,53.790000915527344,1909300,54.52000045776367,53.88999938964844,53.88999938964844
26-04-2019,53.630001068115234,54.150001525878906,1257900,55.709999084472656,55.61000061035156,55.61000061035156
29-04-2019,55.36000061035156,55.7400016784668,1457700,57.0099983215332,56.150001525878906,56.150001525878906
30-04-2019,54.470001220703125,56.220001220703125,897600,56.5,55.2400016784668,55.2400016784668
01-05-2019,55.2400016784668,55.5099983215332,964400,56.18000030517578,55.599998474121094,55.599998474121094
02-05-2019,55.209999084472656,55.599998474121094,1131800,56.61000061035156,56.5099983215332,56.5099983215332
03-05-2019,56.54999923706055,56.61000061035156,1570200,57.25,56.9900016784668,56.9900016784668
06-05-2019,55.66999816894531,55.91999816894531,2288400,57.959999084472656,57.790000915527344,57.790000915527344
07-05-2019,55.9900016784668,57.09000015258789,1462000,57.349998474121094,56.599998474121094,56.599998474121094
08-05-2019,51.29999923706055,54.25,4088000,54.25,51.7599983215332,51.7599983215332
09-05-2019,50.93000030517578,51.15999984741211,1996100,52.7400016784668,52.380001068115234,52.380001068115234
10-05-2019,50.63999938964844,52.290000915527344,1352200,52.5,52.11000061035156,52.11000061035156
13-05-2019,50.18000030517578,50.93000030517578,1613900,51.34000015258789,51.18000030517578,51.18000030517578
14-05-2019,51.06999969482422,51.150001525878906,1447900,51.900001525878906,51.2400016784668,51.2400016784668
15-05-2019,49.790000915527344,50.709999084472656,1599300,50.939998626708984,50.220001220703125,50.220001220703125
16-05-2019,49.95000076293945,50.2599983215332,1215400,51.150001525878906,50.0,50.0
17-05-2019,49.220001220703125,49.4900016784668,1862300,50.02000045776367,49.22999954223633,49.22999954223633
20-05-2019,48.529998779296875,49.099998474121094,1546800,49.099998474121094,48.869998931884766,48.869998931884766
21-05-2019,48.900001525878906,49.099998474121094,1486800,49.709999084472656,49.599998474121094,49.599998474121094
22-05-2019,48.689998626708984,49.349998474121094,929000,49.529998779296875,49.25,49.25
23-05-2019,47.61000061035156,48.720001220703125,1467200,48.97999954223633,48.150001525878906,48.150001525878906
24-05-2019,47.5,48.2400016784668,1221000,48.36000061035156,47.560001373291016,47.560001373291016
28-05-2019,46.900001525878906,47.75,1494400,47.75,46.91999816894531,46.91999816894531
29-05-2019,44.18000030517578,46.5099983215332,2938600,46.75,44.38999938964844,44.38999938964844
30-05-2019,44.279998779296875,44.5,1604800,44.869998931884766,44.63999938964844,44.63999938964844
31-05-2019,43.400001525878906,44.2400016784668,1680300,44.2400016784668,43.41999816894531,43.41999816894531
03-06-2019,43.4900016784668,43.4900016784668,2412000,45.65999984741211,45.29999923706055,45.29999923706055
04-06-2019,45.650001525878906,45.65999984741211,2354200,47.08000183105469,47.0,47.0
05-06-2019,45.7400016784668,47.4900016784668,1653900,47.4900016784668,46.619998931884766,46.619998931884766
06-06-2019,46.36000061035156,46.54999923706055,1202900,47.16999816894531,46.560001373291016,46.560001373291016
07-06-2019,46.75,46.75,1650900,48.290000915527344,47.689998626708984,47.689998626708984
10-06-2019,47.63999938964844,47.810001373291016,738500,48.38999938964844,47.9900016784668,47.9900016784668
11-06-2019,47.58000183105469,48.20000076293945,1115900,48.459999084472656,48.22999954223633,48.22999954223633
12-06-2019,47.220001220703125,48.130001068115234,1429200,48.209999084472656,48.08000183105469,48.08000183105469
13-06-2019,48.0,48.150001525878906,1548200,49.060001373291016,49.029998779296875,49.029998779296875
14-06-2019,48.4900016784668,49.040000915527344,772700,49.22999954223633,48.880001068115234,48.880001068115234
17-06-2019,48.5,49.040000915527344,774400,49.43000030517578,49.25,49.25
18-06-2019,49.130001068115234,49.68000030517578,911400,50.209999084472656,49.7400016784668,49.7400016784668
19-06-2019,50.0099983215332,50.27000045776367,2787600,53.2599983215332,51.27000045776367,51.27000045776367
20-06-2019,51.630001068115234,51.900001525878906,2970700,53.02000045776367,52.40999984741211,52.40999984741211
21-06-2019,52.31999969482422,52.58000183105469,3248900,53.54999923706055,53.09000015258789,53.09000015258789
24-06-2019,52.81999969482422,52.97999954223633,2357700,53.540000915527344,53.40999984741211,53.40999984741211
25-06-2019,52.84000015258789,53.38999938964844,2208900,54.52000045776367,54.27000045776367,54.27000045776367
26-06-2019,53.79999923706055,54.380001068115234,2214200,55.040000915527344,54.84000015258789,54.84000015258789
27-06-2019,55.0,55.06999969482422,2192400,56.0099983215332,55.40999984741211,55.40999984741211
28-06-2019,55.060001373291016,55.439998626708984,2588400,56.38999938964844,56.2599983215332,56.2599983215332
01-07-2019,55.9900016784668,56.939998626708984,2059000,57.439998626708984,56.09000015258789,56.09000015258789
02-07-2019,55.810001373291016,56.0,1501400,57.119998931884766,56.7400016784668,56.7400016784668
03-07-2019,56.7400016784668,57.13999938964844,965000,57.650001525878906,57.400001525878906,57.400001525878906
05-07-2019,56.880001068115234,57.15999984741211,1103000,58.43000030517578,58.27000045776367,58.27000045776367
08-07-2019,55.45000076293945,57.81999969482422,2289400,58.08000183105469,55.5099983215332,55.5099983215332
09-07-2019,50.68000030517578,52.560001373291016,6672000,52.849998474121094,52.54999923706055,52.54999923706055
10-07-2019,52.290000915527344,52.7400016784668,3384100,55.189998626708984,54.650001525878906,54.650001525878906
11-07-2019,55.25,55.689998626708984,2915700,56.70000076293945,56.40999984741211,56.40999984741211
12-07-2019,56.02000045776367,56.40999984741211,2171200,57.31999969482422,56.900001525878906,56.900001525878906
15-07-2019,56.13999938964844,56.900001525878906,2009300,57.52000045776367,56.95000076293945,56.95000076293945
16-07-2019,56.93000030517578,56.95000076293945,1625400,58.439998626708984,57.70000076293945,57.70000076293945
17-07-2019,55.54999923706055,55.900001525878906,1280000,57.38999938964844,56.650001525878906,56.650001525878906
18-07-2019,56.209999084472656,56.459999084472656,1530000,57.16999816894531,56.7400016784668,56.7400016784668
19-07-2019,55.97999954223633,56.70000076293945,1104700,56.75,56.04999923706055,56.04999923706055
22-07-2019,58.400001525878906,59.310001373291016,5914700,59.88999938964844,58.79999923706055,58.79999923706055
23-07-2019,58.5,59.09000015258789,4015400,59.43000030517578,59.29999923706055,59.29999923706055
24-07-2019,58.849998474121094,59.189998626708984,2732000,59.90999984741211,59.560001373291016,59.560001373291016
25-07-2019,58.72999954223633,59.15999984741211,2791900,59.4900016784668,58.93000030517578,58.93000030517578
26-07-2019,58.470001220703125,58.59000015258789,2103100,59.720001220703125,59.400001525878906,59.400001525878906
29-07-2019,59.2599983215332,59.400001525878906,3052700,60.0,59.65999984741211,59.65999984741211
30-07-2019,58.849998474121094,59.2400016784668,2827100,60.5099983215332,60.099998474121094,60.099998474121094
31-07-2019,59.52000045776367,60.2599983215332,2704500,60.439998626708984,59.849998474121094,59.849998474121094
01-08-2019,59.06999969482422,59.849998474121094,4593200,60.599998474121094,59.34000015258789,59.34000015258789
02-08-2019,59.86000061035156,60.43000030517578,5380000,61.20000076293945,60.099998474121094,60.099998474121094
05-08-2019,57.900001525878906,59.099998474121094,3717000,59.900001525878906,58.630001068115234,58.630001068115234
06-08-2019,57.84000015258789,59.099998474121094,2979900,59.5,58.959999084472656,58.959999084472656
07-08-2019,58.029998779296875,58.150001525878906,4517200,59.790000915527344,59.75,59.75
08-08-2019,59.4900016784668,60.0,2924000,60.29999923706055,59.790000915527344,59.790000915527344
09-08-2019,59.40999984741211,59.79999923706055,2308000,60.13999938964844,59.689998626708984,59.689998626708984
12-08-2019,58.77000045776367,59.470001220703125,5006500,59.93000030517578,59.02000045776367,59.02000045776367
13-08-2019,58.70000076293945,58.79999923706055,5004300,60.0,59.38999938964844,59.38999938964844
14-08-2019,58.0,58.79999923706055,7590400,59.2599983215332,58.16999816894531,58.16999816894531
15-08-2019,57.849998474121094,58.279998779296875,6607000,58.83000183105469,58.36000061035156,58.36000061035156
16-08-2019,57.5099983215332,58.0,8253700,58.36000061035156,57.81999969482422,57.81999969482422
19-08-2019,56.5099983215332,57.099998474121094,8259900,57.63999938964844,56.970001220703125,56.970001220703125
20-08-2019,55.77000045776367,57.15999984741211,3900100,57.15999984741211,55.90999984741211,55.90999984741211
21-08-2019,56.02000045776367,56.459999084472656,3069500,57.0099983215332,56.58000183105469,56.58000183105469
22-08-2019,55.7599983215332,56.7599983215332,4685500,56.9900016784668,55.959999084472656,55.959999084472656
23-08-2019,54.45000076293945,55.52000045776367,3886500,56.119998931884766,54.70000076293945,54.70000076293945
26-08-2019,54.209999084472656,55.02000045776367,2799200,55.25,55.04999923706055,55.04999923706055
27-08-2019,53.7599983215332,55.29999923706055,2975600,55.599998474121094,53.779998779296875,53.779998779296875
28-08-2019,53.5099983215332,53.66999816894531,2331100,54.61000061035156,54.470001220703125,54.470001220703125
29-08-2019,54.869998931884766,54.869998931884766,2022400,55.77000045776367,55.5099983215332,55.5099983215332
30-08-2019,55.58000183105469,55.75,4940000,56.54999923706055,56.369998931884766,56.369998931884766
03-09-2019,56.040000915527344,56.369998931884766,4169300,58.61000061035156,58.540000915527344,58.540000915527344
04-09-2019,59.02000045776367,59.5,2933200,60.380001068115234,59.150001525878906,59.150001525878906
05-09-2019,57.88999938964844,59.65999984741211,2059700,59.720001220703125,57.97999954223633,57.97999954223633
06-09-2019,57.59000015258789,57.939998626708984,2169000,59.59000015258789,59.369998931884766,59.369998931884766
09-09-2019,59.029998779296875,59.52000045776367,3287000,61.36000061035156,61.16999816894531,61.16999816894531
10-09-2019,60.33000183105469,60.779998779296875,2613600,61.66999816894531,61.65999984741211,61.65999984741211
11-09-2019,59.16999816894531,60.47999954223633,2026500,60.77000045776367,59.810001373291016,59.810001373291016
12-09-2019,58.720001220703125,60.0,2875600,60.91999816894531,60.29999923706055,60.29999923706055
13-09-2019,60.720001220703125,60.83000183105469,3611000,62.33000183105469,61.86000061035156,61.86000061035156
16-09-2019,61.45000076293945,61.650001525878906,2963600,63.5,63.279998779296875,63.279998779296875
17-09-2019,61.38999938964844,63.20000076293945,1777700,63.2599983215332,61.650001525878906,61.650001525878906
18-09-2019,60.970001220703125,61.439998626708984,1453800,61.970001220703125,61.29999923706055,61.29999923706055
19-09-2019,58.970001220703125,61.400001525878906,5046900,61.91999816894531,59.75,59.75
20-09-2019,59.75,59.90999984741211,3947500,60.88999938964844,60.040000915527344,60.040000915527344
23-09-2019,59.33000183105469,59.970001220703125,1650300,60.2599983215332,59.349998474121094,59.349998474121094
24-09-2019,57.20000076293945,59.29999923706055,2331100,59.40999984741211,57.369998931884766,57.369998931884766
25-09-2019,57.27000045776367,57.27000045776367,1672300,58.209999084472656,57.779998779296875,57.779998779296875
26-09-2019,55.400001525878906,57.779998779296875,2013600,57.779998779296875,56.0,56.0
27-09-2019,55.970001220703125,56.349998474121094,1506500,57.08000183105469,56.31999969482422,56.31999969482422
30-09-2019,56.31999969482422,56.470001220703125,1559100,57.470001220703125,57.06999969482422,57.06999969482422
01-10-2019,56.59000015258789,57.06999969482422,1527100,58.7599983215332,56.65999984741211,56.65999984741211
02-10-2019,55.459999084472656,56.18000030517578,1573500,56.58000183105469,55.599998474121094,55.599998474121094
03-10-2019,55.02000045776367,55.40999984741211,923700,56.040000915527344,55.869998931884766,55.869998931884766
04-10-2019,55.540000915527344,55.93000030517578,963500,56.279998779296875,56.0,56.0
07-10-2019,55.619998931884766,55.900001525878906,1498300,56.59000015258789,55.66999816894531,55.66999816894531
08-10-2019,54.09000015258789,55.4900016784668,1864400,55.5099983215332,54.20000076293945,54.20000076293945
09-10-2019,54.459999084472656,54.689998626708984,1557000,55.439998626708984,55.209999084472656,55.209999084472656
10-10-2019,54.97999954223633,55.279998779296875,1500500,56.2400016784668,55.81999969482422,55.81999969482422
11-10-2019,56.380001068115234,56.75,1450300,57.45000076293945,56.439998626708984,56.439998626708984
14-10-2019,55.599998474121094,56.2400016784668,1040700,56.400001525878906,55.66999816894531,55.66999816894531
15-10-2019,55.939998626708984,56.0,1291000,56.79999923706055,56.720001220703125,56.720001220703125
16-10-2019,56.38999938964844,56.709999084472656,855000,57.61000061035156,57.0099983215332,57.0099983215332
17-10-2019,56.97999954223633,56.9900016784668,865100,58.25,57.849998474121094,57.849998474121094
18-10-2019,57.72999954223633,57.72999954223633,1522900,58.779998779296875,58.689998626708984,58.689998626708984
21-10-2019,58.41999816894531,58.720001220703125,1372300,59.5099983215332,58.65999984741211,58.65999984741211
22-10-2019,58.400001525878906,58.41999816894531,1176500,59.709999084472656,59.209999084472656,59.209999084472656
23-10-2019,58.959999084472656,59.400001525878906,857600,59.709999084472656,59.119998931884766,59.119998931884766
24-10-2019,57.7400016784668,59.04999923706055,876100,59.38999938964844,58.04999923706055,58.04999923706055
25-10-2019,56.9900016784668,57.65999984741211,1458500,58.529998779296875,57.83000183105469,57.83000183105469
28-10-2019,57.75,57.939998626708984,1296000,58.7400016784668,57.84000015258789,57.84000015258789
29-10-2019,57.93000030517578,58.119998931884766,1367300,59.2400016784668,58.95000076293945,58.95000076293945
30-10-2019,58.560001373291016,58.939998626708984,987900,59.29999923706055,58.970001220703125,58.970001220703125
31-10-2019,58.150001525878906,58.939998626708984,814800,59.029998779296875,58.599998474121094,58.599998474121094
01-11-2019,58.779998779296875,58.88999938964844,1289300,60.27000045776367,59.540000915527344,59.540000915527344
04-11-2019,60.029998779296875,60.16999816894531,1534600,61.529998779296875,61.47999954223633,61.47999954223633
05-11-2019,61.59000015258789,61.97999954223633,1735800,62.9900016784668,62.439998626708984,62.439998626708984
06-11-2019,66.55999755859375,67.62000274658203,6007500,70.51000213623047,70.51000213623047,70.51000213623047
07-11-2019,68.72000122070312,70.0,2701700,70.0,69.19000244140625,69.19000244140625
08-11-2019,68.94000244140625,69.1500015258789,2488600,70.08999633789062,69.8499984741211,69.8499984741211
11-11-2019,69.19999694824219,69.2699966430664,1348700,70.0199966430664,69.43000030517578,69.43000030517578
12-11-2019,68.43000030517578,69.16000366210938,1282700,70.02999877929688,69.93000030517578,69.93000030517578
13-11-2019,69.13999938964844,69.68000030517578,1425200,70.0999984741211,69.30000305175781,69.30000305175781
14-11-2019,68.86000061035156,69.27999877929688,1538400,70.0,68.93000030517578,68.93000030517578
15-11-2019,69.04000091552734,69.12999725341797,2878000,70.95999908447266,70.83000183105469,70.83000183105469
18-11-2019,70.83000183105469,70.8499984741211,1576400,71.61000061035156,71.04000091552734,71.04000091552734
19-11-2019,71.33000183105469,71.62999725341797,2250800,72.83000183105469,72.41000366210938,72.41000366210938
20-11-2019,72.08999633789062,72.41000366210938,1498000,72.83000183105469,72.5,72.5
21-11-2019,71.69999694824219,72.4000015258789,1853800,72.80000305175781,72.08999633789062,72.08999633789062
22-11-2019,71.66999816894531,71.66999816894531,1107600,72.7300033569336,72.4800033569336,72.4800033569336
25-11-2019,72.19999694824219,72.4000015258789,1687700,73.41000366210938,73.38999938964844,73.38999938964844
26-11-2019,72.47000122070312,73.4800033569336,1653400,73.5,72.58000183105469,72.58000183105469
27-11-2019,72.41999816894531,72.58999633789062,745000,73.43000030517578,72.69000244140625,72.69000244140625
29-11-2019,71.62000274658203,72.55999755859375,605600,72.5999984741211,71.7699966430664,71.7699966430664
02-12-2019,71.43000030517578,71.77999877929688,1275900,72.19000244140625,71.93000030517578,71.93000030517578
03-12-2019,70.66000366210938,71.20999908447266,1597400,72.54000091552734,72.29000091552734,72.29000091552734
04-12-2019,72.16999816894531,72.37000274658203,1371800,73.27999877929688,72.55999755859375,72.55999755859375
05-12-2019,71.97000122070312,72.6500015258789,1321700,72.9800033569336,72.51000213623047,72.51000213623047
06-12-2019,72.4800033569336,72.76000213623047,1821700,73.44000244140625,72.69999694824219,72.69999694824219
09-12-2019,71.88999938964844,72.55999755859375,1264400,72.81999969482422,72.11000061035156,72.11000061035156
10-12-2019,71.69000244140625,71.87999725341797,1090000,72.66999816894531,72.30999755859375,72.30999755859375
11-12-2019,72.12999725341797,72.22000122070312,857600,72.94000244140625,72.62999725341797,72.62999725341797
12-12-2019,72.4000015258789,72.62999725341797,1036500,73.6500015258789,73.23999786376953,73.23999786376953
13-12-2019,72.51000213623047,73.58000183105469,1214900,73.91000366210938,72.70999908447266,72.70999908447266
16-12-2019,72.0999984741211,73.36000061035156,2052100,73.36000061035156,72.4800033569336,72.4800033569336
17-12-2019,71.55999755859375,72.4000015258789,1686000,72.98999786376953,71.58000183105469,71.58000183105469
18-12-2019,71.62999725341797,71.9000015258789,1749600,73.4800033569336,73.44999694824219,73.44999694824219
19-12-2019,73.41999816894531,73.58999633789062,2012800,74.26000213623047,73.75,73.75
20-12-2019,72.87999725341797,73.8499984741211,4078500,74.23999786376953,73.69999694824219,73.69999694824219
23-12-2019,73.37999725341797,73.69999694824219,955100,74.66000366210938,74.2300033569336,74.2300033569336
24-12-2019,74.16999816894531,74.37000274658203,595300,75.30000305175781,75.0199966430664,75.0199966430664
26-12-2019,74.66000366210938,75.02999877929688,477000,75.1500015258789,74.7699966430664,74.7699966430664
27-12-2019,74.58999633789062,74.87000274658203,690000,74.97000122070312,74.75,74.75
30-12-2019,73.95999908447266,74.73999786376953,684900,74.8499984741211,74.08000183105469,74.08000183105469
31-12-2019,73.79000091552734,73.91000366210938,1177200,75.12999725341797,75.02999877929688,75.02999877929688
02-01-2020,74.61000061035156,75.26000213623047,1310700,75.4000015258789,75.25,75.25
03-01-2020,74.12999725341797,74.16000366210938,937700,75.33000183105469,75.08000183105469,75.08000183105469
06-01-2020,74.83000183105469,74.83999633789062,1668500,75.61000061035156,75.55000305175781,75.55000305175781
07-01-2020,74.5,75.18000030517578,1177900,75.4000015258789,75.11000061035156,75.11000061035156
08-01-2020,74.6500015258789,75.08000183105469,1217900,75.58000183105469,75.52999877929688,75.52999877929688
09-01-2020,75.16000366210938,75.63999938964844,1404400,75.93000030517578,75.58000183105469,75.58000183105469
10-01-2020,75.38999938964844,75.86000061035156,852400,75.98999786376953,75.94999694824219,75.94999694824219
13-01-2020,75.9000015258789,76.0999984741211,921200,76.9800033569336,76.91999816894531,76.91999816894531
14-01-2020,76.91999816894531,77.11000061035156,823300,77.93000030517578,77.75,77.75
15-01-2020,77.58999633789062,77.58999633789062,669200,78.43000030517578,78.05000305175781,78.05000305175781
16-01-2020,78.11000061035156,78.38999938964844,588900,79.02999877929688,78.98999786376953,78.98999786376953
17-01-2020,78.95999908447266,79.12999725341797,815600,79.5,79.47000122070312,79.47000122070312
21-01-2020,79.02999877929688,79.47000122070312,1028200,80.08000183105469,79.9000015258789,79.9000015258789
22-01-2020,79.52999877929688,79.94999694824219,860200,80.66999816894531,80.55000305175781,80.55000305175781
23-01-2020,79.1500015258789,80.23999786376953,970200,80.52999877929688,80.5,80.5
24-01-2020,82.01000213623047,82.11000061035156,2203900,85.58999633789062,83.19000244140625,83.19000244140625
27-01-2020,81.58999633789062,82.0999984741211,1086700,82.69000244140625,82.02999877929688,82.02999877929688
28-01-2020,82.22000122070312,82.4000015258789,546900,83.12999725341797,82.9000015258789,82.9000015258789
29-01-2020,82.2300033569336,82.8499984741211,1009500,83.69999694824219,83.08000183105469,83.08000183105469
30-01-2020,80.97000122070312,82.47000122070312,1006800,82.72000122070312,82.66000366210938,82.66000366210938
31-01-2020,79.41000366210938,82.1500015258789,1723500,82.58999633789062,79.87000274658203,79.87000274658203
03-02-2020,79.16000366210938,80.0,708900,80.30000305175781,79.22000122070312,79.22000122070312
04-02-2020,80.12000274658203,80.23999786376953,701800,81.16000366210938,80.66999816894531,80.66999816894531
05-02-2020,80.72000122070312,80.72000122070312,836600,82.62999725341797,82.16999816894531,82.16999816894531
06-02-2020,81.5,82.52999877929688,1135800,83.37999725341797,83.06999969482422,83.06999969482422
07-02-2020,81.23999786376953,82.86000061035156,1194900,83.08000183105469,81.33999633789062,81.33999633789062
10-02-2020,80.86000061035156,81.36000061035156,1414400,82.7699966430664,82.75,82.75
11-02-2020,83.69000244140625,84.0,3517400,89.6500015258789,88.5,88.5
12-02-2020,86.7699966430664,89.6500015258789,2203600,90.1500015258789,87.0,87.0
13-02-2020,86.0,86.6500015258789,1025200,87.23999786376953,86.23999786376953,86.23999786376953
14-02-2020,84.77999877929688,86.41000366210938,863600,86.41000366210938,85.9800033569336,85.9800033569336
18-02-2020,85.08000183105469,85.69999694824219,1146800,86.41999816894531,85.4000015258789,85.4000015258789
19-02-2020,84.95999908447266,85.5,777800,85.76000213623047,85.48999786376953,85.48999786376953
20-02-2020,83.98999786376953,85.02999877929688,859200,85.47000122070312,84.6500015258789,84.6500015258789
21-02-2020,83.47000122070312,84.2300033569336,755400,84.45999908447266,84.08999633789062,84.08999633789062
24-02-2020,81.70999908447266,82.70999908447266,1393600,83.29000091552734,82.86000061035156,82.86000061035156
25-02-2020,80.18000030517578,83.16000366210938,2456600,83.68000030517578,81.05000305175781,81.05000305175781
26-02-2020,80.52999877929688,81.5999984741211,1276300,82.5199966430664,81.04000091552734,81.04000091552734
27-02-2020,77.94999694824219,79.0,2633000,81.08000183105469,79.2300033569336,79.2300033569336
28-02-2020,75.18000030517578,76.98999786376953,2977000,77.91000366210938,77.62000274658203,77.62000274658203
02-03-2020,77.76000213623047,77.76000213623047,1701400,82.26000213623047,82.2300033569336,82.2300033569336
03-03-2020,77.2300033569336,82.08000183105469,2513100,83.79000091552734,77.55999755859375,77.55999755859375
04-03-2020,79.13999938964844,80.05000305175781,2078900,82.88999938964844,82.69999694824219,82.69999694824219
05-03-2020,80.08000183105469,80.55999755859375,1299400,82.93000030517578,81.11000061035156,81.11000061035156
06-03-2020,78.26000213623047,78.7699966430664,1952000,82.87000274658203,81.83999633789062,81.83999633789062
09-03-2020,75.30000305175781,76.04000091552734,2564700,79.27999877929688,77.19999694824219,77.19999694824219
10-03-2020,74.55000305175781,79.29000091552734,2069700,79.69000244140625,77.72000122070312,77.72000122070312
11-03-2020,73.23999786376953,75.9000015258789,2692700,77.20999908447266,74.87000274658203,74.87000274658203
12-03-2020,67.80000305175781,70.05999755859375,3071500,72.80999755859375,68.25,68.25
13-03-2020,67.9800033569336,71.38999938964844,3427200,76.20999908447266,75.94999694824219,75.94999694824219
16-03-2020,67.01000213623047,68.0,2446500,76.0,71.73999786376953,71.73999786376953
17-03-2020,73.2699966430664,73.30000305175781,3082600,80.72000122070312,75.12999725341797,75.12999725341797
18-03-2020,68.62000274658203,70.62000274658203,2514900,75.79000091552734,75.25,75.25
19-03-2020,69.61000061035156,74.33000183105469,2250800,76.08999633789062,71.33999633789062,71.33999633789062
20-03-2020,64.16000366210938,71.25,3321800,71.25,64.98999786376953,64.98999786376953
23-03-2020,62.20000076293945,64.70999908447266,1743900,66.4800033569336,65.73999786376953,65.73999786376953
24-03-2020,66.66000366210938,68.22000122070312,2066200,70.94999694824219,68.6500015258789,68.6500015258789
25-03-2020,67.06999969482422,68.04000091552734,1620600,74.5,70.19999694824219,70.19999694824219
26-03-2020,70.45999908447266,70.94999694824219,1380300,74.76000213623047,73.73999786376953,73.73999786376953
27-03-2020,70.5199966430664,72.0199966430664,921000,74.36000061035156,73.08999633789062,73.08999633789062
30-03-2020,73.68000030517578,74.19000244140625,1235200,76.87999725341797,76.41000366210938,76.41000366210938
31-03-2020,75.33000183105469,76.56999969482422,1699900,77.76000213623047,76.05999755859375,76.05999755859375
01-04-2020,70.70999908447266,73.63999938964844,1430400,76.83000183105469,72.5999984741211,72.5999984741211
02-04-2020,68.76000213623047,71.79000091552734,1896800,74.16999816894531,70.30000305175781,70.30000305175781
03-04-2020,64.51000213623047,69.36000061035156,2429800,69.9800033569336,65.5199966430664,65.5199966430664
06-04-2020,67.13999938964844,67.26000213623047,1709600,71.58000183105469,71.01000213623047,71.01000213623047
07-04-2020,71.02999877929688,72.36000061035156,1700700,74.6500015258789,71.98999786376953,71.98999786376953
08-04-2020,72.33999633789062,72.81999969482422,1618800,78.6500015258789,76.95999908447266,76.95999908447266
09-04-2020,74.4000015258789,76.83000183105469,1313300,78.29000091552734,74.81999969482422,74.81999969482422
13-04-2020,71.87999725341797,74.4000015258789,1144100,75.25,73.58999633789062,73.58999633789062
14-04-2020,74.8499984741211,75.18000030517578,1379500,77.4000015258789,76.81999969482422,76.81999969482422
15-04-2020,74.18000030517578,76.13999938964844,1213300,76.3499984741211,76.26000213623047,76.26000213623047
16-04-2020,75.26000213623047,76.54000091552734,1231200,78.44000244140625,76.6500015258789,76.6500015258789
17-04-2020,75.5999984741211,78.0,1119900,78.58999633789062,78.16000366210938,78.16000366210938
20-04-2020,76.51000213623047,77.33999633789062,1361000,78.02999877929688,77.5199966430664,77.5199966430664
21-04-2020,72.01000213623047,76.7699966430664,1109900,76.93000030517578,72.52999877929688,72.52999877929688
22-04-2020,72.33999633789062,74.01000213623047,770600,74.9800033569336,72.41000366210938,72.41000366210938
23-04-2020,72.44999694824219,72.56999969482422,772200,74.69000244140625,73.3499984741211,73.3499984741211
24-04-2020,71.69999694824219,73.68000030517578,958800,74.25,74.0,74.0
27-04-2020,74.45999908447266,74.73999786376953,1163200,79.0999984741211,78.94999694824219,78.94999694824219
28-04-2020,77.91000366210938,80.0,1189300,81.2300033569336,78.61000061035156,78.61000061035156
29-04-2020,79.06999969482422,79.30999755859375,1287400,82.87999725341797,81.58999633789062,81.58999633789062
30-04-2020,78.80000305175781,80.58999633789062,1464900,81.58999633789062,79.01000213623047,79.01000213623047
01-05-2020,75.94000244140625,77.88999938964844,989200,78.75,76.51000213623047,76.51000213623047
04-05-2020,74.69999694824219,75.80000305175781,826000,76.66999816894531,75.12000274658203,75.12000274658203
05-05-2020,76.13999938964844,76.25,1334700,79.56999969482422,78.87000274658203,78.87000274658203
06-05-2020,80.80999755859375,81.68000030517578,2101800,85.31999969482422,82.3499984741211,82.3499984741211
07-05-2020,79.61000061035156,82.7300033569336,1800500,83.3499984741211,80.16000366210938,80.16000366210938
08-05-2020,79.95999908447266,81.04000091552734,1248000,81.37999725341797,80.76000213623047,80.76000213623047
11-05-2020,80.76000213623047,80.76000213623047,851700,82.27999877929688,81.12999725341797,81.12999725341797
12-05-2020,78.86000061035156,81.55999755859375,863700,81.69000244140625,78.91000366210938,78.91000366210938
13-05-2020,77.69000244140625,79.05999755859375,1140500,79.9000015258789,78.98999786376953,78.98999786376953
14-05-2020,76.31999969482422,78.3499984741211,1093000,78.3499984741211,78.13999938964844,78.13999938964844
15-05-2020,77.25,77.75,694500,79.45999908447266,79.25,79.25
18-05-2020,80.5,81.02999877929688,876900,82.79000091552734,80.70999908447266,80.70999908447266
19-05-2020,78.86000061035156,80.19000244140625,1019600,80.70999908447266,80.20999908447266,80.20999908447266
20-05-2020,79.61000061035156,80.7300033569336,727500,82.11000061035156,79.97000122070312,79.97000122070312
21-05-2020,78.2300033569336,79.83999633789062,891300,79.98999786376953,78.7300033569336,78.7300033569336
22-05-2020,76.5199966430664,78.9000015258789,917300,79.06999969482422,76.80999755859375,76.80999755859375
26-05-2020,77.75,78.16000366210938,1098400,79.77999877929688,78.0199966430664,78.0199966430664
27-05-2020,76.12999725341797,78.22000122070312,1445500,78.94999694824219,78.70999908447266,78.70999908447266
28-05-2020,79.18000030517578,79.5,1080100,80.81999969482422,79.47000122070312,79.47000122070312
29-05-2020,78.36000061035156,79.94999694824219,2024700,81.12999725341797,80.95999908447266,80.95999908447266
01-06-2020,78.87000274658203,80.86000061035156,804500,81.55000305175781,80.33999633789062,80.33999633789062
02-06-2020,79.05999755859375,80.30999755859375,816600,80.86000061035156,80.86000061035156,80.86000061035156
03-06-2020,79.31999969482422,80.76000213623047,979200,81.5199966430664,79.72000122070312,79.72000122070312
04-06-2020,78.95999908447266,78.95999908447266,1958700,82.41000366210938,82.38999938964844,82.38999938964844
05-06-2020,82.80000305175781,82.80000305175781,2849000,88.69999694824219,88.27999877929688,88.27999877929688
08-06-2020,85.02999877929688,87.9000015258789,2208400,89.38999938964844,87.0,87.0
09-06-2020,83.38999938964844,86.62999725341797,1226200,86.62999725341797,84.5,84.5
10-06-2020,80.91999816894531,84.5,1203000,84.91999816894531,82.9000015258789,82.9000015258789
11-06-2020,79.25,81.0199966430664,1364200,82.16999816894531,79.94999694824219,79.94999694824219
12-06-2020,76.94000244140625,81.75,1306200,81.83000183105469,78.25,78.25
15-06-2020,76.2699966430664,76.6500015258789,887700,78.93000030517578,78.52999877929688,78.52999877929688
16-06-2020,78.33000183105469,80.41000366210938,870600,80.83999633789062,78.97000122070312,78.97000122070312
17-06-2020,77.91999816894531,79.1500015258789,1082800,79.86000061035156,78.23999786376953,78.23999786376953
18-06-2020,77.30000305175781,77.5999984741211,962600,78.22000122070312,78.12999725341797,78.12999725341797
19-06-2020,78.63999938964844,79.37999725341797,2085500,80.44999694824219,79.55000305175781,79.55000305175781
22-06-2020,77.06999969482422,79.4800033569336,802900,79.4800033569336,78.94999694824219,78.94999694824219
23-06-2020,78.37000274658203,79.80999755859375,902000,80.08999633789062,79.19999694824219,79.19999694824219
24-06-2020,76.97000122070312,78.43000030517578,1199700,79.04000091552734,77.18000030517578,77.18000030517578
25-06-2020,76.30000305175781,76.83999633789062,727500,77.72000122070312,77.5,77.5
26-06-2020,75.30000305175781,77.23999786376953,1847100,77.93000030517578,75.55999755859375,75.55999755859375
29-06-2020,75.83999633789062,76.33000183105469,583100,77.48999786376953,77.20999908447266,77.20999908447266
30-06-2020,77.0,77.5,757400,79.5999984741211,79.13999938964844,79.13999938964844
01-07-2020,79.30000305175781,79.30000305175781,885900,81.01000213623047,80.63999938964844,80.63999938964844
02-07-2020,80.79000091552734,81.5,880500,82.68000030517578,81.05000305175781,81.05000305175781
06-07-2020,80.55000305175781,81.87000274658203,1145100,82.6500015258789,81.22000122070312,81.22000122070312
07-07-2020,80.51000213623047,80.61000061035156,1053000,82.95999908447266,81.98999786376953,81.98999786376953
08-07-2020,80.05999755859375,82.0999984741211,886300,82.25,81.91000366210938,81.91000366210938
09-07-2020,78.6500015258789,82.04000091552734,983100,82.43000030517578,79.73999786376953,79.73999786376953
10-07-2020,79.19999694824219,80.33999633789062,580700,81.30000305175781,81.19000244140625,81.19000244140625
13-07-2020,79.45999908447266,81.44999694824219,1129300,82.16999816894531,79.56999969482422,79.56999969482422
14-07-2020,79.22000122070312,79.55999755859375,801200,82.11000061035156,81.94999694824219,81.94999694824219
15-07-2020,82.4800033569336,82.97000122070312,863400,84.72000122070312,84.54000091552734,84.54000091552734
16-07-2020,84.04000091552734,84.5999984741211,576900,85.45999908447266,84.80999755859375,84.80999755859375
17-07-2020,85.0199966430664,85.37999725341797,736100,86.36000061035156,85.11000061035156,85.11000061035156
20-07-2020,84.44000244140625,84.76000213623047,696200,85.75,85.51000213623047,85.51000213623047
21-07-2020,85.16000366210938,85.16000366210938,647000,86.51000213623047,86.0,86.0
22-07-2020,85.43000030517578,85.88999938964844,577600,87.16000366210938,87.12000274658203,87.12000274658203
23-07-2020,86.80999755859375,87.2300033569336,513500,87.91000366210938,87.68000030517578,87.68000030517578
24-07-2020,86.66999816894531,87.77999877929688,446200,88.2300033569336,87.33000183105469,87.33000183105469
27-07-2020,86.30000305175781,86.88999938964844,354600,88.72000122070312,88.48999786376953,88.48999786376953
28-07-2020,87.69000244140625,87.79000091552734,475000,88.76000213623047,87.98999786376953,87.98999786376953
29-07-2020,87.91000366210938,88.05000305175781,896700,91.69000244140625,91.30000305175781,91.30000305175781
30-07-2020,88.2699966430664,90.12999725341797,1369300,91.61000061035156,91.12000274658203,91.12000274658203
31-07-2020,85.70999908447266,91.5999984741211,1830900,92.16000366210938,87.38999938964844,87.38999938964844
03-08-2020,86.44999694824219,87.62999725341797,909500,88.75,87.20999908447266,87.20999908447266
04-08-2020,83.51000213623047,86.62999725341797,1212100,86.86000061035156,83.56999969482422,83.56999969482422
05-08-2020,82.31999969482422,83.5199966430664,1135800,84.37000274658203,82.91999816894531,82.91999816894531
06-08-2020,81.54000091552734,82.55999755859375,904000,83.6500015258789,82.29000091552734,82.29000091552734
07-08-2020,81.4800033569336,82.37999725341797,773400,83.70999908447266,82.37000274658203,82.37000274658203
10-08-2020,81.97000122070312,82.16000366210938,765100,83.31999969482422,82.5999984741211,82.5999984741211
11-08-2020,81.38999938964844,83.37000274658203,1318000,83.9800033569336,81.7300033569336,81.7300033569336
12-08-2020,81.80999755859375,82.3499984741211,781700,82.83000183105469,82.45999908447266,82.45999908447266
13-08-2020,81.25,82.01000213623047,501200,82.41000366210938,81.66999816894531,81.66999816894531
14-08-2020,81.20999908447266,81.41000366210938,399300,82.77999877929688,82.16999816894531,82.16999816894531
17-08-2020,85.4800033569336,85.91999816894531,1270200,87.16999816894531,86.26000213623047,86.26000213623047
18-08-2020,85.2300033569336,86.16000366210938,1005400,86.94000244140625,86.54000091552734,86.54000091552734
19-08-2020,85.9000015258789,86.8499984741211,661300,87.16999816894531,86.20999908447266,86.20999908447266
20-08-2020,86.0999984741211,86.18000030517578,1163700,88.37000274658203,86.72000122070312,86.72000122070312
21-08-2020,86.01000213623047,86.87000274658203,815200,87.0,86.80000305175781,86.80000305175781
24-08-2020,86.87999725341797,87.0199966430664,749400,87.97000122070312,87.56999969482422,87.56999969482422
25-08-2020,87.05000305175781,87.80000305175781,578100,88.33999633789062,87.70999908447266,87.70999908447266
26-08-2020,86.41999816894531,87.1500015258789,562700,87.5999984741211,87.5199966430664,87.5199966430664
27-08-2020,86.62999725341797,87.72000122070312,1123800,87.7300033569336,86.94999694824219,86.94999694824219
28-08-2020,86.48999786376953,86.66999816894531,916400,87.4800033569336,86.94000244140625,86.94000244140625
31-08-2020,86.22000122070312,86.22000122070312,1351200,88.4000015258789,86.76000213623047,86.76000213623047
01-09-2020,86.73999786376953,87.0999984741211,1061300,88.18000030517578,87.33999633789062,87.33999633789062
02-09-2020,87.05000305175781,87.33000183105469,1221500,89.75,89.44000244140625,89.44000244140625
03-09-2020,87.0,89.30000305175781,898500,90.5999984741211,87.48999786376953,87.48999786376953
04-09-2020,86.01000213623047,87.62999725341797,1920700,87.83999633789062,87.05999755859375,87.05999755859375
08-09-2020,84.88999938964844,86.83999633789062,2312600,86.83999633789062,85.0,85.0
09-09-2020,85.33000183105469,85.5,1030800,88.41999816894531,87.97000122070312,87.97000122070312
10-09-2020,87.4800033569336,88.20999908447266,1054500,89.12000274658203,87.58999633789062,87.58999633789062
11-09-2020,87.19999694824219,88.0,1659100,88.38999938964844,88.05000305175781,88.05000305175781
14-09-2020,87.13999938964844,88.12000274658203,2959300,88.52999877929688,87.79000091552734,87.79000091552734
15-09-2020,88.3499984741211,88.3499984741211,2145400,90.80999755859375,89.83999633789062,89.83999633789062
16-09-2020,90.2699966430664,90.97000122070312,1129600,92.66999816894531,91.83999633789062,91.83999633789062
17-09-2020,88.94999694824219,91.83000183105469,1295200,91.98999786376953,90.13999938964844,90.13999938964844
18-09-2020,86.54000091552734,90.4000015258789,2445000,90.4000015258789,87.31999969482422,87.31999969482422
21-09-2020,82.5199966430664,86.30999755859375,1400000,86.45999908447266,85.12000274658203,85.12000274658203
22-09-2020,82.58000183105469,84.54000091552734,1592200,85.2300033569336,84.63999938964844,84.63999938964844
23-09-2020,81.73999786376953,84.66000366210938,1234400,84.66999816894531,82.41000366210938,82.41000366210938
24-09-2020,81.02999877929688,81.91000366210938,1192500,82.55999755859375,81.55999755859375,81.55999755859375
25-09-2020,82.05999755859375,82.62000274658203,1903200,84.20999908447266,83.9000015258789,83.9000015258789
28-09-2020,84.05999755859375,84.41000366210938,901700,85.86000061035156,84.5,84.5
29-09-2020,83.37999725341797,84.62999725341797,855200,85.16000366210938,84.13999938964844,84.13999938964844
30-09-2020,83.76000213623047,83.81999969482422,1151500,86.61000061035156,85.6500015258789,85.6500015258789
01-10-2020,80.8499984741211,86.4800033569336,2617700,86.87000274658203,82.81999969482422,82.81999969482422
02-10-2020,81.0199966430664,81.66000366210938,1125500,84.9000015258789,84.29000091552734,84.29000091552734
05-10-2020,84.66999816894531,84.66999816894531,1024800,87.2300033569336,86.62999725341797,86.62999725341797
06-10-2020,84.80999755859375,86.70999908447266,1216100,87.11000061035156,85.30999755859375,85.30999755859375
07-10-2020,85.55000305175781,85.55000305175781,905600,87.9000015258789,87.19000244140625,87.19000244140625
08-10-2020,87.4800033569336,87.6500015258789,721500,88.83999633789062,88.5999984741211,88.5999984741211
09-10-2020,86.55999755859375,89.45999908447266,932800,89.73999786376953,87.86000061035156,87.86000061035156
12-10-2020,87.88999938964844,87.88999938964844,723200,89.5,88.91000366210938,88.91000366210938
13-10-2020,87.44999694824219,88.16000366210938,420700,89.2300033569336,88.3499984741211,88.3499984741211
14-10-2020,88.44000244140625,88.54000091552734,528400,90.47000122070312,88.87000274658203,88.87000274658203
15-10-2020,87.27999877929688,87.73999786376953,509100,89.1500015258789,88.91000366210938,88.91000366210938
16-10-2020,89.19000244140625,89.19000244140625,1219800,91.69999694824219,90.77999877929688,90.77999877929688
19-10-2020,89.19000244140625,90.80000305175781,703800,91.61000061035156,89.55999755859375,89.55999755859375
20-10-2020,89.41999816894531,89.87000274658203,617100,90.68000030517578,89.69999694824219,89.69999694824219
21-10-2020,89.02999877929688,89.62000274658203,639700,90.51000213623047,89.61000061035156,89.61000061035156
22-10-2020,89.6500015258789,90.0999984741211,510600,91.29000091552734,90.68000030517578,90.68000030517578
23-10-2020,90.37000274658203,90.76000213623047,532300,91.62000274658203,91.05000305175781,91.05000305175781
26-10-2020,89.22000122070312,90.19999694824219,665100,90.81999969482422,89.70999908447266,89.70999908447266
27-10-2020,89.02999877929688,90.0999984741211,502000,90.30000305175781,89.1500015258789,89.1500015258789
28-10-2020,86.13999938964844,87.93000030517578,889400,88.66999816894531,86.2699966430664,86.2699966430664
29-10-2020,84.13999938964844,85.97000122070312,1099400,86.44999694824219,85.7699966430664,85.7699966430664
30-10-2020,85.0,85.80000305175781,1085200,88.4000015258789,86.25,86.25
02-11-2020,87.1500015258789,87.45999908447266,1056800,90.16000366210938,89.06999969482422,89.06999969482422
03-11-2020,90.04000091552734,90.04000091552734,1042800,93.83000183105469,92.94999694824219,92.94999694824219
04-11-2020,95.2699966430664,95.6500015258789,1013700,97.9000015258789,96.04000091552734,96.04000091552734
05-11-2020,97.5,98.52999877929688,909400,99.86000061035156,98.1500015258789,98.1500015258789
06-11-2020,97.5,97.98999786376953,517100,99.44999694824219,98.62000274658203,98.62000274658203
09-11-2020,100.61000061035156,101.22000122070312,1235100,104.0,102.33000183105469,102.33000183105469
10-11-2020,101.5,102.0,1019300,108.0999984741211,107.16999816894531,107.16999816894531
11-11-2020,106.16000366210938,107.25,959000,108.05999755859375,106.31999969482422,106.31999969482422
12-11-2020,105.52999877929688,105.70999908447266,1062900,109.9000015258789,107.18000030517578,107.18000030517578
13-11-2020,107.26000213623047,107.4800033569336,772000,110.9800033569336,110.55000305175781,110.55000305175781
16-11-2020,110.4000015258789,111.62999725341797,887400,113.38999938964844,113.13999938964844,113.13999938964844
17-11-2020,110.43000030517578,111.83999633789062,872700,114.12999725341797,113.38999938964844,113.38999938964844
18-11-2020,108.2699966430664,113.66999816894531,1161100,113.95999908447266,108.31999969482422,108.31999969482422
19-11-2020,106.0,108.38999938964844,1189800,108.94000244140625,107.62999725341797,107.62999725341797
20-11-2020,107.87999725341797,107.87999725341797,717700,110.48999786376953,109.8499984741211,109.8499984741211
23-11-2020,108.91999816894531,109.79000091552734,976600,110.48999786376953,110.0199966430664,110.0199966430664
24-11-2020,108.69999694824219,110.56999969482422,862200,110.6500015258789,109.66999816894531,109.66999816894531
25-11-2020,108.70999908447266,109.61000061035156,766200,110.31999969482422,109.5999984741211,109.5999984741211
27-11-2020,109.76000213623047,110.04000091552734,263500,111.47000122070312,109.87999725341797,109.87999725341797
30-11-2020,109.5,109.58000183105469,1188500,110.51000213623047,109.8499984741211,109.8499984741211
01-12-2020,108.48999786376953,110.69999694824219,583400,111.05999755859375,108.58999633789062,108.58999633789062
02-12-2020,108.06999969482422,108.80999755859375,772300,109.6500015258789,108.36000061035156,108.36000061035156
03-12-2020,104.51000213623047,108.05000305175781,1403600,108.05000305175781,105.41999816894531,105.41999816894531
04-12-2020,106.0,106.12000274658203,602000,109.30000305175781,109.30000305175781,109.30000305175781
07-12-2020,107.66999816894531,109.33999633789062,770700,109.55000305175781,108.45999908447266,108.45999908447266
08-12-2020,108.05000305175781,108.05000305175781,516800,110.66999816894531,110.37999725341797,110.37999725341797
09-12-2020,110.33999633789062,110.72000122070312,569400,111.94000244140625,111.30000305175781,111.30000305175781
10-12-2020,110.38999938964844,110.51000213623047,506500,112.37000274658203,111.91000366210938,111.91000366210938
11-12-2020,108.18000030517578,111.68000030517578,645600,112.08000183105469,108.31999969482422,108.31999969482422
14-12-2020,108.9800033569336,109.41000366210938,872800,111.55999755859375,109.19000244140625,109.19000244140625
15-12-2020,109.66999816894531,109.80999755859375,592600,113.04000091552734,112.38999938964844,112.38999938964844
16-12-2020,111.91000366210938,112.94000244140625,639400,114.1500015258789,113.04000091552734,113.04000091552734
17-12-2020,113.19999694824219,113.19999694824219,625500,115.73999786376953,115.7300033569336,115.7300033569336
18-12-2020,114.52999877929688,115.54000091552734,2538100,115.7300033569336,115.36000061035156,115.36000061035156
21-12-2020,112.69000244140625,113.5,758900,115.7699966430664,115.75,115.75
22-12-2020,114.94999694824219,116.0,597300,116.4000015258789,115.18000030517578,115.18000030517578
23-12-2020,114.8499984741211,115.86000061035156,522000,115.94000244140625,115.0,115.0
24-12-2020,114.62000274658203,114.98999786376953,161900,115.68000030517578,115.12999725341797,115.12999725341797
28-12-2020,115.02999877929688,116.0,397300,116.18000030517578,115.44999694824219,115.44999694824219
29-12-2020,115.45999908447266,116.02999877929688,549300,116.51000213623047,116.0,116.0
30-12-2020,115.4000015258789,116.30000305175781,386500,117.6500015258789,115.5,115.5
31-12-2020,115.0,115.06999969482422,324100,117.58999633789062,117.4000015258789,117.4000015258789
04-01-2021,114.3499984741211,117.55999755859375,784900,118.68000030517578,116.5,116.5
05-01-2021,114.0,114.62999725341797,660500,117.38999938964844,116.55000305175781,116.55000305175781
06-01-2021,116.0,116.08999633789062,956600,121.1500015258789,120.55000305175781,120.55000305175781
07-01-2021,120.4800033569336,121.29000091552734,857600,122.87000274658203,122.20999908447266,122.20999908447266
08-01-2021,122.08000183105469,122.37000274658203,551200,124.66999816894531,123.88999938964844,123.88999938964844
11-01-2021,121.88999938964844,123.27999877929688,507900,124.54000091552734,123.12000274658203,123.12000274658203
12-01-2021,123.02999877929688,123.5,669700,125.27999877929688,123.80000305175781,123.80000305175781
13-01-2021,120.7300033569336,123.81999969482422,775000,124.4800033569336,120.76000213623047,120.76000213623047
14-01-2021,119.48999786376953,121.41000366210938,546500,121.41000366210938,119.63999938964844,119.63999938964844
15-01-2021,117.6500015258789,119.19000244140625,693300,119.83999633789062,118.75,118.75
19-01-2021,118.02999877929688,119.69000244140625,514400,119.91000366210938,118.0999984741211,118.0999984741211
20-01-2021,117.58999633789062,118.0999984741211,571400,120.69999694824219,120.31999969482422,120.31999969482422
21-01-2021,119.05000305175781,120.25,366600,120.47000122070312,119.31999969482422,119.31999969482422
22-01-2021,118.8499984741211,118.9000015258789,345300,120.0999984741211,119.58999633789062,119.58999633789062
25-01-2021,117.91999816894531,119.0999984741211,429700,119.94999694824219,118.55999755859375,118.55999755859375
26-01-2021,117.86000061035156,118.69999694824219,416000,119.94999694824219,119.26000213623047,119.26000213623047
27-01-2021,116.9000015258789,117.76000213623047,616400,118.95999908447266,117.8499984741211,117.8499984741211
28-01-2021,117.8499984741211,119.19000244140625,607500,122.38999938964844,117.88999938964844,117.88999938964844
29-01-2021,116.01000213623047,117.5,915500,118.55000305175781,117.37000274658203,117.37000274658203
01-02-2021,116.91999816894531,118.0199966430664,798600,120.0,118.80999755859375,118.80999755859375
02-02-2021,111.63999938964844,114.0,1478000,116.16999816894531,111.63999938964844,111.63999938964844
03-02-2021,108.04000091552734,111.27999877929688,1544700,111.69000244140625,110.48999786376953,110.48999786376953
04-02-2021,108.58999633789062,110.52999877929688,753400,110.80000305175781,109.54000091552734,109.54000091552734
05-02-2021,108.37999725341797,110.30999755859375,793200,110.58000183105469,109.18000030517578,109.18000030517578
08-02-2021,109.0199966430664,109.47000122070312,1296100,110.58999633789062,110.19999694824219,110.19999694824219
09-02-2021,110.29000091552734,110.62000274658203,947700,112.30000305175781,111.0,111.0
10-02-2021,110.7699966430664,111.9000015258789,769800,113.44999694824219,113.38999938964844,113.38999938964844
11-02-2021,112.33000183105469,113.93000030517578,878300,114.30999755859375,113.33000183105469,113.33000183105469
12-02-2021,104.77999877929688,112.5,1573300,114.58000183105469,104.98999786376953,104.98999786376953
16-02-2021,103.27999877929688,105.43000030517578,2291200,110.69000244140625,104.18000030517578,104.18000030517578
17-02-2021,101.83000183105469,103.08999633789062,1118900,104.72000122070312,103.11000061035156,103.11000061035156
18-02-2021,99.6500015258789,102.62000274658203,1202700,102.93000030517578,100.12000274658203,100.12000274658203
19-02-2021,99.5,99.81999969482422,1061200,102.33999633789062,102.06999969482422,102.06999969482422
22-02-2021,99.38999938964844,100.98999786376953,731100,101.69000244140625,99.9800033569336,99.9800033569336
23-02-2021,98.55000305175781,99.69000244140625,734200,101.58000183105469,101.27999877929688,101.27999877929688
24-02-2021,101.18000030517578,101.18000030517578,835800,103.52999877929688,102.88999938964844,102.88999938964844
25-02-2021,101.2300033569336,103.16999816894531,538400,103.87000274658203,102.13999938964844,102.13999938964844
26-02-2021,101.75,101.91000366210938,849400,103.76000213623047,102.12999725341797,102.12999725341797
01-03-2021,102.73999786376953,103.22000122070312,702900,104.4800033569336,102.8499984741211,102.8499984741211
02-03-2021,102.5,103.48999786376953,719300,104.01000213623047,103.5199966430664,103.5199966430664
03-03-2021,101.55000305175781,102.98999786376953,534000,103.36000061035156,102.77999877929688,102.77999877929688
04-03-2021,101.8499984741211,102.29000091552734,1062400,104.63999938964844,103.81999969482422,103.81999969482422
05-03-2021,103.77999877929688,104.72000122070312,751500,106.04000091552734,105.54000091552734,105.54000091552734
08-03-2021,105.4000015258789,105.5,590800,108.19999694824219,107.61000061035156,107.61000061035156
09-03-2021,107.4000015258789,108.12999725341797,654000,110.30999755859375,107.62999725341797,107.62999725341797
10-03-2021,107.11000061035156,108.87000274658203,666800,109.08999633789062,107.11000061035156,107.11000061035156
11-03-2021,107.08999633789062,107.1500015258789,466400,108.3499984741211,107.68000030517578,107.68000030517578
12-03-2021,107.77999877929688,108.6500015258789,679400,108.83999633789062,108.44000244140625,108.44000244140625
15-03-2021,107.68000030517578,107.87999725341797,412300,109.23999786376953,108.93000030517578,108.93000030517578
16-03-2021,107.58000183105469,109.0,561100,109.30000305175781,107.63999938964844,107.63999938964844
17-03-2021,106.66000366210938,107.41999816894531,482200,108.52999877929688,107.7300033569336,107.7300033569336
18-03-2021,107.55999755859375,107.94000244140625,520600,109.94999694824219,109.19000244140625,109.19000244140625
19-03-2021,108.69999694824219,108.75,1230500,110.69000244140625,109.83000183105469,109.83000183105469
22-03-2021,108.0199966430664,109.51000213623047,532600,110.33999633789062,110.04000091552734,110.04000091552734
23-03-2021,106.88999938964844,110.05000305175781,627300,110.31999969482422,107.0199966430664,107.0199966430664
24-03-2021,106.94999694824219,107.19999694824219,488000,109.83000183105469,109.02999877929688,109.02999877929688
25-03-2021,107.55000305175781,108.94999694824219,627700,111.41000366210938,110.86000061035156,110.86000061035156
26-03-2021,107.5999984741211,108.33000183105469,856500,109.51000213623047,108.7699966430664,108.7699966430664
29-03-2021,108.69000244140625,108.80000305175781,817100,110.63999938964844,110.05000305175781,110.05000305175781
30-03-2021,108.48999786376953,110.12000274658203,475800,110.36000061035156,109.4800033569336,109.4800033569336
31-03-2021,107.5999984741211,109.29000091552734,663200,109.97000122070312,107.7699966430664,107.7699966430664
01-04-2021,105.08000183105469,107.51000213623047,1069100,107.66000366210938,105.44000244140625,105.44000244140625
05-04-2021,105.47000122070312,106.0,1024700,107.37999725341797,106.80000305175781,106.80000305175781
06-04-2021,106.52999877929688,107.16000366210938,638600,107.97000122070312,106.94999694824219,106.94999694824219
07-04-2021,106.45999908447266,107.05000305175781,547900,108.08999633789062,106.69000244140625,106.69000244140625
08-04-2021,106.29000091552734,106.5,862100,108.19999694824219,106.86000061035156,106.86000061035156
09-04-2021,106.9000015258789,107.23999786376953,472800,109.08000183105469,109.0,109.0
12-04-2021,108.77999877929688,109.0,571000,110.91999816894531,109.87999725341797,109.87999725341797
13-04-2021,106.69000244140625,108.88999938964844,1028100,109.16000366210938,107.45999908447266,107.45999908447266
14-04-2021,107.37000274658203,108.33999633789062,654300,109.16000366210938,108.2300033569336,108.2300033569336
15-04-2021,108.58000183105469,108.94000244140625,764300,110.54000091552734,109.8499984741211,109.8499984741211
16-04-2021,110.0999984741211,110.44000244140625,1760700,113.5,113.11000061035156,113.11000061035156
19-04-2021,110.19000244140625,113.4800033569336,826000,113.69000244140625,110.77999877929688,110.77999877929688
20-04-2021,110.16999816894531,110.36000061035156,670000,112.55000305175781,112.19999694824219,112.19999694824219
21-04-2021,112.66999816894531,112.9000015258789,523000,114.37000274658203,113.54000091552734,113.54000091552734
22-04-2021,112.08000183105469,113.55000305175781,614600,113.94999694824219,112.44999694824219,112.44999694824219
23-04-2021,110.94999694824219,112.37999725341797,604900,113.93000030517578,113.5999984741211,113.5999984741211
26-04-2021,113.13999938964844,113.79000091552734,506900,114.7699966430664,113.3499984741211,113.3499984741211
27-04-2021,112.12000274658203,112.51000213623047,487200,113.73999786376953,112.36000061035156,112.36000061035156
28-04-2021,112.55000305175781,112.9000015258789,689800,114.37000274658203,113.30999755859375,113.30999755859375
29-04-2021,113.33000183105469,113.81999969482422,781100,114.77999877929688,114.47000122070312,114.47000122070312
30-04-2021,112.98999786376953,113.70999908447266,1330200,117.52999877929688,116.52999877929688,116.52999877929688
03-05-2021,117.13999938964844,117.29000091552734,839000,120.98999786376953,120.91999816894531,120.91999816894531
04-05-2021,120.68000030517578,120.9000015258789,715000,123.51000213623047,123.36000061035156,123.36000061035156
05-05-2021,120.9000015258789,123.44999694824219,683600,123.97000122070312,122.5199966430664,122.5199966430664
06-05-2021,121.12000274658203,122.61000061035156,645800,124.55000305175781,124.30000305175781,124.30000305175781
07-05-2021,124.08000183105469,124.30000305175781,482100,126.83000183105469,126.80000305175781,126.80000305175781
10-05-2021,127.05999755859375,127.51000213623047,587100,129.58999633789062,127.9800033569336,127.9800033569336
11-05-2021,124.31999969482422,127.30999755859375,488400,127.30999755859375,124.61000061035156,124.61000061035156
12-05-2021,122.68000030517578,124.6500015258789,547900,125.6500015258789,122.77999877929688,122.77999877929688
13-05-2021,122.51000213623047,122.61000061035156,452200,126.41999816894531,125.94000244140625,125.94000244140625
14-05-2021,125.1500015258789,126.18000030517578,302500,126.45999908447266,125.41000366210938,125.41000366210938
17-05-2021,122.79000091552734,123.91000366210938,631400,124.72000122070312,124.33999633789062,124.33999633789062
18-05-2021,121.5,124.38999938964844,608900,124.63999938964844,122.13999938964844,122.13999938964844
19-05-2021,119.77999877929688,121.66999816894531,675200,122.29000091552734,122.22000122070312,122.22000122070312
20-05-2021,122.08999633789062,122.29000091552734,382200,123.93000030517578,123.05999755859375,123.05999755859375
21-05-2021,122.25,123.37999725341797,475000,124.55999755859375,122.54000091552734,122.54000091552734
24-05-2021,121.80999755859375,123.12000274658203,372200,123.37000274658203,121.83999633789062,121.83999633789062
25-05-2021,120.8499984741211,121.7300033569336,475900,122.30999755859375,120.87000274658203,120.87000274658203
26-05-2021,120.04000091552734,120.68000030517578,731200,121.62999725341797,120.5999984741211,120.5999984741211
27-05-2021,120.12000274658203,121.5199966430664,969100,121.58000183105469,120.66999816894531,120.66999816894531
28-05-2021,119.55999755859375,121.16999816894531,480300,121.16999816894531,120.06999969482422,120.06999969482422
01-06-2021,119.04000091552734,120.3499984741211,482000,120.75,119.86000061035156,119.86000061035156
02-06-2021,119.31999969482422,120.3499984741211,473700,120.4800033569336,119.61000061035156,119.61000061035156
03-06-2021,117.95999908447266,119.19000244140625,426500,121.77999877929688,121.12999725341797,121.12999725341797
04-06-2021,120.0,121.56999969482422,357800,121.61000061035156,120.27999877929688,120.27999877929688
07-06-2021,118.52999877929688,120.7699966430664,528200,120.9000015258789,118.68000030517578,118.68000030517578
08-06-2021,117.54000091552734,118.52999877929688,574000,119.66999816894531,119.47000122070312,119.47000122070312
09-06-2021,119.43000030517578,119.93000030517578,328600,120.8499984741211,120.44000244140625,120.44000244140625
10-06-2021,120.13999938964844,120.47000122070312,465200,121.98999786376953,121.80000305175781,121.80000305175781
11-06-2021,121.30999755859375,122.25,494600,122.81999969482422,122.2699966430664,122.2699966430664
14-06-2021,120.5,122.05999755859375,452500,122.4800033569336,121.55999755859375,121.55999755859375
15-06-2021,121.16000366210938,121.4800033569336,575200,124.61000061035156,123.63999938964844,123.63999938964844
16-06-2021,122.31999969482422,123.45999908447266,567800,124.01000213623047,122.77999877929688,122.77999877929688
17-06-2021,121.73999786376953,122.9800033569336,626600,123.94000244140625,123.61000061035156,123.61000061035156
18-06-2021,121.54000091552734,122.2300033569336,1131500,123.5,121.62999725341797,121.62999725341797
21-06-2021,121.23999786376953,121.52999877929688,657400,124.87999725341797,124.36000061035156,124.36000061035156
22-06-2021,123.18000030517578,124.16000366210938,746500,124.8499984741211,123.19999694824219,123.19999694824219
23-06-2021,120.22000122070312,122.81999969482422,595900,122.91999816894531,120.38999938964844,120.38999938964844
24-06-2021,120.5199966430664,121.37000274658203,376300,122.05000305175781,121.33000183105469,121.33000183105469
25-06-2021,121.0999984741211,121.25,1442900,122.86000061035156,121.66999816894531,121.66999816894531
28-06-2021,120.55000305175781,121.66999816894531,645600,122.33999633789062,121.81999969482422,121.81999969482422
29-06-2021,119.9000015258789,122.26000213623047,537900,122.7699966430664,120.55999755859375,120.55999755859375
30-06-2021,119.83000183105469,120.5,628100,120.9800033569336,120.43000030517578,120.43000030517578
01-07-2021,120.54000091552734,120.70999908447266,619300,123.69999694824219,122.33000183105469,122.33000183105469
02-07-2021,120.68000030517578,122.0999984741211,563000,122.62999725341797,122.44000244140625,122.44000244140625
06-07-2021,119.19000244140625,122.08000183105469,867400,122.36000061035156,120.86000061035156,120.86000061035156
07-07-2021,120.55999755859375,120.55999755859375,719100,122.93000030517578,122.55000305175781,122.55000305175781
08-07-2021,120.27999877929688,121.19999694824219,536300,122.02999877929688,120.72000122070312,120.72000122070312
09-07-2021,121.2699966430664,122.01000213623047,454900,123.08000183105469,122.08999633789062,122.08999633789062
12-07-2021,121.6500015258789,121.6500015258789,403100,124.08999633789062,123.69999694824219,123.69999694824219
13-07-2021,121.12999725341797,123.33999633789062,529500,124.06999969482422,121.45999908447266,121.45999908447266
14-07-2021,120.16000366210938,121.72000122070312,516000,122.0199966430664,121.05000305175781,121.05000305175781
15-07-2021,116.05000305175781,120.45999908447266,1447400,121.91000366210938,119.80999755859375,119.80999755859375
16-07-2021,119.30000305175781,120.0999984741211,480800,120.87999725341797,119.37000274658203,119.37000274658203
19-07-2021,117.02999877929688,118.83000183105469,676500,120.2300033569336,117.81999969482422,117.81999969482422
20-07-2021,118.58999633789062,118.58999633789062,603900,121.11000061035156,119.41000366210938,119.41000366210938
21-07-2021,119.66999816894531,120.0,645500,121.22000122070312,120.0999984741211,120.0999984741211
22-07-2021,119.44999694824219,120.12000274658203,428200,120.75,120.11000061035156,120.11000061035156
23-07-2021,120.33999633789062,121.06999969482422,465200,121.19000244140625,120.61000061035156,120.61000061035156
26-07-2021,118.7699966430664,120.58999633789062,509400,121.20999908447266,119.73999786376953,119.73999786376953
27-07-2021,119.56999969482422,119.95999908447266,455800,120.9000015258789,120.3499984741211,120.3499984741211
28-07-2021,118.08000183105469,120.22000122070312,627000,120.41000366210938,118.83999633789062,118.83999633789062
29-07-2021,118.45999908447266,119.44000244140625,533000,119.95999908447266,119.01000213623047,119.01000213623047
30-07-2021,118.69000244140625,118.69000244140625,689700,120.62999725341797,120.25,120.25
02-08-2021,120.33000183105469,120.44999694824219,656400,122.04000091552734,121.37000274658203,121.37000274658203
03-08-2021,119.55000305175781,121.94000244140625,619500,123.31999969482422,123.1500015258789,123.1500015258789
04-08-2021,127.0,127.0999984741211,2133600,136.47999572753906,133.77999877929688,133.77999877929688
05-08-2021,128.8800048828125,134.07000732421875,1016000,134.07000732421875,130.1300048828125,130.1300048828125
06-08-2021,130.50999450683594,130.50999450683594,523000,133.92999267578125,133.1699981689453,133.1699981689453
09-08-2021,131.58999633789062,133.22999572753906,555900,133.55999755859375,132.55999755859375,132.55999755859375
10-08-2021,131.6999969482422,132.30999755859375,597900,134.47000122070312,132.75,132.75
11-08-2021,131.82000732421875,132.91000366210938,477000,133.6300048828125,132.75,132.75
12-08-2021,130.58999633789062,131.99000549316406,426200,132.1699981689453,131.27000427246094,131.27000427246094
13-08-2021,130.1300048828125,131.77999877929688,328000,132.08999633789062,130.27999877929688,130.27999877929688
16-08-2021,129.4199981689453,130.3000030517578,355900,131.6699981689453,131.61000061035156,131.61000061035156
17-08-2021,130.25,130.88999938964844,476800,133.0,132.61000061035156,132.61000061035156
18-08-2021,130.8000030517578,132.35000610351562,452000,132.83999633789062,130.9199981689453,130.9199981689453
19-08-2021,130.0,130.0,391700,132.52999877929688,132.14999389648438,132.14999389648438
20-08-2021,132.08999633789062,132.22999572753906,435600,133.58999633789062,132.64999389648438,132.64999389648438
23-08-2021,131.61000061035156,133.08999633789062,476800,133.2899932861328,132.42999267578125,132.42999267578125
24-08-2021,131.33999633789062,132.63999938964844,330900,132.99000549316406,131.77000427246094,131.77000427246094
25-08-2021,130.1300048828125,131.3800048828125,394600,131.9199981689453,130.77000427246094,130.77000427246094
26-08-2021,129.27000427246094,130.7899932861328,435700,130.7899932861328,129.9600067138672,129.9600067138672
27-08-2021,129.6300048828125,129.9499969482422,571100,131.66000366210938,130.80999755859375,130.80999755859375
30-08-2021,130.00999450683594,130.7100067138672,322200,132.1300048828125,131.13999938964844,131.13999938964844
31-08-2021,130.27000427246094,130.61000061035156,634300,132.08999633789062,130.77000427246094,130.77000427246094
01-09-2021,128.0800018310547,130.97000122070312,393800,131.1199951171875,130.77000427246094,130.77000427246094
02-09-2021,130.88999938964844,131.38999938964844,488000,133.57000732421875,133.52000427246094,133.52000427246094
03-09-2021,132.00999450683594,133.52000427246094,438000,133.8800048828125,132.1699981689453,132.1699981689453
07-09-2021,130.44000244140625,131.1699981689453,473500,132.25,130.99000549316406,130.99000549316406
08-09-2021,128.86000061035156,130.41000366210938,661800,131.1199951171875,129.07000732421875,129.07000732421875
09-09-2021,129.0,129.2100067138672,467000,130.47000122070312,129.08999633789062,129.08999633789062
10-09-2021,123.04000091552734,128.74000549316406,634600,128.77000427246094,123.05000305175781,123.05000305175781
13-09-2021,122.6500015258789,123.66000366210938,565000,124.72000122070312,124.5999984741211,124.5999984741211
14-09-2021,122.08000183105469,125.18000030517578,619500,125.18000030517578,122.33000183105469,122.33000183105469
15-09-2021,121.0,122.22000122070312,823700,122.91000366210938,121.93000030517578,121.93000030517578
16-09-2021,120.80000305175781,122.56999969482422,790700,123.08999633789062,121.26000213623047,121.26000213623047
17-09-2021,121.0,121.04000091552734,1703000,122.3499984741211,121.55000305175781,121.55000305175781
20-09-2021,118.0199966430664,120.41999816894531,851800,120.63999938964844,119.94999694824219,119.94999694824219
21-09-2021,119.43000030517578,120.88999938964844,803900,121.69999694824219,119.8499984741211,119.8499984741211
22-09-2021,120.0,120.44999694824219,649100,122.47000122070312,121.11000061035156,121.11000061035156
23-09-2021,121.13999938964844,121.13999938964844,758800,122.91000366210938,122.0999984741211,122.0999984741211
24-09-2021,120.7699966430664,121.91999816894531,585000,123.08000183105469,121.0,121.0
27-09-2021,120.4800033569336,120.4800033569336,489600,122.27999877929688,120.68000030517578,120.68000030517578
28-09-2021,119.9800033569336,119.9800033569336,725200,122.30000305175781,121.43000030517578,121.43000030517578
29-09-2021,119.63999938964844,121.37000274658203,696300,122.62999725341797,121.19000244140625,121.19000244140625
30-09-2021,116.19000244140625,121.88999938964844,1113300,121.9800033569336,116.26000213623047,116.26000213623047
01-10-2021,114.83000183105469,116.83000183105469,618600,117.69999694824219,116.94999694824219,116.94999694824219
04-10-2021,115.05000305175781,117.12000274658203,692200,118.43000030517578,115.69999694824219,115.69999694824219
05-10-2021,114.9000015258789,115.69000244140625,813500,117.0,114.98999786376953,114.98999786376953
06-10-2021,112.06999969482422,114.33000183105469,754400,114.76000213623047,114.12999725341797,114.12999725341797
07-10-2021,114.31999969482422,114.58000183105469,603800,115.75,114.47000122070312,114.47000122070312
08-10-2021,113.08000183105469,114.56999969482422,622100,115.2300033569336,113.22000122070312,113.22000122070312
11-10-2021,111.44999694824219,113.13999938964844,529900,114.5199966430664,111.54000091552734,111.54000091552734
12-10-2021,110.30999755859375,111.5199966430664,786900,112.54000091552734,110.73999786376953,110.73999786376953
13-10-2021,109.44000244140625,110.5,730500,110.91000366210938,109.95999908447266,109.95999908447266
14-10-2021,108.6500015258789,110.6500015258789,802700,112.41999816894531,111.47000122070312,111.47000122070312
15-10-2021,111.41000366210938,111.80000305175781,682500,112.76000213623047,112.20999908447266,112.20999908447266
18-10-2021,110.0199966430664,111.94000244140625,560600,112.66999816894531,111.83999633789062,111.83999633789062
19-10-2021,111.86000061035156,112.55999755859375,643300,113.8499984741211,112.9000015258789,112.9000015258789
20-10-2021,113.63999938964844,113.70999908447266,711100,115.63999938964844,114.11000061035156,114.11000061035156
21-10-2021,113.26000213623047,114.33000183105469,506800,115.5,115.41000366210938,115.41000366210938
22-10-2021,114.44999694824219,115.2699966430664,371800,115.8499984741211,115.61000061035156,115.61000061035156
25-10-2021,113.51000213623047,115.5,498100,115.91999816894531,113.86000061035156,113.86000061035156
26-10-2021,110.38500213623047,113.73999786376953,638249,113.62999725341797,112.11000061035156,112.11000061035156
