Date,Low,Open,Volume,High,Close,Adjusted Close
17-03-1980,1.2374999523162842,0.0,14000,1.274999976158142,1.2374999523162842,0.8020278215408325
18-03-1980,1.2000000476837158,0.0,36000,1.2374999523162842,1.2374999523162842,0.8020278215408325
19-03-1980,1.225000023841858,0.0,13000,1.2374999523162842,1.225000023841858,0.7939258813858032
20-03-1980,1.212499976158142,0.0,13000,1.2374999523162842,1.2374999523162842,0.8020278215408325
21-03-1980,1.212499976158142,0.0,29000,1.25,1.25,0.8101288080215454
24-03-1980,1.1749999523162842,0.0,30000,1.225000023841858,1.1875,0.7696220278739929
25-03-1980,1.1124999523162842,0.0,19000,1.162500023841858,1.149999976158142,0.7453186511993408
26-03-1980,1.125,0.0,18000,1.149999976158142,1.149999976158142,0.7453186511993408
27-03-1980,1.024999976158142,0.0,123000,1.125,1.024999976158142,0.664305567741394
28-03-1980,1.0499999523162842,0.0,25000,1.0750000476837158,1.0499999523162842,0.6805077791213989
31-03-1980,1.037500023841858,0.0,19000,1.125,1.125,0.729115903377533
01-04-1980,1.162500023841858,0.0,10000,1.1875,1.1875,0.7696220278739929
02-04-1980,1.1875,0.0,19000,1.2374999523162842,1.212499976158142,0.7858247756958008
03-04-1980,1.225000023841858,0.0,3000,1.2374999523162842,1.2374999523162842,0.8020278215408325
07-04-1980,1.1749999523162842,0.0,7000,1.212499976158142,1.1749999523162842,0.7615211606025696
08-04-1980,1.1375000476837158,0.0,14000,1.162500023841858,1.162500023841858,0.7534197568893433
09-04-1980,1.1375000476837158,0.0,13000,1.162500023841858,1.162500023841858,0.7534197568893433
10-04-1980,1.162500023841858,0.0,11000,1.1875,1.162500023841858,0.7534197568893433
11-04-1980,1.1375000476837158,0.0,16000,1.2000000476837158,1.2000000476837158,0.7777244448661804
14-04-1980,1.2000000476837158,1.2000000476837158,0,1.2000000476837158,1.2000000476837158,0.7777244448661804
15-04-1980,1.1749999523162842,0.0,3000,1.2000000476837158,1.2000000476837158,0.7777244448661804
16-04-1980,1.2000000476837158,1.2000000476837158,0,1.2000000476837158,1.2000000476837158,0.7777244448661804
17-04-1980,1.2000000476837158,0.0,74000,1.2374999523162842,1.2374999523162842,0.8020278215408325
18-04-1980,1.2374999523162842,1.2374999523162842,0,1.2374999523162842,1.2374999523162842,0.8020278215408325
21-04-1980,1.1749999523162842,0.0,21000,1.212499976158142,1.2000000476837158,0.7777244448661804
22-04-1980,1.1749999523162842,0.0,20000,1.2000000476837158,1.1749999523162842,0.7615211606025696
23-04-1980,1.2000000476837158,0.0,41000,1.225000023841858,1.225000023841858,0.7939258813858032
24-04-1980,1.225000023841858,0.0,20000,1.2625000476837158,1.2625000476837158,0.8182300329208374
25-04-1980,1.25,0.0,56000,1.274999976158142,1.274999976158142,0.8263310790061951
28-04-1980,1.25,0.0,42000,1.274999976158142,1.25,0.8101288080215454
29-04-1980,1.25,0.0,22000,1.2625000476837158,1.25,0.8101288080215454
30-04-1980,1.225000023841858,0.0,21000,1.2625000476837158,1.2625000476837158,0.8182300329208374
01-05-1980,1.225000023841858,0.0,11000,1.25,1.25,0.8101288080215454
02-05-1980,1.25,0.0,11000,1.2625000476837158,1.25,0.8101288080215454
05-05-1980,1.212499976158142,0.0,16000,1.25,1.225000023841858,0.7939258813858032
06-05-1980,1.225000023841858,1.225000023841858,0,1.225000023841858,1.225000023841858,0.7939258813858032
07-05-1980,1.225000023841858,0.0,22000,1.287500023841858,1.287500023841858,0.8344324827194214
08-05-1980,1.25,0.0,25000,1.274999976158142,1.25,0.8101288080215454
09-05-1980,1.25,0.0,4000,1.2625000476837158,1.2625000476837158,0.8182300329208374
12-05-1980,1.212499976158142,0.0,15000,1.2374999523162842,1.212499976158142,0.7858247756958008
13-05-1980,1.225000023841858,0.0,20000,1.2625000476837158,1.225000023841858,0.7939258813858032
14-05-1980,1.225000023841858,0.0,4000,1.25,1.225000023841858,0.7939258813858032
15-05-1980,1.25,0.0,22000,1.2625000476837158,1.2625000476837158,0.8182300329208374
16-05-1980,1.25,0.0,3000,1.2625000476837158,1.25,0.8101288080215454
19-05-1980,1.2374999523162842,0.0,47000,1.2999999523162842,1.274999976158142,0.8263310790061951
20-05-1980,1.2625000476837158,0.0,5000,1.2625000476837158,1.2625000476837158,0.8182300329208374
21-05-1980,1.25,0.0,18000,1.2625000476837158,1.2625000476837158,0.8182300329208374
22-05-1980,1.25,0.0,17000,1.274999976158142,1.2625000476837158,0.8182300329208374
23-05-1980,1.25,0.0,18000,1.274999976158142,1.274999976158142,0.8263310790061951
27-05-1980,1.225000023841858,0.0,18000,1.2625000476837158,1.2374999523162842,0.8020278215408325
28-05-1980,1.225000023841858,0.0,4000,1.2374999523162842,1.225000023841858,0.7939258813858032
29-05-1980,1.2000000476837158,0.0,13000,1.225000023841858,1.225000023841858,0.7939258813858032
30-05-1980,1.1749999523162842,0.0,7000,1.2000000476837158,1.2000000476837158,0.7777244448661804
02-06-1980,1.1375000476837158,0.0,15000,1.2000000476837158,1.1375000476837158,0.7372173070907593
03-06-1980,1.1375000476837158,0.0,7000,1.1375000476837158,1.1375000476837158,0.7372173070907593
04-06-1980,1.125,0.0,6000,1.1375000476837158,1.1375000476837158,0.7372173070907593
05-06-1980,1.125,0.0,10000,1.162500023841858,1.149999976158142,0.7453186511993408
06-06-1980,1.1124999523162842,0.0,10000,1.149999976158142,1.149999976158142,0.7453186511993408
09-06-1980,1.1124999523162842,0.0,31000,1.1375000476837158,1.125,0.729115903377533
10-06-1980,1.125,0.0,6000,1.125,1.125,0.729115903377533
11-06-1980,1.1375000476837158,0.0,1000,1.1375000476837158,1.1375000476837158,0.7372173070907593
12-06-1980,1.1375000476837158,0.0,9000,1.149999976158142,1.149999976158142,0.7453186511993408
13-06-1980,1.1375000476837158,0.0,4000,1.149999976158142,1.149999976158142,0.7453186511993408
16-06-1980,1.1375000476837158,0.0,22000,1.149999976158142,1.149999976158142,0.7453186511993408
17-06-1980,1.1749999523162842,0.0,7000,1.1875,1.1875,0.7696220278739929
18-06-1980,1.149999976158142,0.0,17000,1.162500023841858,1.162500023841858,0.7534197568893433
19-06-1980,1.149999976158142,0.0,5000,1.149999976158142,1.149999976158142,0.7453186511993408
20-06-1980,1.149999976158142,0.0,7000,1.149999976158142,1.149999976158142,0.7453186511993408
23-06-1980,1.149999976158142,0.0,14000,1.1749999523162842,1.149999976158142,0.7453186511993408
24-06-1980,1.1375000476837158,0.0,15000,1.149999976158142,1.149999976158142,0.7453186511993408
25-06-1980,1.125,0.0,21000,1.149999976158142,1.149999976158142,0.7453186511993408
26-06-1980,1.149999976158142,0.0,16000,1.162500023841858,1.162500023841858,0.7534197568893433
27-06-1980,1.162500023841858,1.162500023841858,0,1.162500023841858,1.162500023841858,0.7534197568893433
30-06-1980,1.149999976158142,0.0,19000,1.162500023841858,1.162500023841858,0.7534197568893433
01-07-1980,1.162500023841858,0.0,4000,1.162500023841858,1.162500023841858,0.7534197568893433
02-07-1980,1.162500023841858,0.0,7000,1.162500023841858,1.162500023841858,0.7534197568893433
03-07-1980,1.162500023841858,0.0,10000,1.162500023841858,1.162500023841858,0.7534197568893433
07-07-1980,1.162500023841858,0.0,30000,1.225000023841858,1.225000023841858,0.7939258813858032
08-07-1980,1.2374999523162842,0.0,53000,1.3250000476837158,1.3250000476837158,0.8587368726730347
09-07-1980,1.287500023841858,0.0,10000,1.2999999523162842,1.2999999523162842,0.842534065246582
10-07-1980,1.274999976158142,0.0,1000,1.274999976158142,1.274999976158142,0.8263310790061951
11-07-1980,1.274999976158142,0.0,30000,1.2999999523162842,1.274999976158142,0.8263310790061951
14-07-1980,1.287500023841858,0.0,35000,1.3125,1.287500023841858,0.8344324827194214
15-07-1980,1.274999976158142,0.0,33000,1.3125,1.2999999523162842,0.842534065246582
16-07-1980,1.2999999523162842,0.0,3000,1.2999999523162842,1.2999999523162842,0.842534065246582
17-07-1980,1.274999976158142,0.0,2000,1.287500023841858,1.287500023841858,0.8344324827194214
18-07-1980,1.2999999523162842,0.0,6000,1.2999999523162842,1.2999999523162842,0.842534065246582
21-07-1980,1.274999976158142,0.0,15000,1.287500023841858,1.287500023841858,0.8344324827194214
22-07-1980,1.287500023841858,0.0,28000,1.337499976158142,1.337499976158142,0.8668372631072998
23-07-1980,1.3125,0.0,4000,1.3125,1.3125,0.8506351113319397
24-07-1980,1.2999999523162842,0.0,9000,1.3250000476837158,1.3250000476837158,0.8587368726730347
25-07-1980,1.2999999523162842,0.0,7000,1.2999999523162842,1.2999999523162842,0.842534065246582
28-07-1980,1.2999999523162842,0.0,31000,1.375,1.350000023841858,0.8749395608901978
29-07-1980,1.3125,0.0,17000,1.3624999523162842,1.3624999523162842,0.8830401301383972
30-07-1980,1.337499976158142,0.0,9000,1.375,1.375,0.8911418318748474
31-07-1980,1.3875000476837158,0.0,20000,1.399999976158142,1.3875000476837158,0.8992435932159424
01-08-1980,1.350000023841858,0.0,8000,1.3875000476837158,1.3875000476837158,0.8992435932159424
04-08-1980,1.350000023841858,0.0,16000,1.399999976158142,1.3875000476837158,0.8992435932159424
05-08-1980,1.3875000476837158,0.0,13000,1.4249999523162842,1.4249999523162842,0.9235464334487915
06-08-1980,1.375,0.0,5000,1.399999976158142,1.399999976158142,0.9073446393013
07-08-1980,1.399999976158142,0.0,1000,1.399999976158142,1.399999976158142,0.9073446393013
08-08-1980,1.350000023841858,0.0,6000,1.375,1.350000023841858,0.8749395608901978
11-08-1980,1.375,0.0,15000,1.399999976158142,1.399999976158142,0.9073446393013
12-08-1980,1.337499976158142,0.0,12000,1.375,1.337499976158142,0.8668372631072998
13-08-1980,1.3125,0.0,9000,1.337499976158142,1.3250000476837158,0.8587368726730347
14-08-1980,1.3125,0.0,7000,1.3250000476837158,1.3250000476837158,0.8587368726730347
15-08-1980,1.2999999523162842,0.0,3000,1.3250000476837158,1.3250000476837158,0.8587368726730347
18-08-1980,1.2999999523162842,0.0,12000,1.3250000476837158,1.3250000476837158,0.8587368726730347
19-08-1980,1.287500023841858,0.0,12000,1.3125,1.3125,0.8506351113319397
20-08-1980,1.2999999523162842,0.0,4000,1.2999999523162842,1.2999999523162842,0.842534065246582
21-08-1980,1.2999999523162842,0.0,5000,1.2999999523162842,1.2999999523162842,0.842534065246582
22-08-1980,1.274999976158142,0.0,9000,1.287500023841858,1.274999976158142,0.8263310790061951
25-08-1980,1.2625000476837158,0.0,7000,1.274999976158142,1.2625000476837158,0.8182300329208374
26-08-1980,1.25,0.0,18000,1.274999976158142,1.274999976158142,0.8263310790061951
27-08-1980,1.225000023841858,0.0,31000,1.25,1.2374999523162842,0.8020278215408325
28-08-1980,1.212499976158142,0.0,11000,1.2374999523162842,1.212499976158142,0.7858247756958008
29-08-1980,1.212499976158142,0.0,26000,1.25,1.2374999523162842,0.8020278215408325
02-09-1980,1.1875,0.0,40000,1.212499976158142,1.2000000476837158,0.7777244448661804
03-09-1980,1.2000000476837158,0.0,4000,1.2000000476837158,1.2000000476837158,0.7777244448661804
04-09-1980,1.1875,0.0,10000,1.212499976158142,1.1875,0.7696220278739929
05-09-1980,1.1749999523162842,0.0,23000,1.1875,1.1749999523162842,0.7615211606025696
08-09-1980,1.1749999523162842,0.0,8000,1.2000000476837158,1.2000000476837158,0.7777244448661804
09-09-1980,1.1875,0.0,8000,1.2000000476837158,1.2000000476837158,0.7777244448661804
10-09-1980,1.162500023841858,0.0,34000,1.2374999523162842,1.1875,0.7696220278739929
11-09-1980,1.1749999523162842,0.0,18000,1.2000000476837158,1.2000000476837158,0.7777244448661804
12-09-1980,1.2000000476837158,0.0,27000,1.2000000476837158,1.2000000476837158,0.7777244448661804
15-09-1980,1.2000000476837158,0.0,6000,1.212499976158142,1.2000000476837158,0.7777244448661804
16-09-1980,1.1749999523162842,0.0,6000,1.1875,1.1749999523162842,0.7615211606025696
17-09-1980,1.2000000476837158,0.0,24000,1.2374999523162842,1.212499976158142,0.7858247756958008
18-09-1980,1.212499976158142,0.0,34000,1.225000023841858,1.225000023841858,0.7939258813858032
19-09-1980,1.1875,0.0,12000,1.212499976158142,1.1875,0.7696220278739929
22-09-1980,1.2000000476837158,0.0,12000,1.2374999523162842,1.2374999523162842,0.8020278215408325
23-09-1980,1.25,0.0,26000,1.274999976158142,1.274999976158142,0.8263310790061951
24-09-1980,1.274999976158142,0.0,9000,1.274999976158142,1.274999976158142,0.8263310790061951
25-09-1980,1.274999976158142,0.0,8000,1.287500023841858,1.274999976158142,0.8263310790061951
26-09-1980,1.25,0.0,7000,1.2625000476837158,1.25,0.8101288080215454
29-09-1980,1.2374999523162842,0.0,15000,1.25,1.25,0.8101288080215454
30-09-1980,1.2625000476837158,0.0,8000,1.287500023841858,1.274999976158142,0.8263310790061951
01-10-1980,1.2625000476837158,0.0,6000,1.274999976158142,1.2625000476837158,0.8182300329208374
02-10-1980,1.2374999523162842,0.0,5000,1.2374999523162842,1.2374999523162842,0.8020278215408325
03-10-1980,1.2374999523162842,0.0,2000,1.2374999523162842,1.2374999523162842,0.8020278215408325
06-10-1980,1.2374999523162842,0.0,6000,1.2374999523162842,1.2374999523162842,0.8020278215408325
07-10-1980,1.2374999523162842,0.0,18000,1.287500023841858,1.287500023841858,0.8344324827194214
08-10-1980,1.2625000476837158,0.0,6000,1.287500023841858,1.2625000476837158,0.8182300329208374
09-10-1980,1.212499976158142,0.0,24000,1.2625000476837158,1.225000023841858,0.7939258813858032
10-10-1980,1.212499976158142,0.0,10000,1.25,1.2374999523162842,0.8020278215408325
13-10-1980,1.2625000476837158,0.0,24000,1.287500023841858,1.287500023841858,0.8344324827194214
14-10-1980,1.2625000476837158,0.0,69000,1.3250000476837158,1.3250000476837158,0.8587368726730347
15-10-1980,1.287500023841858,0.0,14000,1.3125,1.287500023841858,0.8344324827194214
16-10-1980,1.3125,0.0,24000,1.350000023841858,1.3250000476837158,0.8587368726730347
17-10-1980,1.3125,0.0,5000,1.3125,1.3125,0.8506351113319397
20-10-1980,1.3250000476837158,0.0,7000,1.337499976158142,1.337499976158142,0.8668372631072998
21-10-1980,1.287500023841858,0.0,27000,1.3250000476837158,1.287500023841858,0.8344324827194214
22-10-1980,1.25,0.0,9000,1.2625000476837158,1.25,0.8101288080215454
23-10-1980,1.2374999523162842,0.0,8000,1.2625000476837158,1.2625000476837158,0.8182300329208374
24-10-1980,1.2625000476837158,0.0,10000,1.274999976158142,1.2625000476837158,0.8182300329208374
27-10-1980,1.25,0.0,29000,1.2625000476837158,1.25,0.8101288080215454
28-10-1980,1.25,0.0,15000,1.274999976158142,1.274999976158142,0.8263310790061951
29-10-1980,1.2625000476837158,0.0,15000,1.274999976158142,1.274999976158142,0.8263310790061951
30-10-1980,1.1875,0.0,42000,1.25,1.2000000476837158,0.7777244448661804
31-10-1980,1.1749999523162842,0.0,10000,1.1875,1.1749999523162842,0.7615211606025696
03-11-1980,1.2000000476837158,0.0,8000,1.212499976158142,1.2000000476837158,0.7777244448661804
05-11-1980,1.1875,0.0,18000,1.25,1.1875,0.7696220278739929
06-11-1980,1.1749999523162842,0.0,25000,1.1875,1.1749999523162842,0.7615211606025696
07-11-1980,1.1749999523162842,0.0,5000,1.1749999523162842,1.1749999523162842,0.7615211606025696
10-11-1980,1.125,0.0,10000,1.149999976158142,1.125,0.729115903377533
11-11-1980,1.1375000476837158,0.0,4000,1.149999976158142,1.149999976158142,0.7453186511993408
12-11-1980,1.125,0.0,16000,1.149999976158142,1.125,0.729115903377533
13-11-1980,1.100000023841858,0.0,19000,1.1124999523162842,1.1124999523162842,0.7210144996643066
14-11-1980,1.087499976158142,0.0,26000,1.125,1.100000023841858,0.7129132747650146
17-11-1980,1.087499976158142,0.0,31000,1.100000023841858,1.100000023841858,0.7129132747650146
18-11-1980,1.0750000476837158,0.0,48000,1.125,1.125,0.729115903377533
19-11-1980,1.0625,0.0,64000,1.149999976158142,1.100000023841858,0.7129132747650146
20-11-1980,1.0750000476837158,0.0,15000,1.100000023841858,1.087499976158142,0.7048121094703674
21-11-1980,1.087499976158142,0.0,27000,1.1124999523162842,1.087499976158142,0.7048121094703674
24-11-1980,1.0750000476837158,0.0,66000,1.1124999523162842,1.087499976158142,0.7048121094703674
25-11-1980,1.087499976158142,0.0,74000,1.1124999523162842,1.087499976158142,0.7048121094703674
26-11-1980,1.087499976158142,0.0,59000,1.1124999523162842,1.087499976158142,0.7048121094703674
28-11-1980,1.0750000476837158,0.0,26000,1.100000023841858,1.0750000476837158,0.6967108249664307
01-12-1980,1.0750000476837158,0.0,16000,1.100000023841858,1.100000023841858,0.7129132747650146
02-12-1980,1.0750000476837158,0.0,4000,1.0750000476837158,1.0750000476837158,0.6967108249664307
03-12-1980,1.0625,0.0,7000,1.0750000476837158,1.0625,0.6886094212532043
04-12-1980,1.0499999523162842,0.0,14000,1.0750000476837158,1.0499999523162842,0.6805077791213989
05-12-1980,1.037500023841858,0.0,19000,1.0750000476837158,1.0499999523162842,0.6805077791213989
08-12-1980,1.0499999523162842,0.0,14000,1.0750000476837158,1.0499999523162842,0.6805077791213989
09-12-1980,1.0625,0.0,11000,1.0750000476837158,1.0750000476837158,0.6967108249664307
10-12-1980,1.0750000476837158,0.0,30000,1.100000023841858,1.0750000476837158,0.6967108249664307
11-12-1980,1.0750000476837158,0.0,20000,1.0750000476837158,1.0750000476837158,0.6967108249664307
12-12-1980,1.0750000476837158,0.0,8000,1.087499976158142,1.087499976158142,0.7048121094703674
15-12-1980,1.0750000476837158,0.0,21000,1.100000023841858,1.100000023841858,0.7129132747650146
16-12-1980,1.087499976158142,0.0,12000,1.087499976158142,1.087499976158142,0.7048121094703674
17-12-1980,1.087499976158142,0.0,21000,1.087499976158142,1.087499976158142,0.7048121094703674
18-12-1980,1.100000023841858,0.0,5000,1.1124999523162842,1.100000023841858,0.7129132747650146
19-12-1980,1.100000023841858,0.0,18000,1.100000023841858,1.100000023841858,0.7129132747650146
22-12-1980,1.087499976158142,0.0,23000,1.125,1.125,0.729115903377533
23-12-1980,1.087499976158142,0.0,13000,1.100000023841858,1.087499976158142,0.7048121094703674
24-12-1980,1.0750000476837158,0.0,56000,1.100000023841858,1.100000023841858,0.7129132747650146
26-12-1980,1.087499976158142,0.0,71000,1.1124999523162842,1.087499976158142,0.7048121094703674
29-12-1980,1.0750000476837158,0.0,43000,1.0750000476837158,1.0750000476837158,0.6967108249664307
30-12-1980,1.0750000476837158,0.0,38000,1.100000023841858,1.087499976158142,0.7048121094703674
31-12-1980,1.087499976158142,0.0,35000,1.100000023841858,1.087499976158142,0.7048121094703674
02-01-1981,1.087499976158142,0.0,16000,1.087499976158142,1.087499976158142,0.7048121094703674
05-01-1981,1.1124999523162842,0.0,31000,1.1749999523162842,1.1749999523162842,0.7615211606025696
06-01-1981,1.162500023841858,0.0,13000,1.1875,1.1875,0.7696220278739929
07-01-1981,1.149999976158142,0.0,79000,1.2000000476837158,1.2000000476837158,0.7777244448661804
08-01-1981,1.2000000476837158,0.0,85000,1.225000023841858,1.225000023841858,0.7939258813858032
09-01-1981,1.2000000476837158,0.0,48000,1.212499976158142,1.2000000476837158,0.7777244448661804
12-01-1981,1.1749999523162842,0.0,22000,1.212499976158142,1.1749999523162842,0.7615211606025696
13-01-1981,1.1749999523162842,0.0,2000,1.1749999523162842,1.1749999523162842,0.7615211606025696
14-01-1981,1.162500023841858,0.0,22000,1.2000000476837158,1.162500023841858,0.7534197568893433
15-01-1981,1.125,0.0,7000,1.1375000476837158,1.125,0.729115903377533
16-01-1981,1.149999976158142,0.0,28000,1.162500023841858,1.162500023841858,0.7534197568893433
19-01-1981,1.1375000476837158,0.0,4000,1.162500023841858,1.1375000476837158,0.7372173070907593
20-01-1981,1.149999976158142,0.0,13000,1.1749999523162842,1.149999976158142,0.7453186511993408
21-01-1981,1.162500023841858,0.0,7000,1.162500023841858,1.162500023841858,0.7534197568893433
22-01-1981,1.149999976158142,0.0,18000,1.1749999523162842,1.149999976158142,0.7453186511993408
23-01-1981,1.125,0.0,14000,1.1375000476837158,1.125,0.729115903377533
26-01-1981,1.1375000476837158,0.0,7000,1.1375000476837158,1.1375000476837158,0.7372173070907593
27-01-1981,1.1375000476837158,0.0,10000,1.1375000476837158,1.1375000476837158,0.7372173070907593
28-01-1981,1.1375000476837158,1.1375000476837158,0,1.1375000476837158,1.1375000476837158,0.7372173070907593
29-01-1981,1.162500023841858,0.0,3000,1.162500023841858,1.162500023841858,0.7534197568893433
30-01-1981,1.162500023841858,0.0,19000,1.212499976158142,1.212499976158142,0.7858247756958008
02-02-1981,1.1875,0.0,9000,1.212499976158142,1.212499976158142,0.7858247756958008
03-02-1981,1.212499976158142,0.0,4000,1.212499976158142,1.212499976158142,0.7858247756958008
04-02-1981,1.212499976158142,0.0,28000,1.25,1.25,0.8101288080215454
05-02-1981,1.274999976158142,0.0,58000,1.3125,1.3125,0.8506351113319397
06-02-1981,1.3250000476837158,0.0,32000,1.3875000476837158,1.3250000476837158,0.8587368726730347
09-02-1981,1.287500023841858,0.0,16000,1.3125,1.2999999523162842,0.842534065246582
10-02-1981,1.274999976158142,0.0,29000,1.3125,1.287500023841858,0.8344324827194214
11-02-1981,1.274999976158142,0.0,16000,1.3125,1.274999976158142,0.8263310790061951
12-02-1981,1.25,0.0,3000,1.2625000476837158,1.25,0.8101288080215454
13-02-1981,1.25,0.0,5000,1.2625000476837158,1.2625000476837158,0.8182300329208374
17-02-1981,1.2374999523162842,0.0,16000,1.2625000476837158,1.2625000476837158,0.8182300329208374
18-02-1981,1.2374999523162842,0.0,19000,1.274999976158142,1.274999976158142,0.8263310790061951
19-02-1981,1.2999999523162842,0.0,39000,1.3125,1.2999999523162842,0.842534065246582
20-02-1981,1.3125,0.0,79000,1.3875000476837158,1.350000023841858,0.8749395608901978
23-02-1981,1.350000023841858,0.0,22000,1.350000023841858,1.350000023841858,0.8749395608901978
24-02-1981,1.350000023841858,0.0,35000,1.3875000476837158,1.350000023841858,0.8749395608901978
25-02-1981,1.3250000476837158,0.0,13000,1.337499976158142,1.3250000476837158,0.8587368726730347
26-02-1981,1.3250000476837158,0.0,15000,1.3250000476837158,1.3250000476837158,0.8587368726730347
27-02-1981,1.3125,0.0,11000,1.337499976158142,1.337499976158142,0.8668372631072998
02-03-1981,1.3125,0.0,2000,1.3250000476837158,1.3125,0.8506351113319397
03-03-1981,1.3125,1.3125,0,1.3125,1.3125,0.8506351113319397
04-03-1981,1.2999999523162842,0.0,79000,1.337499976158142,1.337499976158142,0.8668372631072998
05-03-1981,1.3125,0.0,2000,1.3125,1.3125,0.8506351113319397
06-03-1981,1.2999999523162842,0.0,5000,1.2999999523162842,1.2999999523162842,0.842534065246582
09-03-1981,1.287500023841858,0.0,11000,1.3125,1.3125,0.8506351113319397
10-03-1981,1.2999999523162842,0.0,10000,1.2999999523162842,1.2999999523162842,0.842534065246582
11-03-1981,1.2999999523162842,0.0,8000,1.2999999523162842,1.2999999523162842,0.842534065246582
12-03-1981,1.287500023841858,0.0,4000,1.287500023841858,1.287500023841858,0.8344324827194214
13-03-1981,1.287500023841858,0.0,7000,1.2999999523162842,1.2999999523162842,0.842534065246582
16-03-1981,1.287500023841858,0.0,17000,1.3125,1.3125,0.8506351113319397
17-03-1981,1.3125,0.0,25000,1.350000023841858,1.3125,0.8506351113319397
18-03-1981,1.3125,0.0,9000,1.3125,1.3125,0.8506351113319397
19-03-1981,1.3125,0.0,9000,1.3125,1.3125,0.8506351113319397
20-03-1981,1.3125,0.0,10000,1.3250000476837158,1.3125,0.8506351113319397
23-03-1981,1.3250000476837158,0.0,21000,1.3624999523162842,1.350000023841858,0.8749395608901978
24-03-1981,1.375,0.0,198000,1.4500000476837158,1.4375,0.9316484928131104
25-03-1981,1.412500023841858,0.0,129000,1.5499999523162842,1.537500023841858,0.9964583516120911
26-03-1981,1.462499976158142,0.0,55000,1.537500023841858,1.5,0.9721547961235046
27-03-1981,1.4375,0.0,9000,1.462499976158142,1.4375,0.9316484928131104
30-03-1981,1.4249999523162842,0.0,25000,1.475000023841858,1.4249999523162842,0.9235464334487915
31-03-1981,1.4500000476837158,0.0,33000,1.5125000476837158,1.4874999523162842,0.9640532732009888
01-04-1981,1.4249999523162842,0.0,33000,1.4874999523162842,1.4249999523162842,0.9235464334487915
02-04-1981,1.412500023841858,0.0,5000,1.4249999523162842,1.412500023841858,0.9154453277587891
03-04-1981,1.399999976158142,0.0,17000,1.4249999523162842,1.4249999523162842,0.9235464334487915
06-04-1981,1.3624999523162842,0.0,16000,1.4375,1.3624999523162842,0.8830401301383972
07-04-1981,1.350000023841858,0.0,13000,1.399999976158142,1.350000023841858,0.8749395608901978
08-04-1981,1.350000023841858,0.0,7000,1.3875000476837158,1.3875000476837158,0.8992435932159424
09-04-1981,1.350000023841858,0.0,11000,1.375,1.375,0.8911418318748474
10-04-1981,1.375,0.0,1000,1.375,1.375,0.8911418318748474
13-04-1981,1.3125,0.0,102000,1.4874999523162842,1.4874999523162842,0.9640532732009888
14-04-1981,1.4500000476837158,0.0,19000,1.4874999523162842,1.4500000476837158,0.9397494196891785
15-04-1981,1.399999976158142,0.0,10000,1.4249999523162842,1.412500023841858,0.9154453277587891
16-04-1981,1.375,0.0,22000,1.412500023841858,1.375,0.8911418318748474
20-04-1981,1.3624999523162842,0.0,9000,1.375,1.375,0.8911418318748474
21-04-1981,1.350000023841858,0.0,27000,1.375,1.350000023841858,0.8749395608901978
22-04-1981,1.337499976158142,0.0,16000,1.3624999523162842,1.337499976158142,0.8668372631072998
23-04-1981,1.375,0.0,24000,1.399999976158142,1.399999976158142,0.9073446393013
24-04-1981,1.375,0.0,46000,1.4500000476837158,1.412500023841858,0.9154453277587891
27-04-1981,1.412500023841858,0.0,23000,1.4375,1.412500023841858,0.9154453277587891
28-04-1981,1.399999976158142,0.0,63000,1.4375,1.399999976158142,0.9073446393013
29-04-1981,1.375,0.0,14000,1.399999976158142,1.375,0.8911418318748474
30-04-1981,1.399999976158142,0.0,36000,1.4249999523162842,1.399999976158142,0.9073446393013
01-05-1981,1.375,0.0,18000,1.399999976158142,1.375,0.8911418318748474
04-05-1981,1.3624999523162842,0.0,19000,1.3875000476837158,1.3624999523162842,0.8830401301383972
05-05-1981,1.3624999523162842,0.0,23000,1.375,1.3624999523162842,0.8830401301383972
06-05-1981,1.350000023841858,0.0,15000,1.375,1.375,0.8911418318748474
07-05-1981,1.375,0.0,7000,1.3875000476837158,1.3875000476837158,0.8992435932159424
08-05-1981,1.399999976158142,0.0,36000,1.399999976158142,1.399999976158142,0.9073446393013
11-05-1981,1.412500023841858,0.0,4000,1.4249999523162842,1.4249999523162842,0.9235464334487915
12-05-1981,1.3875000476837158,0.0,27000,1.412500023841858,1.399999976158142,0.9073446393013
13-05-1981,1.3624999523162842,0.0,8000,1.399999976158142,1.3624999523162842,0.8830401301383972
14-05-1981,1.375,0.0,14000,1.399999976158142,1.3875000476837158,0.8992435932159424
15-05-1981,1.3624999523162842,0.0,29000,1.399999976158142,1.3624999523162842,0.8830401301383972
18-05-1981,1.337499976158142,0.0,53000,1.399999976158142,1.350000023841858,0.8749395608901978
19-05-1981,1.287500023841858,0.0,52000,1.375,1.287500023841858,0.8344324827194214
20-05-1981,1.2999999523162842,0.0,16000,1.3125,1.2999999523162842,0.842534065246582
21-05-1981,1.3250000476837158,0.0,12000,1.3250000476837158,1.3250000476837158,0.8587368726730347
22-05-1981,1.3125,0.0,7000,1.337499976158142,1.337499976158142,0.8668372631072998
26-05-1981,1.2999999523162842,0.0,31000,1.3125,1.3125,0.8506351113319397
27-05-1981,1.3125,0.0,40000,1.3250000476837158,1.3125,0.8506351113319397
28-05-1981,1.3125,0.0,32000,1.3125,1.3125,0.8506351113319397
29-05-1981,1.2999999523162842,0.0,35000,1.3250000476837158,1.2999999523162842,0.842534065246582
01-06-1981,1.2999999523162842,0.0,26000,1.337499976158142,1.337499976158142,0.8668372631072998
02-06-1981,1.3624999523162842,0.0,310000,1.399999976158142,1.399999976158142,0.9073446393013
03-06-1981,1.412500023841858,0.0,50000,1.4500000476837158,1.4375,0.9316484928131104
04-06-1981,1.4500000476837158,0.0,76000,1.4874999523162842,1.4500000476837158,0.9397494196891785
05-06-1981,1.475000023841858,0.0,231000,1.537500023841858,1.5125000476837158,0.9802556037902832
08-06-1981,1.537500023841858,0.0,86000,1.5750000476837158,1.5625,1.0126608610153198
09-06-1981,1.475000023841858,0.0,42000,1.5499999523162842,1.475000023841858,0.9559517502784729
10-06-1981,1.5,0.0,56000,1.5125000476837158,1.5125000476837158,0.9802556037902832
11-06-1981,1.5,0.0,80000,1.5750000476837158,1.5750000476837158,1.0207626819610596
12-06-1981,1.5499999523162842,0.0,96000,1.587499976158142,1.5750000476837158,1.0207626819610596
15-06-1981,1.5750000476837158,0.0,87000,1.6124999523162842,1.6124999523162842,1.0450657606124878
16-06-1981,1.5625,0.0,62000,1.600000023841858,1.587499976158142,1.0288636684417725
17-06-1981,1.5750000476837158,0.0,62000,1.649999976158142,1.625,1.0531672239303589
18-06-1981,1.6124999523162842,0.0,48000,1.662500023841858,1.6124999523162842,1.0450657606124878
19-06-1981,1.5750000476837158,0.0,43000,1.625,1.587499976158142,1.0288636684417725
22-06-1981,1.6124999523162842,0.0,69000,1.6749999523162842,1.6375000476837158,1.0612685680389404
23-06-1981,1.6375000476837158,0.0,123000,1.712499976158142,1.6875,1.093673586845398
24-06-1981,1.712499976158142,0.0,56000,1.725000023841858,1.712499976158142,1.1098761558532715
25-06-1981,1.712499976158142,0.0,67000,1.75,1.725000023841858,1.1179782152175903
26-06-1981,1.712499976158142,0.0,78000,1.7374999523162842,1.7374999523162842,1.1260792016983032
29-06-1981,1.662500023841858,0.0,102000,1.7625000476837158,1.662500023841858,1.077471137046814
30-06-1981,1.649999976158142,0.0,249000,1.6875,1.649999976158142,1.0693700313568115
01-07-1981,1.625,0.0,23000,1.6749999523162842,1.649999976158142,1.0693700313568115
02-07-1981,1.625,0.0,45000,1.7000000476837158,1.625,1.0531672239303589
06-07-1981,1.5750000476837158,0.0,5000,1.600000023841858,1.5750000476837158,1.0207626819610596
07-07-1981,1.524999976158142,0.0,13000,1.5625,1.524999976158142,0.9883571863174438
08-07-1981,1.5499999523162842,0.0,11000,1.600000023841858,1.5750000476837158,1.0207626819610596
09-07-1981,1.5499999523162842,0.0,3000,1.5625,1.5625,1.0126608610153198
10-07-1981,1.537500023841858,0.0,17000,1.5750000476837158,1.537500023841858,0.9964583516120911
13-07-1981,1.537500023841858,0.0,11000,1.5750000476837158,1.5499999523162842,1.0045592784881592
14-07-1981,1.5125000476837158,0.0,36000,1.537500023841858,1.5125000476837158,0.9802556037902832
15-07-1981,1.5125000476837158,0.0,7000,1.524999976158142,1.524999976158142,0.9883571863174438
16-07-1981,1.5125000476837158,0.0,6000,1.537500023841858,1.524999976158142,0.9883571863174438
17-07-1981,1.5125000476837158,0.0,16000,1.524999976158142,1.524999976158142,0.9883571863174438
20-07-1981,1.5125000476837158,0.0,17000,1.524999976158142,1.5125000476837158,0.9802556037902832
21-07-1981,1.5125000476837158,0.0,17000,1.537500023841858,1.537500023841858,0.9964583516120911
22-07-1981,1.5125000476837158,0.0,8000,1.537500023841858,1.537500023841858,0.9964583516120911
23-07-1981,1.5125000476837158,0.0,3000,1.5125000476837158,1.5125000476837158,0.9802556037902832
24-07-1981,1.5125000476837158,0.0,21000,1.524999976158142,1.5125000476837158,0.9802556037902832
27-07-1981,1.537500023841858,0.0,10000,1.5625,1.5499999523162842,1.0045592784881592
28-07-1981,1.5125000476837158,0.0,14000,1.5499999523162842,1.5125000476837158,0.9802556037902832
29-07-1981,1.5125000476837158,0.0,3000,1.5125000476837158,1.5125000476837158,0.9802556037902832
30-07-1981,1.5125000476837158,0.0,22000,1.524999976158142,1.5125000476837158,0.9802556037902832
31-07-1981,1.5125000476837158,0.0,16000,1.524999976158142,1.5125000476837158,0.9802556037902832
03-08-1981,1.5125000476837158,0.0,16000,1.524999976158142,1.524999976158142,0.9883571863174438
04-08-1981,1.524999976158142,1.524999976158142,0,1.524999976158142,1.524999976158142,0.9883571863174438
05-08-1981,1.524999976158142,0.0,15000,1.537500023841858,1.524999976158142,0.9883571863174438
06-08-1981,1.524999976158142,0.0,8000,1.524999976158142,1.524999976158142,0.9883571863174438
07-08-1981,1.524999976158142,0.0,6000,1.524999976158142,1.524999976158142,0.9883571863174438
10-08-1981,1.537500023841858,0.0,7000,1.537500023841858,1.537500023841858,0.9964583516120911
11-08-1981,1.5125000476837158,0.0,87000,1.537500023841858,1.5125000476837158,0.9802556037902832
12-08-1981,1.5125000476837158,0.0,5000,1.537500023841858,1.537500023841858,0.9964583516120911
13-08-1981,1.524999976158142,0.0,8000,1.524999976158142,1.524999976158142,0.9883571863174438
14-08-1981,1.5125000476837158,0.0,34000,1.537500023841858,1.5125000476837158,0.9802556037902832
17-08-1981,1.5,0.0,15000,1.524999976158142,1.5,0.9721547961235046
18-08-1981,1.5,0.0,4000,1.524999976158142,1.5,0.9721547961235046
19-08-1981,1.5,0.0,23000,1.524999976158142,1.524999976158142,0.9883571863174438
20-08-1981,1.524999976158142,0.0,10000,1.537500023841858,1.524999976158142,0.9883571863174438
21-08-1981,1.4874999523162842,0.0,11000,1.524999976158142,1.5,0.9721547961235046
24-08-1981,1.5,0.0,13000,1.524999976158142,1.5,0.9721547961235046
25-08-1981,1.462499976158142,0.0,15000,1.4874999523162842,1.462499976158142,0.9478503465652466
26-08-1981,1.4249999523162842,0.0,24000,1.475000023841858,1.4500000476837158,0.9397494196891785
27-08-1981,1.462499976158142,0.0,23000,1.4874999523162842,1.4874999523162842,0.9640532732009888
28-08-1981,1.4874999523162842,0.0,7000,1.4874999523162842,1.4874999523162842,0.9640532732009888
31-08-1981,1.462499976158142,0.0,46000,1.5,1.462499976158142,0.9478503465652466
01-09-1981,1.4500000476837158,0.0,21000,1.4874999523162842,1.4500000476837158,0.9397494196891785
02-09-1981,1.4375,0.0,4000,1.462499976158142,1.462499976158142,0.9478503465652466
03-09-1981,1.4375,0.0,1000,1.4375,1.4375,0.9316484928131104
04-09-1981,1.399999976158142,0.0,16000,1.4249999523162842,1.399999976158142,0.9073446393013
08-09-1981,1.350000023841858,0.0,16000,1.399999976158142,1.350000023841858,0.8749395608901978
09-09-1981,1.2999999523162842,0.0,33000,1.337499976158142,1.2999999523162842,0.842534065246582
10-09-1981,1.3250000476837158,0.0,26000,1.350000023841858,1.3250000476837158,0.8587368726730347
11-09-1981,1.3250000476837158,0.0,9000,1.337499976158142,1.337499976158142,0.8668372631072998
14-09-1981,1.350000023841858,0.0,20000,1.399999976158142,1.3624999523162842,0.8830401301383972
15-09-1981,1.350000023841858,0.0,13000,1.3624999523162842,1.350000023841858,0.8749395608901978
16-09-1981,1.337499976158142,0.0,17000,1.375,1.337499976158142,0.8668372631072998
17-09-1981,1.337499976158142,0.0,4000,1.350000023841858,1.337499976158142,0.8668372631072998
18-09-1981,1.337499976158142,0.0,31000,1.3875000476837158,1.350000023841858,0.8749395608901978
21-09-1981,1.3250000476837158,0.0,7000,1.350000023841858,1.350000023841858,0.8749395608901978
22-09-1981,1.350000023841858,0.0,8000,1.3624999523162842,1.3624999523162842,0.8830401301383972
23-09-1981,1.3624999523162842,1.3624999523162842,0,1.3624999523162842,1.3624999523162842,0.8830401301383972
24-09-1981,1.375,0.0,9000,1.399999976158142,1.375,0.8911418318748474
25-09-1981,1.3125,0.0,13000,1.399999976158142,1.337499976158142,0.8668372631072998
28-09-1981,1.350000023841858,0.0,14000,1.375,1.375,0.8911418318748474
29-09-1981,1.350000023841858,0.0,12000,1.375,1.375,0.8911418318748474
30-09-1981,1.375,0.0,12000,1.399999976158142,1.375,0.8911418318748474
01-10-1981,1.3624999523162842,0.0,3000,1.3624999523162842,1.3624999523162842,0.8830401301383972
02-10-1981,1.3875000476837158,0.0,21000,1.4375,1.4249999523162842,0.9235464334487915
05-10-1981,1.4249999523162842,0.0,15000,1.462499976158142,1.4249999523162842,0.9235464334487915
06-10-1981,1.412500023841858,0.0,15000,1.462499976158142,1.412500023841858,0.9154453277587891
07-10-1981,1.399999976158142,0.0,3000,1.399999976158142,1.399999976158142,0.9073446393013
08-10-1981,1.399999976158142,0.0,1000,1.399999976158142,1.399999976158142,0.9073446393013
09-10-1981,1.337499976158142,0.0,22000,1.399999976158142,1.375,0.8911418318748474
12-10-1981,1.3875000476837158,0.0,6000,1.399999976158142,1.399999976158142,0.9073446393013
13-10-1981,1.3875000476837158,0.0,7000,1.3875000476837158,1.3875000476837158,0.8992435932159424
14-10-1981,1.399999976158142,0.0,3000,1.412500023841858,1.412500023841858,0.9154453277587891
15-10-1981,1.3875000476837158,0.0,1000,1.3875000476837158,1.3875000476837158,0.8992435932159424
16-10-1981,1.3624999523162842,0.0,6000,1.375,1.3624999523162842,0.8830401301383972
19-10-1981,1.3875000476837158,0.0,5000,1.3875000476837158,1.3875000476837158,0.8992435932159424
20-10-1981,1.375,0.0,10000,1.399999976158142,1.399999976158142,0.9073446393013
21-10-1981,1.399999976158142,0.0,10000,1.412500023841858,1.412500023841858,0.9154453277587891
22-10-1981,1.375,0.0,11000,1.3875000476837158,1.375,0.8911418318748474
23-10-1981,1.3624999523162842,0.0,14000,1.399999976158142,1.399999976158142,0.9073446393013
26-10-1981,1.375,0.0,10000,1.412500023841858,1.412500023841858,0.9154453277587891
27-10-1981,1.375,0.0,16000,1.4249999523162842,1.4249999523162842,0.9235464334487915
28-10-1981,1.4249999523162842,0.0,5000,1.4375,1.4249999523162842,0.9235464334487915
29-10-1981,1.4249999523162842,0.0,11000,1.462499976158142,1.4249999523162842,0.9235464334487915
30-10-1981,1.4500000476837158,0.0,17000,1.537500023841858,1.537500023841858,0.9964583516120911
02-11-1981,1.537500023841858,0.0,33000,1.5750000476837158,1.5625,1.0126608610153198
03-11-1981,1.5750000476837158,0.0,3000,1.587499976158142,1.587499976158142,1.0288636684417725
04-11-1981,1.5499999523162842,0.0,39000,1.649999976158142,1.6375000476837158,1.0612685680389404
05-11-1981,1.649999976158142,0.0,35000,1.6875,1.6749999523162842,1.0855728387832642
06-11-1981,1.600000023841858,0.0,33000,1.649999976158142,1.649999976158142,1.0693700313568115
09-11-1981,1.600000023841858,0.0,40000,1.649999976158142,1.649999976158142,1.0693700313568115
10-11-1981,1.6124999523162842,0.0,38000,1.649999976158142,1.649999976158142,1.0693700313568115
11-11-1981,1.662500023841858,0.0,34000,1.7000000476837158,1.662500023841858,1.077471137046814
12-11-1981,1.6749999523162842,0.0,60000,1.725000023841858,1.725000023841858,1.1179782152175903
13-11-1981,1.6875,0.0,34000,1.7374999523162842,1.7000000476837158,1.1017751693725586
16-11-1981,1.649999976158142,0.0,5000,1.6875,1.649999976158142,1.0693700313568115
17-11-1981,1.6375000476837158,0.0,26000,1.662500023841858,1.662500023841858,1.077471137046814
18-11-1981,1.662500023841858,0.0,9000,1.6875,1.6749999523162842,1.0855728387832642
19-11-1981,1.6375000476837158,0.0,23000,1.6749999523162842,1.6375000476837158,1.0612685680389404
20-11-1981,1.5625,0.0,42000,1.625,1.587499976158142,1.0288636684417725
23-11-1981,1.5750000476837158,0.0,8000,1.587499976158142,1.587499976158142,1.0288636684417725
24-11-1981,1.5625,0.0,8000,1.587499976158142,1.5625,1.0126608610153198
25-11-1981,1.587499976158142,0.0,12000,1.600000023841858,1.600000023841858,1.0369646549224854
27-11-1981,1.625,0.0,18000,1.625,1.625,1.0531672239303589
30-11-1981,1.625,0.0,26000,1.649999976158142,1.6375000476837158,1.0612685680389404
01-12-1981,1.625,0.0,15000,1.649999976158142,1.649999976158142,1.0693700313568115
02-12-1981,1.649999976158142,0.0,45000,1.662500023841858,1.649999976158142,1.0693700313568115
03-12-1981,1.625,0.0,20000,1.649999976158142,1.6375000476837158,1.0612685680389404
04-12-1981,1.649999976158142,0.0,24000,1.6749999523162842,1.649999976158142,1.0693700313568115
07-12-1981,1.662500023841858,0.0,9000,1.6749999523162842,1.6749999523162842,1.0855728387832642
08-12-1981,1.6749999523162842,0.0,17000,1.6749999523162842,1.6749999523162842,1.0855728387832642
09-12-1981,1.649999976158142,0.0,21000,1.6875,1.649999976158142,1.0693700313568115
10-12-1981,1.6749999523162842,0.0,9000,1.6749999523162842,1.6749999523162842,1.0855728387832642
11-12-1981,1.6375000476837158,0.0,26000,1.662500023841858,1.6375000476837158,1.0612685680389404
14-12-1981,1.6375000476837158,0.0,3000,1.649999976158142,1.649999976158142,1.0693700313568115
15-12-1981,1.6375000476837158,0.0,29000,1.662500023841858,1.6375000476837158,1.0612685680389404
16-12-1981,1.6124999523162842,0.0,24000,1.649999976158142,1.6124999523162842,1.0450657606124878
17-12-1981,1.625,0.0,50000,1.625,1.625,1.0531672239303589
18-12-1981,1.6375000476837158,0.0,50000,1.6375000476837158,1.6375000476837158,1.0612685680389404
21-12-1981,1.6124999523162842,0.0,84000,1.6375000476837158,1.6124999523162842,1.0450657606124878
22-12-1981,1.6124999523162842,0.0,8000,1.625,1.625,1.0531672239303589
23-12-1981,1.600000023841858,0.0,26000,1.6375000476837158,1.600000023841858,1.0369646549224854
24-12-1981,1.600000023841858,1.600000023841858,0,1.600000023841858,1.600000023841858,1.0369646549224854
28-12-1981,1.600000023841858,0.0,7000,1.600000023841858,1.600000023841858,1.0369646549224854
29-12-1981,1.5750000476837158,0.0,27000,1.600000023841858,1.5750000476837158,1.0207626819610596
30-12-1981,1.5499999523162842,0.0,15000,1.5750000476837158,1.5750000476837158,1.0207626819610596
31-12-1981,1.5499999523162842,0.0,6000,1.5750000476837158,1.5750000476837158,1.0207626819610596
04-01-1982,1.5499999523162842,0.0,2000,1.5499999523162842,1.5499999523162842,1.0045592784881592
05-01-1982,1.5499999523162842,0.0,21000,1.587499976158142,1.5499999523162842,1.0045592784881592
06-01-1982,1.5125000476837158,0.0,21000,1.537500023841858,1.537500023841858,0.9964583516120911
07-01-1982,1.5499999523162842,0.0,2000,1.5499999523162842,1.5499999523162842,1.0045592784881592
08-01-1982,1.5625,0.0,6000,1.5750000476837158,1.5750000476837158,1.0207626819610596
11-01-1982,1.524999976158142,0.0,25000,1.587499976158142,1.524999976158142,0.9883571863174438
12-01-1982,1.537500023841858,0.0,2000,1.537500023841858,1.537500023841858,0.9964583516120911
13-01-1982,1.524999976158142,0.0,15000,1.5499999523162842,1.524999976158142,0.9883571863174438
14-01-1982,1.524999976158142,0.0,31000,1.5499999523162842,1.5499999523162842,1.0045592784881592
15-01-1982,1.524999976158142,0.0,12000,1.537500023841858,1.524999976158142,0.9883571863174438
18-01-1982,1.524999976158142,1.524999976158142,0,1.524999976158142,1.524999976158142,0.9883571863174438
19-01-1982,1.524999976158142,0.0,15000,1.5625,1.524999976158142,0.9883571863174438
20-01-1982,1.524999976158142,0.0,1000,1.524999976158142,1.524999976158142,0.9883571863174438
21-01-1982,1.524999976158142,0.0,7000,1.5499999523162842,1.524999976158142,0.9883571863174438
22-01-1982,1.524999976158142,0.0,5000,1.524999976158142,1.524999976158142,0.9883571863174438
25-01-1982,1.5125000476837158,0.0,21000,1.524999976158142,1.524999976158142,0.9883571863174438
26-01-1982,1.475000023841858,0.0,6000,1.5,1.475000023841858,0.9559517502784729
27-01-1982,1.475000023841858,1.475000023841858,0,1.475000023841858,1.475000023841858,0.9559517502784729
28-01-1982,1.4874999523162842,0.0,2000,1.4874999523162842,1.4874999523162842,0.9640532732009888
29-01-1982,1.462499976158142,0.0,17000,1.5,1.462499976158142,0.9478503465652466
01-02-1982,1.4500000476837158,0.0,12000,1.475000023841858,1.4500000476837158,0.9397494196891785
02-02-1982,1.4500000476837158,0.0,5000,1.475000023841858,1.4500000476837158,0.9397494196891785
03-02-1982,1.475000023841858,0.0,5000,1.475000023841858,1.475000023841858,0.9559517502784729
04-02-1982,1.4249999523162842,0.0,20000,1.4500000476837158,1.4249999523162842,0.9235464334487915
05-02-1982,1.399999976158142,0.0,19000,1.4249999523162842,1.4249999523162842,0.9235464334487915
08-02-1982,1.4500000476837158,0.0,6000,1.4500000476837158,1.4500000476837158,0.9397494196891785
09-02-1982,1.412500023841858,0.0,4000,1.4249999523162842,1.412500023841858,0.9154453277587891
10-02-1982,1.399999976158142,0.0,5000,1.4249999523162842,1.4249999523162842,0.9235464334487915
11-02-1982,1.399999976158142,0.0,10000,1.4249999523162842,1.4249999523162842,0.9235464334487915
12-02-1982,1.3875000476837158,0.0,26000,1.399999976158142,1.3875000476837158,0.8992435932159424
16-02-1982,1.412500023841858,0.0,59000,1.462499976158142,1.462499976158142,0.9478503465652466
17-02-1982,1.462499976158142,0.0,45000,1.524999976158142,1.524999976158142,0.9883571863174438
18-02-1982,1.5125000476837158,0.0,5000,1.537500023841858,1.537500023841858,0.9964583516120911
19-02-1982,1.5125000476837158,0.0,4000,1.524999976158142,1.524999976158142,0.9883571863174438
22-02-1982,1.5,0.0,55000,1.524999976158142,1.5,0.9721547961235046
23-02-1982,1.5,0.0,61000,1.537500023841858,1.537500023841858,0.9964583516120911
24-02-1982,1.537500023841858,1.537500023841858,0,1.537500023841858,1.537500023841858,0.9964583516120911
25-02-1982,1.5499999523162842,0.0,7000,1.5499999523162842,1.5499999523162842,1.0045592784881592
26-02-1982,1.5,0.0,10000,1.524999976158142,1.5,0.9721547961235046
01-03-1982,1.5,0.0,7000,1.5,1.5,0.9721547961235046
02-03-1982,1.4874999523162842,0.0,8000,1.524999976158142,1.4874999523162842,0.9640532732009888
03-03-1982,1.4375,0.0,17000,1.4500000476837158,1.4375,0.9316484928131104
04-03-1982,1.4500000476837158,0.0,6000,1.475000023841858,1.475000023841858,0.9559517502784729
05-03-1982,1.462499976158142,0.0,16000,1.475000023841858,1.475000023841858,0.9559517502784729
08-03-1982,1.4500000476837158,0.0,4000,1.4500000476837158,1.4500000476837158,0.9397494196891785
09-03-1982,1.412500023841858,0.0,8000,1.4375,1.412500023841858,0.9154453277587891
10-03-1982,1.4375,0.0,7000,1.4375,1.4375,0.9316484928131104
11-03-1982,1.375,0.0,15000,1.4249999523162842,1.399999976158142,0.9073446393013
12-03-1982,1.3125,0.0,22000,1.3624999523162842,1.337499976158142,0.8668372631072998
15-03-1982,1.2999999523162842,0.0,29000,1.3125,1.2999999523162842,0.842534065246582
16-03-1982,1.2999999523162842,0.0,18000,1.3125,1.3125,0.8506351113319397
17-03-1982,1.2999999523162842,0.0,59000,1.3125,1.2999999523162842,0.842534065246582
18-03-1982,1.287500023841858,0.0,11000,1.3250000476837158,1.2999999523162842,0.842534065246582
19-03-1982,1.287500023841858,0.0,7000,1.287500023841858,1.287500023841858,0.8344324827194214
22-03-1982,1.3250000476837158,0.0,36000,1.3624999523162842,1.3250000476837158,0.8587368726730347
23-03-1982,1.3250000476837158,1.3250000476837158,0,1.3250000476837158,1.3250000476837158,0.8587368726730347
24-03-1982,1.3250000476837158,0.0,6000,1.337499976158142,1.3250000476837158,0.8587368726730347
25-03-1982,1.337499976158142,0.0,9000,1.3624999523162842,1.3624999523162842,0.8830401301383972
26-03-1982,1.399999976158142,0.0,20000,1.399999976158142,1.399999976158142,0.9073446393013
29-03-1982,1.3875000476837158,0.0,9000,1.3875000476837158,1.3875000476837158,0.8992435932159424
30-03-1982,1.399999976158142,0.0,6000,1.399999976158142,1.399999976158142,0.9073446393013
31-03-1982,1.399999976158142,0.0,16000,1.412500023841858,1.412500023841858,0.9154453277587891
01-04-1982,1.4249999523162842,0.0,19000,1.4500000476837158,1.4500000476837158,0.9397494196891785
02-04-1982,1.5125000476837158,0.0,55000,1.537500023841858,1.5125000476837158,0.9802556037902832
05-04-1982,1.5125000476837158,0.0,6000,1.524999976158142,1.5125000476837158,0.9802556037902832
06-04-1982,1.5125000476837158,0.0,2000,1.5125000476837158,1.5125000476837158,0.9802556037902832
07-04-1982,1.5125000476837158,0.0,7000,1.524999976158142,1.524999976158142,0.9883571863174438
08-04-1982,1.4874999523162842,0.0,74000,1.524999976158142,1.4874999523162842,0.9640532732009888
12-04-1982,1.462499976158142,0.0,4000,1.5,1.5,0.9721547961235046
13-04-1982,1.4874999523162842,0.0,37000,1.5,1.4874999523162842,0.9640532732009888
14-04-1982,1.475000023841858,0.0,16000,1.5,1.5,0.9721547961235046
15-04-1982,1.5,0.0,13000,1.5125000476837158,1.5,0.9721547961235046
16-04-1982,1.537500023841858,0.0,44000,1.5499999523162842,1.537500023841858,0.9964583516120911
19-04-1982,1.537500023841858,0.0,4000,1.537500023841858,1.537500023841858,0.9964583516120911
20-04-1982,1.537500023841858,0.0,41000,1.5499999523162842,1.5499999523162842,1.0045592784881592
21-04-1982,1.537500023841858,0.0,61000,1.600000023841858,1.600000023841858,1.0369646549224854
22-04-1982,1.600000023841858,0.0,24000,1.6124999523162842,1.6124999523162842,1.0450657606124878
23-04-1982,1.600000023841858,0.0,15000,1.6124999523162842,1.600000023841858,1.0369646549224854
26-04-1982,1.5750000476837158,0.0,73000,1.649999976158142,1.625,1.0531672239303589
27-04-1982,1.625,0.0,12000,1.6375000476837158,1.625,1.0531672239303589
28-04-1982,1.587499976158142,0.0,22000,1.6124999523162842,1.587499976158142,1.0288636684417725
29-04-1982,1.600000023841858,0.0,29000,1.600000023841858,1.600000023841858,1.0369646549224854
30-04-1982,1.587499976158142,0.0,3000,1.600000023841858,1.587499976158142,1.0288636684417725
03-05-1982,1.537500023841858,0.0,34000,1.600000023841858,1.600000023841858,1.0369646549224854
04-05-1982,1.600000023841858,0.0,20000,1.6124999523162842,1.600000023841858,1.0369646549224854
05-05-1982,1.587499976158142,0.0,24000,1.600000023841858,1.587499976158142,1.0288636684417725
06-05-1982,1.6124999523162842,0.0,72000,1.649999976158142,1.6375000476837158,1.0612685680389404
07-05-1982,1.649999976158142,0.0,81000,1.7374999523162842,1.725000023841858,1.1179782152175903
10-05-1982,1.6875,0.0,26000,1.725000023841858,1.6875,1.093673586845398
11-05-1982,1.6749999523162842,0.0,51000,1.725000023841858,1.6749999523162842,1.0855728387832642
12-05-1982,1.662500023841858,0.0,4000,1.662500023841858,1.662500023841858,1.077471137046814
13-05-1982,1.662500023841858,0.0,10000,1.662500023841858,1.662500023841858,1.077471137046814
14-05-1982,1.662500023841858,0.0,40000,1.662500023841858,1.662500023841858,1.077471137046814
17-05-1982,1.625,0.0,10000,1.625,1.625,1.0531672239303589
18-05-1982,1.6124999523162842,0.0,20000,1.625,1.6124999523162842,1.0450657606124878
19-05-1982,1.6124999523162842,1.6124999523162842,0,1.6124999523162842,1.6124999523162842,1.0450657606124878
20-05-1982,1.6124999523162842,0.0,28000,1.6124999523162842,1.6124999523162842,1.0450657606124878
21-05-1982,1.625,0.0,27000,1.625,1.625,1.0531672239303589
24-05-1982,1.6124999523162842,0.0,30000,1.6375000476837158,1.6375000476837158,1.0612685680389404
25-05-1982,1.6375000476837158,1.6375000476837158,0,1.6375000476837158,1.6375000476837158,1.0612685680389404
26-05-1982,1.625,0.0,13000,1.6375000476837158,1.625,1.0531672239303589
27-05-1982,1.625,1.625,0,1.625,1.625,1.0531672239303589
28-05-1982,1.600000023841858,0.0,68000,1.6375000476837158,1.6375000476837158,1.0612685680389404
01-06-1982,1.6124999523162842,0.0,24000,1.625,1.6124999523162842,1.0450657606124878
02-06-1982,1.6124999523162842,0.0,11000,1.6124999523162842,1.6124999523162842,1.0450657606124878
03-06-1982,1.6124999523162842,0.0,2000,1.6124999523162842,1.6124999523162842,1.0450657606124878
04-06-1982,1.600000023841858,0.0,7000,1.600000023841858,1.600000023841858,1.0369646549224854
07-06-1982,1.5499999523162842,0.0,10000,1.587499976158142,1.587499976158142,1.0288636684417725
08-06-1982,1.5750000476837158,0.0,3000,1.587499976158142,1.587499976158142,1.0288636684417725
09-06-1982,1.587499976158142,1.587499976158142,0,1.587499976158142,1.587499976158142,1.0288636684417725
10-06-1982,1.5499999523162842,0.0,22000,1.5625,1.5499999523162842,1.0045592784881592
11-06-1982,1.5750000476837158,0.0,2000,1.5750000476837158,1.5750000476837158,1.0207626819610596
14-06-1982,1.5625,0.0,4000,1.5625,1.5625,1.0126608610153198
15-06-1982,1.5499999523162842,0.0,53000,1.5625,1.5499999523162842,1.0045592784881592
16-06-1982,1.4874999523162842,0.0,80000,1.5499999523162842,1.4874999523162842,0.9640532732009888
17-06-1982,1.462499976158142,0.0,18000,1.475000023841858,1.462499976158142,0.9478503465652466
18-06-1982,1.4874999523162842,0.0,3000,1.4874999523162842,1.4874999523162842,0.9640532732009888
21-06-1982,1.475000023841858,0.0,4000,1.4874999523162842,1.475000023841858,0.9559517502784729
22-06-1982,1.475000023841858,0.0,2000,1.475000023841858,1.475000023841858,0.9559517502784729
23-06-1982,1.475000023841858,0.0,6000,1.4874999523162842,1.4874999523162842,0.9640532732009888
24-06-1982,1.475000023841858,0.0,6000,1.475000023841858,1.475000023841858,0.9559517502784729
25-06-1982,1.475000023841858,0.0,7000,1.475000023841858,1.475000023841858,0.9559517502784729
28-06-1982,1.475000023841858,0.0,1000,1.475000023841858,1.475000023841858,0.9559517502784729
29-06-1982,1.475000023841858,0.0,11000,1.475000023841858,1.475000023841858,0.9559517502784729
30-06-1982,1.475000023841858,1.475000023841858,0,1.475000023841858,1.475000023841858,0.9559517502784729
01-07-1982,1.475000023841858,0.0,1000,1.475000023841858,1.475000023841858,0.9559517502784729
02-07-1982,1.475000023841858,0.0,28000,1.475000023841858,1.475000023841858,0.9559517502784729
06-07-1982,1.5,0.0,5000,1.5,1.5,0.9721547961235046
07-07-1982,1.5,0.0,3000,1.5,1.5,0.9721547961235046
08-07-1982,1.5,1.5,0,1.5,1.5,0.9721547961235046
09-07-1982,1.5,1.5,0,1.5,1.5,0.9721547961235046
12-07-1982,1.4874999523162842,0.0,5000,1.5,1.4874999523162842,0.9640532732009888
13-07-1982,1.5,0.0,25000,1.5,1.5,0.9721547961235046
14-07-1982,1.5,0.0,33000,1.5125000476837158,1.5125000476837158,0.9802556037902832
15-07-1982,1.475000023841858,0.0,21000,1.4874999523162842,1.475000023841858,0.9559517502784729
16-07-1982,1.475000023841858,1.475000023841858,0,1.475000023841858,1.475000023841858,0.9559517502784729
19-07-1982,1.475000023841858,0.0,1000,1.475000023841858,1.475000023841858,0.9559517502784729
20-07-1982,1.475000023841858,0.0,8000,1.4874999523162842,1.475000023841858,0.9559517502784729
21-07-1982,1.475000023841858,0.0,5000,1.4874999523162842,1.475000023841858,0.9559517502784729
22-07-1982,1.4874999523162842,0.0,69000,1.5125000476837158,1.5125000476837158,0.9802556037902832
23-07-1982,1.5125000476837158,0.0,4000,1.524999976158142,1.524999976158142,0.9883571863174438
26-07-1982,1.4874999523162842,0.0,10000,1.5125000476837158,1.4874999523162842,0.9640532732009888
27-07-1982,1.4874999523162842,0.0,4000,1.4874999523162842,1.4874999523162842,0.9640532732009888
28-07-1982,1.4874999523162842,0.0,1000,1.4874999523162842,1.4874999523162842,0.9640532732009888
29-07-1982,1.475000023841858,0.0,10000,1.475000023841858,1.475000023841858,0.9559517502784729
30-07-1982,1.4249999523162842,0.0,5000,1.475000023841858,1.4249999523162842,0.9235464334487915
02-08-1982,1.399999976158142,0.0,5000,1.4249999523162842,1.399999976158142,0.9073446393013
03-08-1982,1.399999976158142,0.0,2000,1.399999976158142,1.399999976158142,0.9073446393013
04-08-1982,1.399999976158142,0.0,12000,1.412500023841858,1.412500023841858,0.9154453277587891
05-08-1982,1.399999976158142,0.0,12000,1.399999976158142,1.399999976158142,0.9073446393013
06-08-1982,1.337499976158142,0.0,7000,1.375,1.337499976158142,0.8668372631072998
09-08-1982,1.25,0.0,28000,1.3125,1.2625000476837158,0.8182300329208374
10-08-1982,1.25,0.0,33000,1.287500023841858,1.2625000476837158,0.8182300329208374
11-08-1982,1.25,0.0,10000,1.2625000476837158,1.25,0.8101288080215454
12-08-1982,1.25,0.0,74000,1.274999976158142,1.274999976158142,0.8263310790061951
13-08-1982,1.2625000476837158,0.0,2000,1.2625000476837158,1.2625000476837158,0.8182300329208374
16-08-1982,1.274999976158142,0.0,24000,1.2999999523162842,1.274999976158142,0.8263310790061951
17-08-1982,1.2625000476837158,0.0,18000,1.274999976158142,1.2625000476837158,0.8182300329208374
18-08-1982,1.2625000476837158,0.0,16000,1.3125,1.274999976158142,0.8263310790061951
19-08-1982,1.2625000476837158,0.0,10000,1.2999999523162842,1.2625000476837158,0.8182300329208374
20-08-1982,1.2625000476837158,1.2625000476837158,0,1.2625000476837158,1.2625000476837158,0.8182300329208374
23-08-1982,1.287500023841858,0.0,13000,1.2999999523162842,1.2999999523162842,0.842534065246582
24-08-1982,1.3250000476837158,0.0,7000,1.3624999523162842,1.337499976158142,0.8668372631072998
25-08-1982,1.337499976158142,0.0,23000,1.3875000476837158,1.337499976158142,0.8668372631072998
26-08-1982,1.2999999523162842,0.0,69000,1.3624999523162842,1.3250000476837158,0.8587368726730347
27-08-1982,1.337499976158142,0.0,5000,1.337499976158142,1.337499976158142,0.8668372631072998
30-08-1982,1.3624999523162842,0.0,17000,1.3875000476837158,1.3875000476837158,0.8992435932159424
31-08-1982,1.3624999523162842,0.0,13000,1.399999976158142,1.3624999523162842,0.8830401301383972
01-09-1982,1.375,0.0,12000,1.399999976158142,1.399999976158142,0.9073446393013
02-09-1982,1.375,0.0,8000,1.412500023841858,1.399999976158142,0.9073446393013
03-09-1982,1.399999976158142,0.0,16000,1.399999976158142,1.399999976158142,0.9073446393013
07-09-1982,1.3875000476837158,0.0,5000,1.3875000476837158,1.3875000476837158,0.8992435932159424
08-09-1982,1.399999976158142,0.0,8000,1.399999976158142,1.399999976158142,0.9073446393013
09-09-1982,1.3875000476837158,0.0,13000,1.4249999523162842,1.412500023841858,0.9154453277587891
10-09-1982,1.4249999523162842,0.0,28000,1.4500000476837158,1.4375,0.9316484928131104
13-09-1982,1.4500000476837158,0.0,15000,1.4500000476837158,1.4500000476837158,0.9397494196891785
14-09-1982,1.462499976158142,0.0,57000,1.524999976158142,1.5125000476837158,0.9802556037902832
15-09-1982,1.5,0.0,31000,1.5125000476837158,1.5125000476837158,0.9802556037902832
16-09-1982,1.4874999523162842,0.0,67000,1.524999976158142,1.4874999523162842,0.9640532732009888
17-09-1982,1.5,0.0,10000,1.5125000476837158,1.5125000476837158,0.9802556037902832
20-09-1982,1.5125000476837158,0.0,33000,1.524999976158142,1.524999976158142,0.9883571863174438
21-09-1982,1.537500023841858,0.0,88000,1.5625,1.5625,1.0126608610153198
22-09-1982,1.524999976158142,0.0,50000,1.5625,1.524999976158142,0.9883571863174438
23-09-1982,1.5125000476837158,0.0,5000,1.524999976158142,1.5125000476837158,0.9802556037902832
24-09-1982,1.524999976158142,0.0,8000,1.524999976158142,1.524999976158142,0.9883571863174438
27-09-1982,1.475000023841858,0.0,6000,1.5,1.475000023841858,0.9559517502784729
28-09-1982,1.475000023841858,0.0,14000,1.5,1.5,0.9721547961235046
29-09-1982,1.475000023841858,0.0,1000,1.475000023841858,1.475000023841858,0.9559517502784729
30-09-1982,1.475000023841858,0.0,2000,1.4874999523162842,1.4874999523162842,0.9640532732009888
01-10-1982,1.475000023841858,0.0,32000,1.4874999523162842,1.475000023841858,0.9559517502784729
04-10-1982,1.4874999523162842,0.0,5000,1.4874999523162842,1.4874999523162842,0.9640532732009888
05-10-1982,1.5,0.0,13000,1.5,1.5,0.9721547961235046
06-10-1982,1.5125000476837158,0.0,5000,1.5125000476837158,1.5125000476837158,0.9802556037902832
07-10-1982,1.5,0.0,22000,1.5125000476837158,1.5,0.9721547961235046
08-10-1982,1.5,0.0,15000,1.5125000476837158,1.5125000476837158,0.9802556037902832
11-10-1982,1.5,0.0,59000,1.5625,1.5625,1.0126608610153198
12-10-1982,1.537500023841858,0.0,9000,1.537500023841858,1.537500023841858,0.9964583516120911
13-10-1982,1.5625,0.0,151000,1.6124999523162842,1.6124999523162842,1.0450657606124878
14-10-1982,1.600000023841858,0.0,13000,1.6124999523162842,1.600000023841858,1.0369646549224854
15-10-1982,1.537500023841858,0.0,31000,1.5750000476837158,1.537500023841858,0.9964583516120911
18-10-1982,1.5499999523162842,0.0,26000,1.5750000476837158,1.5499999523162842,1.0045592784881592
19-10-1982,1.587499976158142,0.0,221000,1.6875,1.6875,1.093673586845398
20-10-1982,1.6875,0.0,122000,1.712499976158142,1.6875,1.093673586845398
21-10-1982,1.7000000476837158,0.0,179000,1.7999999523162842,1.787500023841858,1.1584839820861816
22-10-1982,1.725000023841858,0.0,99000,1.8125,1.7374999523162842,1.1260792016983032
25-10-1982,1.7000000476837158,0.0,37000,1.7625000476837158,1.712499976158142,1.1098761558532715
26-10-1982,1.649999976158142,0.0,34000,1.7000000476837158,1.6875,1.093673586845398
27-10-1982,1.725000023841858,0.0,29000,1.7374999523162842,1.7374999523162842,1.1260792016983032
28-10-1982,1.712499976158142,0.0,74000,1.7374999523162842,1.712499976158142,1.1098761558532715
29-10-1982,1.7374999523162842,0.0,46000,1.75,1.75,1.1341801881790161
01-11-1982,1.7000000476837158,0.0,73000,1.7374999523162842,1.7374999523162842,1.1260792016983032
02-11-1982,1.725000023841858,0.0,118000,1.7625000476837158,1.75,1.1341801881790161
03-11-1982,1.7374999523162842,0.0,87000,1.774999976158142,1.7625000476837158,1.1422810554504395
04-11-1982,1.75,0.0,80000,1.787500023841858,1.7625000476837158,1.1422810554504395
05-11-1982,1.7625000476837158,0.0,98000,1.7999999523162842,1.7999999523162842,1.1665856838226318
08-11-1982,1.774999976158142,0.0,45000,1.8125,1.787500023841858,1.1584839820861816
09-11-1982,1.774999976158142,0.0,65000,1.837499976158142,1.7999999523162842,1.1665856838226318
10-11-1982,1.8125,0.0,50000,1.850000023841858,1.837499976158142,1.1908897161483765
11-11-1982,1.7999999523162842,0.0,27000,1.8250000476837158,1.8125,1.1746866703033447
12-11-1982,1.774999976158142,0.0,40000,1.837499976158142,1.774999976158142,1.1503827571868896
15-11-1982,1.6875,0.0,49000,1.75,1.7000000476837158,1.1017751693725586
16-11-1982,1.6124999523162842,0.0,44000,1.6749999523162842,1.662500023841858,1.077471137046814
17-11-1982,1.6749999523162842,0.0,20000,1.7000000476837158,1.7000000476837158,1.1017751693725586
18-11-1982,1.6749999523162842,0.0,18000,1.725000023841858,1.712499976158142,1.1098761558532715
19-11-1982,1.7000000476837158,0.0,8000,1.725000023841858,1.712499976158142,1.1098761558532715
22-11-1982,1.6749999523162842,0.0,22000,1.712499976158142,1.6749999523162842,1.0855728387832642
23-11-1982,1.649999976158142,0.0,3000,1.649999976158142,1.649999976158142,1.0693700313568115
24-11-1982,1.6375000476837158,0.0,24000,1.6875,1.6875,1.093673586845398
26-11-1982,1.662500023841858,0.0,8000,1.6875,1.6875,1.093673586845398
29-11-1982,1.6749999523162842,0.0,26000,1.725000023841858,1.725000023841858,1.1179782152175903
30-11-1982,1.75,0.0,181000,1.8875000476837158,1.850000023841858,1.1989911794662476
01-12-1982,1.8875000476837158,0.0,453000,1.962499976158142,1.9500000476837158,1.2638006210327148
02-12-1982,1.9375,0.0,165000,1.975000023841858,1.962499976158142,1.2719026803970337
03-12-1982,1.9249999523162842,0.0,82000,1.975000023841858,1.9500000476837158,1.2638006210327148
06-12-1982,1.8875000476837158,0.0,94000,1.9500000476837158,1.9500000476837158,1.2638006210327148
07-12-1982,1.962499976158142,0.0,259000,2.125,2.125,1.3772188425064087
08-12-1982,2.0999999046325684,0.0,125000,2.1500000953674316,2.0999999046325684,1.3610155582427979
09-12-1982,2.0250000953674316,0.0,83000,2.0625,2.0374999046325684,1.320509910583496
10-12-1982,2.012500047683716,0.0,31000,2.0875000953674316,2.012500047683716,1.3043076992034912
13-12-1982,1.962499976158142,0.0,98000,2.0250000953674316,2.0250000953674316,1.312408447265625
14-12-1982,1.9375,0.0,52000,2.049999952316284,1.9500000476837158,1.2638006210327148
15-12-1982,1.899999976158142,0.0,50000,1.9500000476837158,1.9249999523162842,1.2475980520248413
16-12-1982,1.850000023841858,0.0,63000,1.9375,1.850000023841858,1.1989911794662476
17-12-1982,1.8624999523162842,0.0,24000,1.912500023841858,1.875,1.2151931524276733
20-12-1982,1.8624999523162842,0.0,20000,1.9249999523162842,1.9249999523162842,1.2475980520248413
21-12-1982,1.9249999523162842,0.0,30000,1.962499976158142,1.9249999523162842,1.2475980520248413
22-12-1982,1.9500000476837158,0.0,69000,2.0374999046325684,2.0,1.2962061166763306
23-12-1982,2.0374999046325684,0.0,25000,2.0625,2.049999952316284,1.328611135482788
27-12-1982,2.049999952316284,0.0,81000,2.1500000953674316,2.1500000953674316,1.3934216499328613
28-12-1982,2.049999952316284,0.0,42000,2.1500000953674316,2.0875000953674316,1.3529154062271118
29-12-1982,2.049999952316284,0.0,13000,2.0875000953674316,2.049999952316284,1.328611135482788
30-12-1982,2.012500047683716,0.0,27000,2.049999952316284,2.012500047683716,1.3043076992034912
31-12-1982,1.9249999523162842,0.0,29000,2.0374999046325684,1.9500000476837158,1.2638006210327148
03-01-1983,1.962499976158142,0.0,6000,1.9874999523162842,1.962499976158142,1.2719026803970337
04-01-1983,1.9500000476837158,0.0,18000,1.9874999523162842,1.9874999523162842,1.2881042957305908
05-01-1983,2.0,0.0,6000,2.012500047683716,2.0,1.2962061166763306
06-01-1983,1.9249999523162842,0.0,31000,1.9874999523162842,1.9500000476837158,1.2638006210327148
07-01-1983,1.9249999523162842,0.0,33000,1.9874999523162842,1.9874999523162842,1.2881042957305908
10-01-1983,1.9500000476837158,0.0,6000,1.962499976158142,1.9500000476837158,1.2638006210327148
11-01-1983,1.9249999523162842,0.0,33000,1.9874999523162842,1.9500000476837158,1.2638006210327148
12-01-1983,1.8624999523162842,0.0,20000,1.9375,1.8624999523162842,1.2070919275283813
13-01-1983,1.8624999523162842,0.0,32000,1.912500023841858,1.8875000476837158,1.2232952117919922
14-01-1983,1.8624999523162842,0.0,39000,1.912500023841858,1.899999976158142,1.2313953638076782
17-01-1983,1.875,0.0,10000,1.899999976158142,1.875,1.2151931524276733
18-01-1983,1.875,0.0,12000,1.912500023841858,1.899999976158142,1.2313953638076782
19-01-1983,1.875,0.0,4000,1.8875000476837158,1.8875000476837158,1.2232952117919922
20-01-1983,1.850000023841858,0.0,6000,1.8624999523162842,1.850000023841858,1.1989911794662476
21-01-1983,1.837499976158142,0.0,10000,1.850000023841858,1.850000023841858,1.1989911794662476
24-01-1983,1.774999976158142,0.0,51000,1.8250000476837158,1.7999999523162842,1.1665856838226318
25-01-1983,1.787500023841858,0.0,17000,1.8250000476837158,1.8125,1.1746866703033447
26-01-1983,1.8250000476837158,0.0,10000,1.837499976158142,1.837499976158142,1.1908897161483765
27-01-1983,1.8125,0.0,34000,1.8250000476837158,1.8250000476837158,1.1827878952026367
28-01-1983,1.8125,0.0,16000,1.850000023841858,1.850000023841858,1.1989911794662476
31-01-1983,1.8250000476837158,0.0,15000,1.8250000476837158,1.8250000476837158,1.1827878952026367
01-02-1983,1.850000023841858,0.0,15000,1.850000023841858,1.850000023841858,1.1989911794662476
02-02-1983,1.8250000476837158,0.0,22000,1.8624999523162842,1.8624999523162842,1.2070919275283813
03-02-1983,1.875,0.0,8000,1.8875000476837158,1.875,1.2151931524276733
04-02-1983,1.850000023841858,0.0,41000,1.9249999523162842,1.9249999523162842,1.2475980520248413
07-02-1983,1.9249999523162842,0.0,131000,2.0,2.0,1.2962061166763306
08-02-1983,2.0,0.0,99000,2.0250000953674316,2.0,1.2962061166763306
09-02-1983,2.0,0.0,19000,2.0374999046325684,2.0,1.2962061166763306
10-02-1983,2.0,0.0,22000,2.0,2.0,1.2962061166763306
11-02-1983,2.0,0.0,37000,2.049999952316284,2.049999952316284,1.328611135482788
14-02-1983,2.0,0.0,8000,2.049999952316284,2.0,1.2962061166763306
15-02-1983,2.0,0.0,74000,2.0999999046325684,2.075000047683716,1.3448131084442139
16-02-1983,2.0250000953674316,0.0,50000,2.0625,2.0250000953674316,1.312408447265625
17-02-1983,2.0250000953674316,0.0,71000,2.0625,2.049999952316284,1.328611135482788
18-02-1983,1.9874999523162842,0.0,18000,2.0374999046325684,1.9874999523162842,1.2881042957305908
22-02-1983,1.975000023841858,0.0,23000,2.0,1.975000023841858,1.2800037860870361
23-02-1983,1.899999976158142,0.0,26000,1.9500000476837158,1.899999976158142,1.2313953638076782
24-02-1983,1.912500023841858,0.0,45000,1.9375,1.9375,1.2556992769241333
25-02-1983,1.9500000476837158,0.0,61000,1.9874999523162842,1.9500000476837158,1.2638006210327148
28-02-1983,1.9500000476837158,0.0,25000,1.9500000476837158,1.9500000476837158,1.2638006210327148
01-03-1983,1.975000023841858,0.0,24000,2.0,2.0,1.2962061166763306
02-03-1983,1.962499976158142,0.0,32000,2.0,1.975000023841858,1.2800037860870361
03-03-1983,2.0,0.0,192000,2.049999952316284,2.0,1.2962061166763306
04-03-1983,2.0374999046325684,0.0,207000,2.049999952316284,2.049999952316284,1.328611135482788
07-03-1983,2.0374999046325684,0.0,50000,2.075000047683716,2.075000047683716,1.3448131084442139
08-03-1983,2.049999952316284,0.0,450000,2.200000047683716,2.200000047683716,1.4258265495300293
09-03-1983,2.137500047683716,0.0,409000,2.2125000953674316,2.174999952316284,1.4096242189407349
10-03-1983,2.125,0.0,129000,2.174999952316284,2.1500000953674316,1.3934216499328613
11-03-1983,2.1500000953674316,0.0,103000,2.1500000953674316,2.1500000953674316,1.3934216499328613
14-03-1983,2.1500000953674316,0.0,110000,2.200000047683716,2.200000047683716,1.4258265495300293
15-03-1983,2.200000047683716,0.0,91000,2.2125000953674316,2.2125000953674316,1.433928370475769
16-03-1983,2.2249999046325684,0.0,404000,2.325000047683716,2.25,1.458231806755066
17-03-1983,2.2249999046325684,0.0,48000,2.25,2.25,1.458231806755066
18-03-1983,2.2750000953674316,0.0,63000,2.299999952316284,2.299999952316284,1.4906373023986816
21-03-1983,2.2125000953674316,0.0,150000,2.2874999046325684,2.2125000953674316,1.433928370475769
22-03-1983,2.200000047683716,0.0,31000,2.237499952316284,2.200000047683716,1.4258265495300293
23-03-1983,2.174999952316284,0.0,30000,2.200000047683716,2.174999952316284,1.4096242189407349
24-03-1983,2.174999952316284,0.0,236000,2.200000047683716,2.200000047683716,1.4258265495300293
25-03-1983,2.200000047683716,0.0,44000,2.2249999046325684,2.200000047683716,1.4258265495300293
28-03-1983,2.112499952316284,0.0,20000,2.174999952316284,2.112499952316284,1.3691178560256958
29-03-1983,2.0250000953674316,0.0,53000,2.075000047683716,2.049999952316284,1.328611135482788
30-03-1983,2.049999952316284,0.0,23000,2.0875000953674316,2.049999952316284,1.328611135482788
31-03-1983,2.0250000953674316,0.0,11000,2.075000047683716,2.0250000953674316,1.312408447265625
04-04-1983,2.049999952316284,0.0,94000,2.125,2.125,1.3772188425064087
05-04-1983,2.125,0.0,68000,2.1500000953674316,2.125,1.3772188425064087
06-04-1983,2.0999999046325684,0.0,28000,2.137500047683716,2.112499952316284,1.3691178560256958
07-04-1983,2.049999952316284,0.0,14000,2.0999999046325684,2.049999952316284,1.328611135482788
08-04-1983,2.0250000953674316,0.0,821000,2.2249999046325684,2.2249999046325684,1.4420289993286133
11-04-1983,2.1624999046325684,0.0,86000,2.200000047683716,2.174999952316284,1.4096242189407349
12-04-1983,2.200000047683716,0.0,36000,2.262500047683716,2.262500047683716,1.4663331508636475
13-04-1983,2.2249999046325684,0.0,89000,2.3125,2.2874999046325684,1.4825359582901
14-04-1983,2.237499952316284,0.0,63000,2.2874999046325684,2.262500047683716,1.4663331508636475
15-04-1983,2.200000047683716,0.0,27000,2.262500047683716,2.237499952316284,1.4501307010650635
18-04-1983,2.262500047683716,0.0,139000,2.375,2.375,1.5392440557479858
19-04-1983,2.3125,0.0,42000,2.375,2.362499952316284,1.5311436653137207
20-04-1983,2.299999952316284,0.0,47000,2.375,2.299999952316284,1.4906373023986816
21-04-1983,2.325000047683716,0.0,15000,2.3375000953674316,2.3375000953674316,1.5149407386779785
22-04-1983,2.3375000953674316,0.0,40000,2.3499999046325684,2.3499999046325684,1.5230423212051392
25-04-1983,2.299999952316284,0.0,56000,2.325000047683716,2.325000047683716,1.5068395137786865
26-04-1983,2.25,0.0,39000,2.299999952316284,2.2874999046325684,1.4825359582901
27-04-1983,2.237499952316284,0.0,25000,2.2874999046325684,2.2750000953674316,1.4744346141815186
28-04-1983,2.262500047683716,0.0,36000,2.325000047683716,2.325000047683716,1.5068395137786865
29-04-1983,2.3375000953674316,0.0,136000,2.450000047683716,2.4375,1.5797507762908936
02-05-1983,2.387500047683716,0.0,75000,2.4749999046325684,2.4000000953674316,1.5554488897323608
03-05-1983,2.3375000953674316,0.0,106000,2.487499952316284,2.4375,1.5797507762908936
04-05-1983,2.4000000953674316,0.0,44000,2.5,2.4000000953674316,1.5554488897323608
05-05-1983,2.362499952316284,0.0,57000,2.450000047683716,2.450000047683716,1.5878517627716064
06-05-1983,2.4124999046325684,0.0,21000,2.450000047683716,2.4375,1.5797507762908936
09-05-1983,2.4000000953674316,0.0,9000,2.4375,2.4375,1.5797507762908936
10-05-1983,2.4000000953674316,0.0,16000,2.450000047683716,2.4000000953674316,1.5554488897323608
11-05-1983,2.424999952316284,0.0,42000,2.450000047683716,2.424999952316284,1.5716495513916016
12-05-1983,2.424999952316284,0.0,35000,2.450000047683716,2.4375,1.5797507762908936
13-05-1983,2.450000047683716,0.0,17000,2.4749999046325684,2.450000047683716,1.5878517627716064
16-05-1983,2.4000000953674316,0.0,13000,2.4124999046325684,2.4000000953674316,1.5554488897323608
17-05-1983,2.4000000953674316,0.0,29000,2.487499952316284,2.487499952316284,1.6121567487716675
18-05-1983,2.5,0.0,68000,2.549999952316284,2.5,1.6202576160430908
19-05-1983,2.5,0.0,10000,2.5250000953674316,2.5250000953674316,1.6364600658416748
20-05-1983,2.5374999046325684,0.0,88000,2.5999999046325684,2.575000047683716,1.6688649654388428
23-05-1983,2.512500047683716,0.0,29000,2.5875000953674316,2.5875000953674316,1.6769667863845825
24-05-1983,2.575000047683716,0.0,39000,2.625,2.575000047683716,1.6688649654388428
25-05-1983,2.5374999046325684,0.0,72000,2.674999952316284,2.674999952316284,1.7336745262145996
26-05-1983,2.612499952316284,0.0,84000,2.700000047683716,2.612499952316284,1.6931695938110352
27-05-1983,2.612499952316284,0.0,18000,2.625,2.625,1.7012702226638794
31-05-1983,2.575000047683716,0.0,16000,2.5999999046325684,2.5999999046325684,1.685068130493164
01-06-1983,2.5999999046325684,0.0,150000,2.6875,2.6875,1.7417774200439453
02-06-1983,2.6624999046325684,0.0,90000,2.7249999046325684,2.7249999046325684,1.7660802602767944
03-06-1983,2.674999952316284,0.0,28000,2.737499952316284,2.674999952316284,1.7336745262145996
06-06-1983,2.6624999046325684,0.0,824000,3.125,3.049999952316284,1.9767143726348877
07-06-1983,3.0875000953674316,0.0,575000,3.174999952316284,3.0999999046325684,2.0091185569763184
08-06-1983,3.075000047683716,0.0,322000,3.2750000953674316,3.2249999046325684,2.0901315212249756
09-06-1983,3.2125000953674316,0.0,224000,3.325000047683716,3.2874999046325684,2.1306393146514893
10-06-1983,3.237499952316284,0.0,356000,3.299999952316284,3.2750000953674316,2.122537136077881
13-06-1983,3.200000047683716,0.0,317000,3.2750000953674316,3.2750000953674316,2.122537136077881
14-06-1983,3.1875,0.0,74000,3.25,3.200000047683716,2.0739293098449707
15-06-1983,3.2125000953674316,0.0,70000,3.2750000953674316,3.262500047683716,2.1144371032714844
16-06-1983,3.200000047683716,0.0,162000,3.262500047683716,3.237499952316284,2.098233699798584
17-06-1983,3.262500047683716,0.0,158000,3.325000047683716,3.2874999046325684,2.1306393146514893
20-06-1983,3.299999952316284,0.0,266000,3.375,3.3499999046325684,2.1711456775665283
21-06-1983,3.3375000953674316,0.0,66000,3.375,3.3499999046325684,2.1711456775665283
22-06-1983,3.299999952316284,0.0,104000,3.362499952316284,3.325000047683716,2.154942274093628
23-06-1983,3.2750000953674316,0.0,32000,3.3125,3.2874999046325684,2.1306393146514893
24-06-1983,3.2125000953674316,0.0,43000,3.262500047683716,3.262500047683716,2.1144371032714844
27-06-1983,3.1624999046325684,0.0,36000,3.262500047683716,3.174999952316284,2.057727336883545
28-06-1983,3.075000047683716,0.0,85000,3.137500047683716,3.0999999046325684,2.0091185569763184
29-06-1983,3.049999952316284,0.0,45000,3.0999999046325684,3.0999999046325684,2.0091185569763184
30-06-1983,3.200000047683716,0.0,409000,3.6500000953674316,3.375,2.187347173690796
01-07-1983,3.4000000953674316,0.0,428000,3.487499952316284,3.450000047683716,2.2359564304351807
05-07-1983,3.4000000953674316,0.0,109000,3.4749999046325684,3.4375,2.2278549671173096
06-07-1983,3.375,0.0,104000,3.450000047683716,3.450000047683716,2.2359564304351807
07-07-1983,3.424999952316284,0.0,234000,3.5875000953674316,3.5250000953674316,2.284562110900879
08-07-1983,3.4749999046325684,0.0,116000,3.5374999046325684,3.4749999046325684,2.2521584033966064
11-07-1983,3.5,0.0,76000,3.5374999046325684,3.5,2.2683603763580322
12-07-1983,3.375,0.0,135000,3.4749999046325684,3.4749999046325684,2.2521584033966064
13-07-1983,3.4375,0.0,576000,3.5,3.4749999046325684,2.2521584033966064
14-07-1983,3.424999952316284,0.0,35000,3.5,3.487499952316284,2.2602598667144775
15-07-1983,3.4375,0.0,9000,3.5,3.450000047683716,2.2359564304351807
18-07-1983,3.362499952316284,0.0,157000,3.424999952316284,3.387500047683716,2.195449113845825
19-07-1983,3.3499999046325684,0.0,22000,3.375,3.3499999046325684,2.1711456775665283
20-07-1983,3.3499999046325684,0.0,72000,3.4625000953674316,3.4625000953674316,2.244056463241577
21-07-1983,3.450000047683716,0.0,56000,3.512500047683716,3.4625000953674316,2.244056463241577
22-07-1983,3.450000047683716,0.0,29000,3.487499952316284,3.4749999046325684,2.2521584033966064
25-07-1983,3.4000000953674316,0.0,65000,3.487499952316284,3.487499952316284,2.2602598667144775
26-07-1983,3.450000047683716,0.0,256000,3.5,3.4749999046325684,2.2521584033966064
27-07-1983,3.4749999046325684,0.0,125000,3.637500047683716,3.4749999046325684,2.2521584033966064
28-07-1983,3.375,0.0,163000,3.4625000953674316,3.375,2.187347173690796
29-07-1983,3.2750000953674316,0.0,36000,3.375,3.2874999046325684,2.1306393146514893
01-08-1983,3.237499952316284,0.0,30000,3.325000047683716,3.237499952316284,2.098233699798584
02-08-1983,3.200000047683716,0.0,41000,3.299999952316284,3.299999952316284,2.138740062713623
03-08-1983,3.2750000953674316,0.0,9000,3.325000047683716,3.325000047683716,2.154942274093628
04-08-1983,3.3125,0.0,176000,3.3499999046325684,3.3125,2.1468417644500732
05-08-1983,3.2750000953674316,0.0,14000,3.325000047683716,3.325000047683716,2.154942274093628
08-08-1983,3.325000047683716,0.0,41000,3.3499999046325684,3.3499999046325684,2.1711456775665283
09-08-1983,3.3375000953674316,0.0,18000,3.375,3.3375000953674316,2.163043975830078
10-08-1983,3.3375000953674316,0.0,56000,3.450000047683716,3.450000047683716,2.2359564304351807
11-08-1983,3.450000047683716,0.0,54000,3.5,3.450000047683716,2.2359564304351807
12-08-1983,3.4625000953674316,0.0,72000,3.487499952316284,3.487499952316284,2.2602598667144775
15-08-1983,3.450000047683716,0.0,108000,3.512500047683716,3.450000047683716,2.2359564304351807
16-08-1983,3.450000047683716,0.0,10000,3.4749999046325684,3.4749999046325684,2.2521584033966064
17-08-1983,3.450000047683716,0.0,7000,3.450000047683716,3.450000047683716,2.2359564304351807
18-08-1983,3.4000000953674316,0.0,148000,3.450000047683716,3.424999952316284,2.219752311706543
19-08-1983,3.387500047683716,0.0,274000,3.450000047683716,3.450000047683716,2.2359564304351807
22-08-1983,3.4375,0.0,19000,3.487499952316284,3.4375,2.2278549671173096
23-08-1983,3.424999952316284,0.0,77000,3.487499952316284,3.424999952316284,2.219752311706543
24-08-1983,3.424999952316284,0.0,48000,3.450000047683716,3.450000047683716,2.2359564304351807
25-08-1983,3.487499952316284,0.0,93000,3.625,3.5374999046325684,2.2926652431488037
26-08-1983,3.5875000953674316,0.0,168000,3.674999952316284,3.6500000953674316,2.3655757904052734
29-08-1983,3.6500000953674316,0.0,132000,3.737499952316284,3.737499952316284,2.422285318374634
30-08-1983,3.700000047683716,0.0,115000,3.8125,3.700000047683716,2.397982358932495
31-08-1983,3.674999952316284,0.0,103000,3.737499952316284,3.700000047683716,2.397982358932495
01-09-1983,3.625,0.0,75000,3.700000047683716,3.625,2.3493733406066895
02-09-1983,3.5999999046325684,0.0,16000,3.6500000953674316,3.5999999046325684,2.3331713676452637
06-09-1983,3.637500047683716,0.0,152000,3.75,3.75,2.4303863048553467
07-09-1983,3.762500047683716,0.0,212000,3.875,3.799999952316284,2.4627907276153564
08-09-1983,3.75,0.0,72000,3.8499999046325684,3.8499999046325684,2.4951961040496826
09-09-1983,3.8499999046325684,0.0,56000,3.862499952316284,3.862499952316284,2.503298044204712
12-09-1983,3.875,0.0,260000,3.950000047683716,3.950000047683716,2.5600075721740723
13-09-1983,3.9000000953674316,0.0,37000,3.9375,3.9375,2.551906108856201
14-09-1983,3.8375000953674316,0.0,40000,3.9124999046325684,3.8375000953674316,2.4870965480804443
15-09-1983,3.825000047683716,0.0,127000,3.950000047683716,3.950000047683716,2.5600075721740723
16-09-1983,3.9000000953674316,0.0,75000,3.9375,3.9375,2.551906108856201
19-09-1983,3.875,0.0,49000,3.9375,3.9000000953674316,2.5276012420654297
20-09-1983,3.887500047683716,0.0,18000,3.9000000953674316,3.887500047683716,2.5195000171661377
21-09-1983,3.887500047683716,0.0,156000,3.950000047683716,3.950000047683716,2.5600075721740723
22-09-1983,3.9000000953674316,0.0,65000,3.9749999046325684,3.9625000953674316,2.5681090354919434
23-09-1983,3.875,0.0,26000,3.9625000953674316,3.875,2.5113985538482666
26-09-1983,3.875,0.0,196000,3.924999952316284,3.9000000953674316,2.5276012420654297
27-09-1983,3.9000000953674316,0.0,8000,3.924999952316284,3.924999952316284,2.5438053607940674
28-09-1983,3.9124999046325684,0.0,98000,3.924999952316284,3.9124999046325684,2.5357041358947754
29-09-1983,3.9124999046325684,0.0,63000,4.012499809265137,4.0,2.592412233352661
30-09-1983,4.0,0.0,197000,4.112500190734863,4.112500190734863,2.665323257446289
03-10-1983,4.0,0.0,137000,4.099999904632568,4.0625,2.6329188346862793
04-10-1983,4.087500095367432,0.0,167000,4.137499809265137,4.125,2.6734232902526855
05-10-1983,4.0625,0.0,141000,4.137499809265137,4.112500190734863,2.665323257446289
06-10-1983,4.074999809265137,0.0,36000,4.137499809265137,4.112500190734863,2.665323257446289
07-10-1983,4.074999809265137,0.0,55000,4.112500190734863,4.087500095367432,2.6491222381591797
10-10-1983,4.050000190734863,0.0,117000,4.125,4.125,2.6734232902526855
11-10-1983,4.099999904632568,0.0,177000,4.199999809265137,4.1875,2.7139313220977783
12-10-1983,4.175000190734863,0.0,66000,4.212500095367432,4.1875,2.7139313220977783
13-10-1983,4.175000190734863,0.0,42000,4.224999904632568,4.212500095367432,2.730135917663574
14-10-1983,4.150000095367432,0.0,45000,4.175000190734863,4.175000190734863,2.7058308124542236
17-10-1983,4.074999809265137,0.0,31000,4.175000190734863,4.099999904632568,2.657222270965576
18-10-1983,4.099999904632568,0.0,60000,4.125,4.099999904632568,2.657222270965576
19-10-1983,4.074999809265137,0.0,55000,4.125,4.125,2.6734232902526855
20-10-1983,4.074999809265137,0.0,28000,4.125,4.099999904632568,2.657222270965576
21-10-1983,4.037499904632568,0.0,16000,4.074999809265137,4.037499904632568,2.6167151927948
24-10-1983,3.987499952316284,0.0,80000,4.012499809265137,4.012499809265137,2.6005122661590576
25-10-1983,3.987499952316284,0.0,56000,4.037499904632568,4.037499904632568,2.6167151927948
26-10-1983,4.025000095367432,0.0,24000,4.050000190734863,4.025000095367432,2.6086153984069824
27-10-1983,3.9749999046325684,0.0,82000,4.025000095367432,3.987499952316284,2.584311008453369
28-10-1983,3.9749999046325684,0.0,32000,3.987499952316284,3.9749999046325684,2.5762085914611816
31-10-1983,3.987499952316284,0.0,27000,4.0,3.987499952316284,2.584311008453369
01-11-1983,3.875,0.0,83000,4.0,3.875,2.5113985538482666
02-11-1983,3.7249999046325684,0.0,59000,3.8499999046325684,3.7249999046325684,2.4141838550567627
03-11-1983,3.7125000953674316,0.0,60000,3.8125,3.799999952316284,2.4627907276153564
04-11-1983,3.7750000953674316,0.0,12000,3.8125,3.7750000953674316,2.4465904235839844
07-11-1983,3.5,0.0,134000,3.75,3.5,2.2683603763580322
08-11-1983,3.362499952316284,0.0,155000,3.487499952316284,3.4749999046325684,2.2521584033966064
09-11-1983,3.5,0.0,204000,3.7750000953674316,3.7750000953674316,2.4465904235839844
10-11-1983,3.7750000953674316,0.0,209000,3.825000047683716,3.8125,2.4708921909332275
11-11-1983,3.799999952316284,0.0,30000,3.8125,3.799999952316284,2.4627907276153564
14-11-1983,3.799999952316284,0.0,49000,3.799999952316284,3.799999952316284,2.4627907276153564
15-11-1983,3.7750000953674316,0.0,40000,3.799999952316284,3.7750000953674316,2.4465904235839844
16-11-1983,3.700000047683716,0.0,89000,3.7874999046325684,3.762500047683716,2.4384877681732178
17-11-1983,3.75,0.0,18000,3.7750000953674316,3.75,2.4303863048553467
18-11-1983,3.762500047683716,0.0,84000,3.8499999046325684,3.8499999046325684,2.4951961040496826
21-11-1983,3.8499999046325684,0.0,74000,4.025000095367432,4.025000095367432,2.6086153984069824
22-11-1983,4.150000095367432,0.0,191000,4.324999809265137,4.324999809265137,2.8030457496643066
23-11-1983,4.375,0.0,417000,4.5,4.474999904632568,2.900261402130127
25-11-1983,4.474999904632568,0.0,35000,4.525000095367432,4.512499809265137,2.924565553665161
28-11-1983,4.537499904632568,0.0,75000,4.599999904632568,4.550000190734863,2.948869228363037
29-11-1983,4.449999809265137,0.0,183000,4.550000190734863,4.449999809265137,2.8840579986572266
30-11-1983,4.362500190734863,0.0,26000,4.425000190734863,4.387499809265137,2.84355092048645
01-12-1983,4.375,0.0,13000,4.425000190734863,4.425000190734863,2.867856740951538
02-12-1983,4.425000190734863,4.425000190734863,0,4.425000190734863,4.425000190734863,2.867856740951538
05-12-1983,4.375,0.0,28000,4.425000190734863,4.375,2.835452079772949
06-12-1983,4.300000190734863,0.0,17000,4.375,4.300000190734863,2.7868432998657227
07-12-1983,4.275000095367432,0.0,36000,4.375,4.375,2.835452079772949
08-12-1983,4.262499809265137,0.0,20000,4.349999904632568,4.262499809265137,2.762539863586426
09-12-1983,4.275000095367432,0.0,16000,4.3125,4.3125,2.7949442863464355
12-12-1983,4.300000190734863,0.0,22000,4.349999904632568,4.349999904632568,2.8192484378814697
13-12-1983,4.300000190734863,0.0,24000,4.375,4.3125,2.7949442863464355
14-12-1983,4.087500095367432,0.0,222000,4.275000095367432,4.087500095367432,2.6491222381591797
15-12-1983,4.087500095367432,0.0,125000,4.112500190734863,4.087500095367432,2.6491222381591797
16-12-1983,4.099999904632568,0.0,32000,4.162499904632568,4.162499904632568,2.6977291107177734
19-12-1983,4.137499809265137,0.0,36000,4.300000190734863,4.300000190734863,2.7868432998657227
20-12-1983,4.212500095367432,0.0,97000,4.324999809265137,4.237500190734863,2.746335744857788
21-12-1983,4.150000095367432,0.0,28000,4.212500095367432,4.150000095367432,2.6896262168884277
22-12-1983,4.25,0.0,437000,4.337500095367432,4.337500095367432,2.8111472129821777
23-12-1983,4.375,0.0,106000,4.449999809265137,4.425000190734863,2.867856740951538
27-12-1983,4.387499809265137,0.0,39000,4.449999809265137,4.412499904632568,2.859755039215088
28-12-1983,4.387499809265137,0.0,223000,4.474999904632568,4.449999809265137,2.8840579986572266
29-12-1983,4.462500095367432,0.0,25000,4.5,4.462500095367432,2.8921611309051514
30-12-1983,4.4375,0.0,82000,4.5,4.5,2.916463613510132
03-01-1984,4.525000095367432,0.0,67000,4.574999809265137,4.5625,2.956970691680908
04-01-1984,4.474999904632568,0.0,102500,4.574999809265137,4.550000190734863,2.948869228363037
05-01-1984,4.525000095367432,0.0,118500,4.625,4.599999904632568,2.9812746047973633
06-01-1984,4.550000190734863,0.0,35500,4.599999904632568,4.574999809265137,2.9650719165802
09-01-1984,4.449999809265137,0.0,119500,4.599999904632568,4.599999904632568,2.9812746047973633
10-01-1984,4.449999809265137,0.0,81000,4.550000190734863,4.474999904632568,2.900261402130127
11-01-1984,4.300000190734863,0.0,148000,4.400000095367432,4.324999809265137,2.8030457496643066
12-01-1984,4.324999809265137,0.0,28500,4.400000095367432,4.349999904632568,2.8192484378814697
13-01-1984,4.349999904632568,0.0,80000,4.425000190734863,4.349999904632568,2.8192484378814697
16-01-1984,4.349999904632568,0.0,84000,4.449999809265137,4.449999809265137,2.8840579986572266
17-01-1984,4.425000190734863,0.0,114000,4.5,4.5,2.916463613510132
18-01-1984,4.5,0.0,67500,4.574999809265137,4.574999809265137,2.9650719165802
19-01-1984,4.525000095367432,0.0,14500,4.525000095367432,4.525000095367432,2.932666301727295
20-01-1984,4.574999809265137,0.0,26000,4.574999809265137,4.574999809265137,2.9650719165802
23-01-1984,4.5,0.0,60000,4.525000095367432,4.5,2.916463613510132
24-01-1984,4.550000190734863,0.0,75000,4.650000095367432,4.625,2.997476816177368
25-01-1984,4.675000190734863,0.0,65500,4.775000095367432,4.675000190734863,3.029881477355957
26-01-1984,4.525000095367432,0.0,78000,4.675000190734863,4.550000190734863,2.948869228363037
27-01-1984,4.5,0.0,88000,4.550000190734863,4.550000190734863,2.948869228363037
30-01-1984,4.525000095367432,0.0,70500,4.599999904632568,4.525000095367432,2.932666301727295
31-01-1984,4.525000095367432,0.0,49500,4.525000095367432,4.525000095367432,2.932666301727295
01-02-1984,4.5,0.0,151000,4.574999809265137,4.550000190734863,2.948869228363037
02-02-1984,4.5,0.0,12000,4.525000095367432,4.5,2.916463613510132
03-02-1984,4.425000190734863,0.0,50000,4.574999809265137,4.425000190734863,2.867856740951538
06-02-1984,4.300000190734863,0.0,209000,4.425000190734863,4.400000095367432,2.8516530990600586
07-02-1984,4.300000190734863,0.0,42500,4.400000095367432,4.300000190734863,2.7868432998657227
08-02-1984,4.25,0.0,93500,4.349999904632568,4.25,2.7544376850128174
09-02-1984,3.799999952316284,0.0,377000,4.150000095367432,3.9000000953674316,2.5276012420654297
10-02-1984,3.9000000953674316,0.0,66000,4.0,3.9000000953674316,2.5276012420654297
13-02-1984,3.5,0.0,545500,3.825000047683716,3.549999952316284,2.3007655143737793
14-02-1984,3.450000047683716,0.0,131500,3.6500000953674316,3.6500000953674316,2.3655757904052734
15-02-1984,3.674999952316284,0.0,91500,3.799999952316284,3.799999952316284,2.4627907276153564
16-02-1984,3.7249999046325684,0.0,7000,3.7750000953674316,3.7750000953674316,2.4465904235839844
17-02-1984,3.700000047683716,0.0,5500,3.75,3.75,2.4303863048553467
21-02-1984,3.6500000953674316,0.0,16000,3.75,3.75,2.4303863048553467
22-02-1984,3.575000047683716,0.0,18000,3.7249999046325684,3.5999999046325684,2.3331713676452637
23-02-1984,3.5250000953674316,0.0,25000,3.6500000953674316,3.549999952316284,2.3007655143737793
24-02-1984,3.5999999046325684,0.0,67500,3.700000047683716,3.700000047683716,2.397982358932495
27-02-1984,3.5999999046325684,0.0,227000,3.7249999046325684,3.7249999046325684,2.4141838550567627
28-02-1984,3.75,0.0,26500,3.8499999046325684,3.799999952316284,2.4627907276153564
29-02-1984,3.75,0.0,22500,3.799999952316284,3.75,2.4303863048553467
01-03-1984,3.825000047683716,0.0,11500,3.8499999046325684,3.825000047683716,2.4789936542510986
02-03-1984,3.7750000953674316,0.0,13000,3.875,3.7750000953674316,2.4465904235839844
05-03-1984,3.825000047683716,0.0,12000,3.950000047683716,3.950000047683716,2.5600075721740723
06-03-1984,4.025000095367432,0.0,53000,4.199999809265137,4.074999809265137,2.641019821166992
07-03-1984,3.799999952316284,0.0,85500,4.125,3.799999952316284,2.4627907276153564
08-03-1984,3.75,0.0,9500,3.9000000953674316,3.9000000953674316,2.5276012420654297
09-03-1984,3.799999952316284,0.0,10000,3.875,3.825000047683716,2.4789936542510986
12-03-1984,3.8499999046325684,0.0,52500,4.074999809265137,4.074999809265137,2.641019821166992
13-03-1984,4.074999809265137,0.0,65000,4.175000190734863,4.099999904632568,2.657222270965576
14-03-1984,4.099999904632568,0.0,46000,4.175000190734863,4.125,2.6734232902526855
15-03-1984,4.125,0.0,24500,4.175000190734863,4.150000095367432,2.6896262168884277
16-03-1984,4.199999809265137,0.0,34500,4.275000095367432,4.25,2.7544376850128174
19-03-1984,4.125,0.0,25000,4.25,4.199999809265137,2.7220311164855957
20-03-1984,4.099999904632568,0.0,33500,4.224999904632568,4.150000095367432,2.6896262168884277
21-03-1984,3.9749999046325684,0.0,43000,4.150000095367432,4.0,2.592412233352661
22-03-1984,3.9000000953674316,0.0,45000,4.0,3.9000000953674316,2.5276012420654297
23-03-1984,3.7750000953674316,0.0,97500,3.950000047683716,3.8499999046325684,2.4951961040496826
26-03-1984,3.825000047683716,0.0,20000,3.875,3.875,2.5113985538482666
27-03-1984,3.799999952316284,0.0,94500,3.875,3.875,2.5113985538482666
28-03-1984,3.875,0.0,25500,3.9749999046325684,3.9749999046325684,2.5762085914611816
29-03-1984,3.9000000953674316,0.0,145500,4.025000095367432,3.9000000953674316,2.5276012420654297
30-03-1984,3.9000000953674316,0.0,58500,3.924999952316284,3.9000000953674316,2.5276012420654297
02-04-1984,3.825000047683716,0.0,175000,3.950000047683716,3.875,2.5113985538482666
03-04-1984,3.825000047683716,0.0,27500,3.9000000953674316,3.825000047683716,2.4789936542510986
04-04-1984,3.799999952316284,0.0,19000,3.875,3.825000047683716,2.4789936542510986
05-04-1984,3.700000047683716,0.0,173500,3.9000000953674316,3.700000047683716,2.397982358932495
06-04-1984,3.700000047683716,0.0,20000,3.75,3.700000047683716,2.397982358932495
09-04-1984,3.700000047683716,0.0,39000,3.75,3.700000047683716,2.397982358932495
10-04-1984,3.674999952316284,0.0,12000,3.7249999046325684,3.700000047683716,2.397982358932495
11-04-1984,3.6500000953674316,0.0,22000,3.700000047683716,3.6500000953674316,2.3655757904052734
12-04-1984,3.5999999046325684,0.0,85500,3.674999952316284,3.6500000953674316,2.3655757904052734
13-04-1984,3.7249999046325684,0.0,75000,3.875,3.799999952316284,2.4627907276153564
16-04-1984,3.7750000953674316,0.0,7500,3.875,3.875,2.5113985538482666
17-04-1984,3.924999952316284,0.0,45000,4.050000190734863,4.050000190734863,2.62481689453125
18-04-1984,4.099999904632568,0.0,78500,4.25,4.125,2.6734232902526855
19-04-1984,4.150000095367432,0.0,38500,4.175000190734863,4.150000095367432,2.6896262168884277
23-04-1984,4.0,0.0,171500,4.199999809265137,4.074999809265137,2.641019821166992
24-04-1984,4.0,0.0,25000,4.099999904632568,4.025000095367432,2.6086153984069824
25-04-1984,4.0,0.0,30500,4.125,4.099999904632568,2.657222270965576
26-04-1984,4.125,0.0,27000,4.175000190734863,4.175000190734863,2.7058308124542236
27-04-1984,4.050000190734863,0.0,66000,4.175000190734863,4.125,2.6734232902526855
30-04-1984,4.175000190734863,0.0,42500,4.300000190734863,4.300000190734863,2.7868432998657227
01-05-1984,4.224999904632568,0.0,18500,4.275000095367432,4.275000095367432,2.770639657974243
02-05-1984,4.199999809265137,0.0,17000,4.300000190734863,4.25,2.7544376850128174
03-05-1984,4.175000190734863,0.0,23000,4.275000095367432,4.175000190734863,2.7058308124542236
04-05-1984,4.125,0.0,8000,4.175000190734863,4.125,2.6734232902526855
07-05-1984,4.125,0.0,25500,4.199999809265137,4.175000190734863,2.7058308124542236
08-05-1984,4.074999809265137,0.0,204500,4.199999809265137,4.099999904632568,2.657222270965576
09-05-1984,4.025000095367432,0.0,415500,4.5,4.5,2.916463613510132
10-05-1984,4.550000190734863,0.0,283500,5.099999904632568,4.699999809265137,3.0460846424102783
11-05-1984,4.574999809265137,0.0,72000,4.699999809265137,4.650000095367432,3.013679027557373
14-05-1984,4.675000190734863,0.0,178000,4.949999809265137,4.724999904632568,3.0622873306274414
15-05-1984,4.675000190734863,0.0,60500,4.800000190734863,4.800000190734863,3.1108977794647217
16-05-1984,4.650000095367432,0.0,102000,4.875,4.650000095367432,3.013679027557373
17-05-1984,4.599999904632568,0.0,58000,4.675000190734863,4.625,2.997476816177368
18-05-1984,4.5,0.0,29000,4.625,4.574999809265137,2.9650719165802
21-05-1984,4.525000095367432,0.0,16000,4.574999809265137,4.550000190734863,2.948869228363037
22-05-1984,4.425000190734863,0.0,21000,4.574999809265137,4.425000190734863,2.867856740951538
23-05-1984,4.25,0.0,62000,4.400000095367432,4.25,2.7544376850128174
24-05-1984,3.950000047683716,0.0,157000,4.300000190734863,3.950000047683716,2.5600075721740723
25-05-1984,3.9749999046325684,0.0,234500,4.199999809265137,4.199999809265137,2.7220311164855957
29-05-1984,4.150000095367432,0.0,24500,4.25,4.199999809265137,2.7220311164855957
30-05-1984,4.074999809265137,0.0,57000,4.199999809265137,4.150000095367432,2.6896262168884277
31-05-1984,4.074999809265137,0.0,27000,4.175000190734863,4.099999904632568,2.657222270965576
01-06-1984,4.074999809265137,0.0,84000,4.150000095367432,4.150000095367432,2.6896262168884277
04-06-1984,4.275000095367432,0.0,36500,4.375,4.375,2.835452079772949
05-06-1984,3.950000047683716,0.0,404500,4.300000190734863,4.099999904632568,2.657222270965576
06-06-1984,3.875,0.0,268000,4.099999904632568,3.875,2.5113985538482666
07-06-1984,3.875,0.0,83500,3.9749999046325684,3.950000047683716,2.5600075721740723
08-06-1984,3.924999952316284,0.0,19000,3.950000047683716,3.924999952316284,2.5438053607940674
11-06-1984,3.8499999046325684,0.0,219500,3.950000047683716,3.8499999046325684,2.4951961040496826
12-06-1984,3.825000047683716,0.0,23000,3.8499999046325684,3.825000047683716,2.4789936542510986
13-06-1984,3.7249999046325684,0.0,47000,3.825000047683716,3.7750000953674316,2.4465904235839844
14-06-1984,3.75,0.0,37500,3.799999952316284,3.7750000953674316,2.4465904235839844
15-06-1984,3.4749999046325684,0.0,758000,3.799999952316284,3.5999999046325684,2.3331713676452637
18-06-1984,3.5,0.0,52000,3.5999999046325684,3.575000047683716,2.3169679641723633
19-06-1984,3.5250000953674316,0.0,42500,3.6500000953674316,3.5999999046325684,2.3331713676452637
20-06-1984,3.4749999046325684,0.0,63000,3.575000047683716,3.4749999046325684,2.2521584033966064
21-06-1984,3.4000000953674316,0.0,316500,3.549999952316284,3.5,2.2683603763580322
22-06-1984,3.450000047683716,0.0,96000,3.549999952316284,3.450000047683716,2.2359564304351807
25-06-1984,3.450000047683716,0.0,51500,3.5999999046325684,3.575000047683716,2.3169679641723633
26-06-1984,3.5250000953674316,0.0,10000,3.549999952316284,3.549999952316284,2.3007655143737793
27-06-1984,3.5250000953674316,0.0,171500,3.799999952316284,3.75,2.4303863048553467
28-06-1984,3.75,0.0,71000,3.825000047683716,3.799999952316284,2.4627907276153564
29-06-1984,3.799999952316284,0.0,19500,3.9000000953674316,3.8499999046325684,2.4951961040496826
02-07-1984,3.6500000953674316,0.0,30500,3.799999952316284,3.674999952316284,2.381779432296753
03-07-1984,3.6500000953674316,0.0,67500,3.9749999046325684,3.9749999046325684,2.5762085914611816
05-07-1984,3.950000047683716,0.0,43500,4.050000190734863,3.9749999046325684,2.5762085914611816
06-07-1984,3.9000000953674316,0.0,15000,3.950000047683716,3.924999952316284,2.5438053607940674
09-07-1984,3.8499999046325684,0.0,35000,3.924999952316284,3.875,2.5113985538482666
10-07-1984,3.875,0.0,16500,3.950000047683716,3.9000000953674316,2.5276012420654297
11-07-1984,3.75,0.0,79000,3.9000000953674316,3.799999952316284,2.4627907276153564
12-07-1984,3.7249999046325684,0.0,206500,3.9000000953674316,3.9000000953674316,2.5276012420654297
13-07-1984,3.825000047683716,0.0,72000,3.9000000953674316,3.825000047683716,2.4789936542510986
16-07-1984,3.799999952316284,0.0,16000,3.875,3.825000047683716,2.4789936542510986
17-07-1984,3.8499999046325684,0.0,66500,3.8499999046325684,3.8499999046325684,2.4951961040496826
18-07-1984,3.799999952316284,0.0,71500,3.8499999046325684,3.799999952316284,2.4627907276153564
19-07-1984,3.674999952316284,0.0,55500,3.7750000953674316,3.674999952316284,2.381779432296753
20-07-1984,3.5250000953674316,0.0,132000,3.6500000953674316,3.5250000953674316,2.284562110900879
23-07-1984,3.3499999046325684,0.0,28000,3.5250000953674316,3.3499999046325684,2.1711456775665283
24-07-1984,3.4000000953674316,0.0,67000,3.4749999046325684,3.4749999046325684,2.2521584033966064
25-07-1984,3.25,0.0,136000,3.5,3.299999952316284,2.138740062713623
26-07-1984,3.325000047683716,0.0,76500,3.450000047683716,3.450000047683716,2.2359564304351807
27-07-1984,3.3499999046325684,0.0,20000,3.4749999046325684,3.424999952316284,2.219752311706543
30-07-1984,3.4749999046325684,0.0,30000,3.549999952316284,3.549999952316284,2.3007655143737793
31-07-1984,3.4749999046325684,0.0,129500,3.825000047683716,3.825000047683716,2.4789936542510986
01-08-1984,3.7249999046325684,0.0,98500,3.8499999046325684,3.8499999046325684,2.4951961040496826
02-08-1984,3.8499999046325684,0.0,59000,3.9000000953674316,3.8499999046325684,2.4951961040496826
03-08-1984,3.799999952316284,0.0,565500,4.199999809265137,4.150000095367432,2.6896262168884277
06-08-1984,3.9000000953674316,0.0,241500,4.125,4.025000095367432,2.6086153984069824
07-08-1984,4.0,0.0,75500,4.099999904632568,4.099999904632568,2.657222270965576
08-08-1984,4.074999809265137,0.0,320000,4.324999809265137,4.224999904632568,2.7382357120513916
09-08-1984,4.224999904632568,0.0,167500,4.449999809265137,4.349999904632568,2.8192484378814697
10-08-1984,4.25,0.0,157000,4.449999809265137,4.25,2.7544376850128174
13-08-1984,4.199999809265137,0.0,101000,4.324999809265137,4.275000095367432,2.770639657974243
14-08-1984,4.199999809265137,0.0,434500,4.675000190734863,4.550000190734863,2.948869228363037
15-08-1984,4.550000190734863,0.0,312000,4.675000190734863,4.675000190734863,3.029881477355957
16-08-1984,4.300000190734863,0.0,218500,4.675000190734863,4.474999904632568,2.900261402130127
17-08-1984,4.449999809265137,0.0,83500,4.550000190734863,4.550000190734863,2.948869228363037
20-08-1984,4.474999904632568,0.0,116000,4.574999809265137,4.525000095367432,2.932666301727295
21-08-1984,4.525000095367432,0.0,64000,4.574999809265137,4.550000190734863,2.948869228363037
22-08-1984,4.25,0.0,130500,4.550000190734863,4.400000095367432,2.8516530990600586
23-08-1984,4.324999809265137,0.0,117500,4.449999809265137,4.349999904632568,2.8192484378814697
24-08-1984,4.224999904632568,0.0,166500,4.5,4.5,2.916463613510132
27-08-1984,4.449999809265137,0.0,133000,4.574999809265137,4.525000095367432,2.932666301727295
28-08-1984,4.25,0.0,154000,4.525000095367432,4.275000095367432,2.770639657974243
29-08-1984,4.224999904632568,0.0,319000,4.449999809265137,4.449999809265137,2.8840579986572266
30-08-1984,4.449999809265137,0.0,125500,4.574999809265137,4.574999809265137,2.9650719165802
31-08-1984,4.474999904632568,0.0,79500,4.574999809265137,4.550000190734863,2.948869228363037
04-09-1984,4.425000190734863,0.0,45000,4.574999809265137,4.425000190734863,2.867856740951538
05-09-1984,4.324999809265137,0.0,153000,4.449999809265137,4.449999809265137,2.8840579986572266
06-09-1984,4.400000095367432,0.0,195500,4.574999809265137,4.5,2.916463613510132
07-09-1984,4.525000095367432,0.0,162500,4.75,4.699999809265137,3.0460846424102783
10-09-1984,4.574999809265137,0.0,101000,4.724999904632568,4.650000095367432,3.013679027557373
11-09-1984,4.650000095367432,0.0,151000,4.75,4.675000190734863,3.029881477355957
12-09-1984,4.525000095367432,0.0,92500,4.724999904632568,4.599999904632568,2.9812746047973633
13-09-1984,4.525000095367432,0.0,140000,4.599999904632568,4.599999904632568,2.9812746047973633
14-09-1984,4.574999809265137,0.0,81500,4.625,4.574999809265137,2.9650719165802
17-09-1984,4.650000095367432,0.0,125500,4.775000095367432,4.775000095367432,3.094691514968872
18-09-1984,4.724999904632568,0.0,460500,5.0,4.849999904632568,3.143299102783203
19-09-1984,4.875,0.0,348000,5.050000190734863,4.875,3.159501552581787
20-09-1984,4.900000095367432,0.0,104500,4.974999904632568,4.900000095367432,3.175703525543213
21-09-1984,5.0,0.0,492500,5.324999809265137,5.300000190734863,3.4349474906921387
24-09-1984,5.324999809265137,0.0,420000,5.425000190734863,5.349999904632568,3.467349052429199
25-09-1984,5.25,0.0,291500,5.400000095367432,5.275000095367432,3.41874361038208
26-09-1984,5.275000095367432,0.0,281000,5.349999904632568,5.275000095367432,3.41874361038208
27-09-1984,5.324999809265137,0.0,93000,5.375,5.375,3.4835548400878906
28-09-1984,5.324999809265137,0.0,78500,5.375,5.375,3.4835548400878906
01-10-1984,5.324999809265137,0.0,171500,5.550000190734863,5.425000190734863,3.5159575939178467
02-10-1984,5.400000095367432,0.0,184500,5.474999904632568,5.400000095367432,3.499758243560791
03-10-1984,5.375,0.0,146500,5.574999809265137,5.574999809265137,3.613175392150879
04-10-1984,5.525000095367432,0.0,211500,5.650000095367432,5.625,3.645578145980835
05-10-1984,5.574999809265137,0.0,326000,5.650000095367432,5.650000095367432,3.6617813110351562
08-10-1984,5.574999809265137,0.0,167000,5.675000190734863,5.599999904632568,3.6293785572052
09-10-1984,5.599999904632568,0.0,124500,5.675000190734863,5.650000095367432,3.6617813110351562
10-10-1984,5.599999904632568,0.0,96000,5.625,5.599999904632568,3.6293785572052
11-10-1984,5.550000190734863,0.0,96000,5.599999904632568,5.599999904632568,3.6293785572052
12-10-1984,5.449999809265137,0.0,267000,5.599999904632568,5.5,3.5645673274993896
15-10-1984,5.375,0.0,211000,5.425000190734863,5.375,3.4835548400878906
16-10-1984,5.125,0.0,167000,5.300000190734863,5.199999809265137,3.370136260986328
17-10-1984,4.925000190734863,0.0,334000,5.199999809265137,4.949999809265137,3.20811128616333
18-10-1984,4.949999809265137,0.0,790500,5.474999904632568,5.449999809265137,3.532160520553589
19-10-1984,5.275000095367432,0.0,184500,5.449999809265137,5.349999904632568,3.467349052429199
22-10-1984,5.25,0.0,88500,5.324999809265137,5.25,3.402540445327759
23-10-1984,5.300000190734863,0.0,28500,5.324999809265137,5.300000190734863,3.4349474906921387
24-10-1984,5.25,0.0,26500,5.324999809265137,5.324999809265137,3.4511497020721436
25-10-1984,5.25,0.0,20000,5.324999809265137,5.324999809265137,3.4511497020721436
26-10-1984,5.275000095367432,0.0,135000,5.349999904632568,5.275000095367432,3.41874361038208
29-10-1984,5.150000095367432,0.0,47000,5.324999809265137,5.275000095367432,3.41874361038208
30-10-1984,5.199999809265137,0.0,23500,5.275000095367432,5.224999904632568,3.3863391876220703
31-10-1984,5.150000095367432,0.0,23000,5.199999809265137,5.199999809265137,3.370136260986328
01-11-1984,5.175000190734863,0.0,20500,5.224999904632568,5.199999809265137,3.370136260986328
02-11-1984,5.099999904632568,0.0,129000,5.175000190734863,5.175000190734863,3.353933572769165
05-11-1984,5.099999904632568,0.0,29000,5.175000190734863,5.175000190734863,3.353933572769165
06-11-1984,5.150000095367432,0.0,49000,5.25,5.25,3.402540445327759
07-11-1984,5.125,0.0,20500,5.175000190734863,5.150000095367432,3.3377299308776855
08-11-1984,5.150000095367432,0.0,95000,5.224999904632568,5.224999904632568,3.3863391876220703
09-11-1984,5.150000095367432,0.0,27000,5.199999809265137,5.199999809265137,3.370136260986328
12-11-1984,5.125,0.0,42500,5.25,5.125,3.3215291500091553
13-11-1984,5.125,0.0,38500,5.175000190734863,5.125,3.3215291500091553
14-11-1984,4.824999809265137,0.0,225500,5.074999809265137,4.949999809265137,3.20811128616333
15-11-1984,4.925000190734863,0.0,88500,4.949999809265137,4.925000190734863,3.1919078826904297
16-11-1984,4.900000095367432,0.0,70500,4.925000190734863,4.925000190734863,3.1919078826904297
19-11-1984,4.800000190734863,0.0,72500,4.875,4.849999904632568,3.143299102783203
20-11-1984,4.849999904632568,0.0,406000,5.0,4.949999809265137,3.20811128616333
21-11-1984,5.0,0.0,98000,5.150000095367432,5.150000095367432,3.3377299308776855
23-11-1984,5.199999809265137,0.0,79500,5.324999809265137,5.300000190734863,3.4349474906921387
26-11-1984,5.125,0.0,106500,5.300000190734863,5.199999809265137,3.370136260986328
27-11-1984,5.125,0.0,69500,5.199999809265137,5.199999809265137,3.370136260986328
28-11-1984,5.150000095367432,0.0,23000,5.199999809265137,5.150000095367432,3.3377299308776855
29-11-1984,5.074999809265137,0.0,20500,5.150000095367432,5.150000095367432,3.3377299308776855
30-11-1984,5.025000095367432,0.0,82000,5.199999809265137,5.199999809265137,3.370136260986328
03-12-1984,5.050000190734863,0.0,35000,5.150000095367432,5.050000190734863,3.337092876434326
04-12-1984,5.050000190734863,0.0,40000,5.125,5.099999904632568,3.3701353073120117
05-12-1984,4.875,0.0,321000,5.099999904632568,4.974999904632568,3.287536859512329
06-12-1984,4.925000190734863,0.0,202000,5.074999809265137,5.074999809265137,3.3536159992218018
07-12-1984,5.0,0.0,46000,5.050000190734863,5.050000190734863,3.337092876434326
10-12-1984,4.974999904632568,0.0,103000,5.050000190734863,5.050000190734863,3.337092876434326
11-12-1984,5.050000190734863,0.0,443500,5.300000190734863,5.300000190734863,3.5022969245910645
12-12-1984,5.300000190734863,0.0,1974000,5.699999809265137,5.599999904632568,3.7005414962768555
13-12-1984,5.349999904632568,0.0,328500,5.550000190734863,5.474999904632568,3.61794114112854
14-12-1984,5.300000190734863,0.0,204500,5.474999904632568,5.449999809265137,3.6014206409454346
17-12-1984,5.300000190734863,0.0,116000,5.425000190734863,5.324999809265137,3.5188183784484863
18-12-1984,5.175000190734863,0.0,193500,5.400000095367432,5.199999809265137,3.4362173080444336
19-12-1984,5.125,0.0,275000,5.300000190734863,5.199999809265137,3.4362173080444336
20-12-1984,5.099999904632568,0.0,76500,5.175000190734863,5.125,3.3866567611694336
21-12-1984,5.125,0.0,396000,5.25,5.199999809265137,3.4362173080444336
24-12-1984,5.224999904632568,0.0,334500,5.349999904632568,5.275000095367432,3.4857797622680664
26-12-1984,5.25,0.0,101000,5.324999809265137,5.300000190734863,3.5022969245910645
27-12-1984,5.25,0.0,257500,5.324999809265137,5.300000190734863,3.5022969245910645
28-12-1984,4.849999904632568,0.0,1116000,5.25,4.949999809265137,3.2710137367248535
31-12-1984,4.849999904632568,0.0,94000,5.0,5.0,3.3040552139282227
02-01-1985,4.775000095367432,0.0,64000,4.949999809265137,4.824999809265137,3.188413619995117
03-01-1985,4.800000190734863,0.0,51000,4.949999809265137,4.900000095367432,3.237973690032959
04-01-1985,4.75,0.0,255500,4.875,4.800000190734863,3.1718943119049072
07-01-1985,4.75,0.0,150000,4.925000190734863,4.925000190734863,3.254493236541748
08-01-1985,4.900000095367432,0.0,55500,4.974999904632568,4.900000095367432,3.237973690032959
09-01-1985,4.849999904632568,0.0,25500,4.900000095367432,4.875,3.2214531898498535
10-01-1985,4.599999904632568,0.0,132500,4.849999904632568,4.699999809265137,3.1058096885681152
11-01-1985,4.525000095367432,0.0,295000,4.75,4.75,3.1388511657714844
14-01-1985,4.75,0.0,76500,4.824999809265137,4.824999809265137,3.188413619995117
15-01-1985,4.775000095367432,0.0,60000,4.849999904632568,4.849999904632568,3.2049319744110107
16-01-1985,4.824999809265137,0.0,234000,5.099999904632568,5.099999904632568,3.3701353073120117
17-01-1985,5.125,0.0,267500,5.224999904632568,5.150000095367432,3.403175115585327
18-01-1985,5.125,0.0,34500,5.175000190734863,5.125,3.3866567611694336
21-01-1985,5.025000095367432,0.0,47500,5.150000095367432,5.025000095367432,3.3205764293670654
22-01-1985,4.925000190734863,0.0,69500,4.974999904632568,4.974999904632568,3.287536859512329
23-01-1985,4.900000095367432,0.0,66500,4.974999904632568,4.974999904632568,3.287536859512329
24-01-1985,4.875,0.0,58500,4.949999809265137,4.949999809265137,3.2710137367248535
25-01-1985,4.900000095367432,0.0,61000,4.974999904632568,4.925000190734863,3.254493236541748
28-01-1985,4.925000190734863,0.0,121500,5.025000095367432,4.974999904632568,3.287536859512329
29-01-1985,4.974999904632568,0.0,65000,5.050000190734863,5.0,3.3040552139282227
30-01-1985,4.875,0.0,76000,5.0,4.925000190734863,3.254493236541748
31-01-1985,4.900000095367432,0.0,25500,4.974999904632568,4.974999904632568,3.287536859512329
01-02-1985,4.925000190734863,0.0,34000,5.025000095367432,5.0,3.3040552139282227
04-02-1985,4.900000095367432,0.0,97000,5.050000190734863,4.949999809265137,3.2710137367248535
05-02-1985,4.949999809265137,0.0,293500,5.175000190734863,5.175000190734863,3.4196982383728027
06-02-1985,5.224999904632568,0.0,218500,5.324999809265137,5.300000190734863,3.5022969245910645
07-02-1985,5.25,0.0,108000,5.425000190734863,5.25,3.4692583084106445
08-02-1985,5.125,0.0,80000,5.300000190734863,5.25,3.4692583084106445
11-02-1985,5.125,0.0,22500,5.224999904632568,5.199999809265137,3.4362173080444336
12-02-1985,5.150000095367432,0.0,45500,5.199999809265137,5.150000095367432,3.403175115585327
13-02-1985,5.125,0.0,25500,5.199999809265137,5.199999809265137,3.5042619705200195
14-02-1985,5.199999809265137,0.0,92000,5.300000190734863,5.25,3.537954807281494
15-02-1985,5.199999809265137,0.0,30000,5.275000095367432,5.199999809265137,3.5042619705200195
19-02-1985,5.150000095367432,0.0,21500,5.199999809265137,5.150000095367432,3.470564603805542
20-02-1985,5.175000190734863,0.0,51000,5.275000095367432,5.199999809265137,3.5042619705200195
21-02-1985,5.199999809265137,0.0,95000,5.324999809265137,5.25,3.537954807281494
22-02-1985,5.25,0.0,96500,5.400000095367432,5.25,3.537954807281494
25-02-1985,5.199999809265137,0.0,45500,5.300000190734863,5.275000095367432,3.5548043251037598
26-02-1985,5.300000190734863,0.0,60000,5.375,5.349999904632568,3.60534405708313
27-02-1985,5.099999904632568,0.0,68000,5.300000190734863,5.150000095367432,3.470564603805542
28-02-1985,5.199999809265137,0.0,58000,5.300000190734863,5.300000190734863,3.5716519355773926
01-03-1985,5.349999904632568,0.0,222500,5.449999809265137,5.400000095367432,3.6390411853790283
04-03-1985,5.324999809265137,0.0,86500,5.400000095367432,5.324999809265137,3.5884974002838135
05-03-1985,5.324999809265137,0.0,45000,5.375,5.349999904632568,3.60534405708313
06-03-1985,5.349999904632568,0.0,121500,5.400000095367432,5.349999904632568,3.60534405708313
07-03-1985,5.275000095367432,0.0,68500,5.375,5.349999904632568,3.60534405708313
08-03-1985,5.275000095367432,0.0,19000,5.349999904632568,5.324999809265137,3.5884974002838135
11-03-1985,5.224999904632568,0.0,17000,5.300000190734863,5.224999904632568,3.5211052894592285
12-03-1985,5.175000190734863,0.0,20000,5.25,5.199999809265137,3.5042619705200195
13-03-1985,5.175000190734863,0.0,37500,5.25,5.175000190734863,3.487414598464966
14-03-1985,4.599999904632568,0.0,595000,5.150000095367432,4.824999809265137,3.2515504360198975
15-03-1985,4.800000190734863,0.0,74500,4.900000095367432,4.800000190734863,3.234703540802002
18-03-1985,4.550000190734863,0.0,205500,4.724999904632568,4.599999904632568,3.0999255180358887
19-03-1985,4.550000190734863,0.0,81000,4.675000190734863,4.675000190734863,3.1504647731781006
20-03-1985,4.599999904632568,0.0,66000,4.75,4.599999904632568,3.0999255180358887
21-03-1985,4.650000095367432,0.0,229500,4.699999809265137,4.650000095367432,3.1336188316345215
22-03-1985,4.5,0.0,41000,4.675000190734863,4.599999904632568,3.0999255180358887
25-03-1985,4.550000190734863,0.0,21500,4.574999809265137,4.550000190734863,3.0662283897399902
26-03-1985,4.525000095367432,0.0,918000,4.875,4.875,3.2852447032928467
27-03-1985,4.75,0.0,131500,4.949999809265137,4.949999809265137,3.3357880115509033
28-03-1985,4.900000095367432,0.0,33500,5.0,4.900000095367432,3.3020918369293213
29-03-1985,4.925000190734863,0.0,215000,5.199999809265137,5.150000095367432,3.470564603805542
01-04-1985,4.949999809265137,0.0,36500,5.099999904632568,4.949999809265137,3.3357880115509033
02-04-1985,4.775000095367432,0.0,83000,5.050000190734863,4.775000095367432,3.2178537845611572
03-04-1985,4.75,0.0,155500,5.099999904632568,5.074999809265137,3.420024871826172
04-04-1985,4.849999904632568,0.0,84000,5.074999809265137,5.0,3.3694822788238525
08-04-1985,4.875,0.0,84000,4.974999904632568,4.949999809265137,3.3357880115509033
09-04-1985,4.949999809265137,0.0,94000,5.074999809265137,5.050000190734863,3.4031763076782227
10-04-1985,5.074999809265137,0.0,54000,5.150000095367432,5.150000095367432,3.470564603805542
11-04-1985,5.0,0.0,48000,5.150000095367432,5.0,3.3694822788238525
12-04-1985,4.974999904632568,0.0,9500,5.050000190734863,5.050000190734863,3.4031763076782227
15-04-1985,5.0,0.0,24000,5.074999809265137,5.0,3.3694822788238525
16-04-1985,4.949999809265137,0.0,65500,5.025000095367432,5.0,3.3694822788238525
17-04-1985,4.974999904632568,0.0,78500,5.050000190734863,5.050000190734863,3.4031763076782227
18-04-1985,5.025000095367432,0.0,135500,5.150000095367432,5.150000095367432,3.470564603805542
19-04-1985,5.0,0.0,159000,5.150000095367432,5.150000095367432,3.470564603805542
22-04-1985,5.0,0.0,81000,5.150000095367432,5.0,3.3694822788238525
23-04-1985,4.074999809265137,0.0,707500,4.25,4.199999809265137,2.8303632736206055
24-04-1985,4.275000095367432,0.0,245000,4.375,4.324999809265137,2.914602279663086
25-04-1985,4.449999809265137,0.0,180500,4.5,4.449999809265137,2.998837471008301
26-04-1985,4.449999809265137,0.0,152000,4.5,4.449999809265137,2.998837471008301
29-04-1985,4.449999809265137,0.0,1231000,4.474999904632568,4.474999904632568,3.0156848430633545
30-04-1985,4.449999809265137,0.0,49000,4.5,4.474999904632568,3.0156848430633545
01-05-1985,4.474999904632568,0.0,51000,4.5,4.474999904632568,3.0156848430633545
02-05-1985,4.449999809265137,0.0,50000,4.5,4.449999809265137,2.998837471008301
03-05-1985,4.425000190734863,0.0,83000,4.474999904632568,4.449999809265137,2.998837471008301
06-05-1985,4.449999809265137,0.0,34500,4.5,4.474999904632568,3.0156848430633545
07-05-1985,4.449999809265137,0.0,58000,4.5,4.449999809265137,2.998837471008301
08-05-1985,4.449999809265137,0.0,18000,4.474999904632568,4.449999809265137,2.998837471008301
09-05-1985,4.449999809265137,0.0,63000,4.574999809265137,4.525000095367432,3.0493812561035156
10-05-1985,4.525000095367432,0.0,40500,4.574999809265137,4.574999809265137,3.0830767154693604
13-05-1985,4.474999904632568,0.0,14000,4.574999809265137,4.474999904632568,3.0830752849578857
14-05-1985,4.449999809265137,0.0,8500,4.5,4.449999809265137,3.0658507347106934
15-05-1985,4.474999904632568,0.0,55500,4.550000190734863,4.550000190734863,3.134747266769409
16-05-1985,4.425000190734863,0.0,117000,4.550000190734863,4.425000190734863,3.048628091812134
17-05-1985,4.449999809265137,0.0,26500,4.474999904632568,4.474999904632568,3.0830752849578857
20-05-1985,4.400000095367432,0.0,50500,4.5,4.400000095367432,3.031403064727783
21-05-1985,4.400000095367432,0.0,98000,4.574999809265137,4.550000190734863,3.134747266769409
22-05-1985,4.525000095367432,0.0,17000,4.550000190734863,4.525000095367432,3.1175243854522705
23-05-1985,4.525000095367432,0.0,47000,4.599999904632568,4.525000095367432,3.1175243854522705
24-05-1985,4.474999904632568,0.0,23000,4.550000190734863,4.5,3.1002981662750244
28-05-1985,4.449999809265137,0.0,239500,4.5,4.474999904632568,3.0830752849578857
29-05-1985,4.449999809265137,0.0,59000,4.474999904632568,4.449999809265137,3.0658507347106934
30-05-1985,4.425000190734863,0.0,31500,4.474999904632568,4.474999904632568,3.0830752849578857
31-05-1985,4.449999809265137,0.0,7500,4.525000095367432,4.525000095367432,3.1175243854522705
03-06-1985,4.474999904632568,0.0,23000,4.550000190734863,4.525000095367432,3.1175243854522705
04-06-1985,4.5,0.0,80000,4.699999809265137,4.699999809265137,3.238090991973877
05-06-1985,4.574999809265137,0.0,33000,4.650000095367432,4.650000095367432,3.203643798828125
06-06-1985,4.625,0.0,103500,4.800000190734863,4.724999904632568,3.255314350128174
07-06-1985,4.724999904632568,0.0,29000,4.75,4.724999904632568,3.255314350128174
10-06-1985,4.699999809265137,0.0,73000,4.75,4.75,3.2725377082824707
11-06-1985,4.775000095367432,0.0,11500,4.775000095367432,4.775000095367432,3.289761543273926
12-06-1985,4.775000095367432,0.0,29500,4.800000190734863,4.800000190734863,3.306987762451172
13-06-1985,4.800000190734863,0.0,123500,4.875,4.849999904632568,3.3414344787597656
14-06-1985,4.849999904632568,0.0,12500,4.875,4.849999904632568,3.3414344787597656
17-06-1985,4.849999904632568,0.0,41500,4.900000095367432,4.875,3.3586575984954834
18-06-1985,4.849999904632568,0.0,131000,4.875,4.849999904632568,3.3414344787597656
19-06-1985,4.849999904632568,0.0,51500,4.875,4.849999904632568,3.3414344787597656
20-06-1985,4.849999904632568,0.0,63500,4.949999809265137,4.900000095367432,3.375882863998413
21-06-1985,4.900000095367432,0.0,41500,4.925000190734863,4.900000095367432,3.375882863998413
24-06-1985,4.900000095367432,0.0,10500,4.900000095367432,4.900000095367432,3.375882863998413
25-06-1985,4.900000095367432,0.0,16500,4.925000190734863,4.900000095367432,3.375882863998413
26-06-1985,4.875,0.0,106500,4.925000190734863,4.925000190734863,3.3931050300598145
27-06-1985,4.900000095367432,0.0,12500,4.900000095367432,4.900000095367432,3.375882863998413
28-06-1985,4.900000095367432,0.0,75500,4.949999809265137,4.949999809265137,3.410329580307007
01-07-1985,4.925000190734863,0.0,8000,4.925000190734863,4.925000190734863,3.3931050300598145
02-07-1985,4.925000190734863,0.0,6500,4.925000190734863,4.925000190734863,3.3931050300598145
03-07-1985,4.875,0.0,183000,4.974999904632568,4.875,3.3586575984954834
05-07-1985,4.900000095367432,0.0,9000,4.949999809265137,4.925000190734863,3.3931050300598145
08-07-1985,4.925000190734863,4.925000190734863,0,4.925000190734863,4.925000190734863,3.3931050300598145
09-07-1985,4.925000190734863,0.0,290500,5.0,4.974999904632568,3.4275548458099365
10-07-1985,4.974999904632568,0.0,24500,5.0,4.974999904632568,3.4275548458099365
11-07-1985,4.974999904632568,0.0,13500,5.050000190734863,5.050000190734863,3.479224681854248
12-07-1985,4.974999904632568,0.0,48500,5.050000190734863,4.974999904632568,3.4275548458099365
15-07-1985,4.974999904632568,0.0,6000,4.974999904632568,4.974999904632568,3.4275548458099365
16-07-1985,4.949999809265137,0.0,34500,5.0,5.0,3.4447789192199707
17-07-1985,4.974999904632568,0.0,42500,5.050000190734863,5.025000095367432,3.4620025157928467
18-07-1985,4.974999904632568,0.0,13000,5.0,5.0,3.4447789192199707
19-07-1985,4.974999904632568,0.0,30000,5.0,5.0,3.4447789192199707
22-07-1985,4.974999904632568,0.0,36000,4.974999904632568,4.974999904632568,3.4275548458099365
23-07-1985,5.0,0.0,151500,5.099999904632568,5.050000190734863,3.479224681854248
24-07-1985,5.0,0.0,294500,5.050000190734863,5.050000190734863,3.479224681854248
25-07-1985,5.025000095367432,0.0,38500,5.074999809265137,5.050000190734863,3.479224681854248
26-07-1985,5.0,0.0,25500,5.025000095367432,5.0,3.4447789192199707
29-07-1985,4.974999904632568,0.0,24500,5.0,4.974999904632568,3.4275548458099365
30-07-1985,4.974999904632568,0.0,26000,5.0,5.0,3.4447789192199707
31-07-1985,4.974999904632568,0.0,5500,4.974999904632568,4.974999904632568,3.4275548458099365
01-08-1985,4.974999904632568,0.0,23000,5.0,5.0,3.4447789192199707
02-08-1985,4.974999904632568,0.0,19500,5.0,4.974999904632568,3.4275548458099365
05-08-1985,4.974999904632568,0.0,8000,4.974999904632568,4.974999904632568,3.4275548458099365
06-08-1985,4.974999904632568,0.0,4000,4.974999904632568,4.974999904632568,3.4275548458099365
07-08-1985,4.974999904632568,0.0,23000,4.974999904632568,4.974999904632568,3.4275548458099365
08-08-1985,4.974999904632568,0.0,44000,4.974999904632568,4.974999904632568,3.4275548458099365
09-08-1985,4.974999904632568,0.0,15500,4.974999904632568,4.974999904632568,3.4275548458099365
12-08-1985,4.949999809265137,0.0,68500,5.0,4.949999809265137,3.410329580307007
13-08-1985,4.949999809265137,0.0,41000,4.949999809265137,4.949999809265137,3.410329580307007
14-08-1985,4.925000190734863,0.0,42000,4.974999904632568,4.925000190734863,3.4630658626556396
15-08-1985,4.925000190734863,0.0,52000,4.925000190734863,4.925000190734863,3.4630658626556396
16-08-1985,4.925000190734863,0.0,64500,4.925000190734863,4.925000190734863,3.4630658626556396
19-08-1985,4.900000095367432,0.0,37000,4.925000190734863,4.900000095367432,3.4454872608184814
20-08-1985,4.900000095367432,0.0,61500,4.925000190734863,4.925000190734863,3.4630658626556396
21-08-1985,4.925000190734863,0.0,22500,4.949999809265137,4.925000190734863,3.4630658626556396
22-08-1985,4.900000095367432,0.0,36500,4.949999809265137,4.925000190734863,3.4630658626556396
23-08-1985,4.925000190734863,0.0,116000,5.0,5.0,3.5158040523529053
26-08-1985,5.0,0.0,147500,5.300000190734863,5.25,3.691594362258911
27-08-1985,5.099999904632568,0.0,36000,5.275000095367432,5.099999904632568,3.586118459701538
28-08-1985,5.050000190734863,0.0,11000,5.150000095367432,5.050000190734863,3.5509603023529053
29-08-1985,4.949999809265137,0.0,19500,5.025000095367432,4.974999904632568,3.4982268810272217
30-08-1985,4.949999809265137,0.0,25000,4.949999809265137,4.949999809265137,3.4806461334228516
03-09-1985,4.974999904632568,0.0,10000,5.0,4.974999904632568,3.4982268810272217
04-09-1985,4.949999809265137,0.0,22000,4.974999904632568,4.949999809265137,3.4806461334228516
05-09-1985,4.949999809265137,0.0,27500,4.974999904632568,4.949999809265137,3.4806461334228516
06-09-1985,5.0,0.0,23000,5.025000095367432,5.0,3.5158040523529053
09-09-1985,4.974999904632568,0.0,41000,5.025000095367432,5.0,3.5158040523529053
10-09-1985,5.0,0.0,32000,5.050000190734863,5.050000190734863,3.5509603023529053
11-09-1985,5.050000190734863,0.0,28000,5.099999904632568,5.074999809265137,3.568540573120117
12-09-1985,5.150000095367432,0.0,119000,5.375,5.324999809265137,3.744330644607544
13-09-1985,5.175000190734863,0.0,91000,5.300000190734863,5.175000190734863,3.63885760307312
16-09-1985,5.074999809265137,0.0,12500,5.150000095367432,5.074999809265137,3.568540573120117
17-09-1985,5.0,0.0,20500,5.074999809265137,5.0,3.5158040523529053
18-09-1985,5.0,0.0,72000,5.074999809265137,5.074999809265137,3.568540573120117
19-09-1985,5.099999904632568,0.0,27500,5.150000095367432,5.150000095367432,3.621274709701538
20-09-1985,5.125,0.0,44000,5.224999904632568,5.125,3.60369873046875
23-09-1985,5.099999904632568,0.0,30500,5.150000095367432,5.099999904632568,3.586118459701538
24-09-1985,5.025000095367432,0.0,108500,5.099999904632568,5.074999809265137,3.568540573120117
25-09-1985,5.050000190734863,0.0,6500,5.050000190734863,5.050000190734863,3.5509603023529053
26-09-1985,5.050000190734863,0.0,17500,5.050000190734863,5.050000190734863,3.5509603023529053
30-09-1985,5.050000190734863,0.0,34000,5.099999904632568,5.050000190734863,3.5509603023529053
01-10-1985,5.025000095367432,0.0,36000,5.099999904632568,5.050000190734863,3.5509603023529053
02-10-1985,5.125,0.0,42500,5.199999809265137,5.199999809265137,3.656435489654541
03-10-1985,5.175000190734863,0.0,56500,5.324999809265137,5.300000190734863,3.726752519607544
04-10-1985,5.224999904632568,0.0,9000,5.275000095367432,5.275000095367432,3.7091732025146484
07-10-1985,5.175000190734863,0.0,18500,5.25,5.175000190734863,3.63885760307312
08-10-1985,5.150000095367432,0.0,86500,5.25,5.224999904632568,3.6740148067474365
09-10-1985,5.125,0.0,20500,5.25,5.125,3.60369873046875
10-10-1985,5.125,0.0,13500,5.175000190734863,5.125,3.60369873046875
11-10-1985,5.099999904632568,0.0,27000,5.150000095367432,5.099999904632568,3.586118459701538
14-10-1985,5.099999904632568,0.0,14500,5.125,5.099999904632568,3.586118459701538
15-10-1985,5.125,0.0,47000,5.224999904632568,5.125,3.60369873046875
16-10-1985,5.150000095367432,0.0,128500,5.375,5.349999904632568,3.761909008026123
17-10-1985,5.375,0.0,775500,5.550000190734863,5.449999809265137,3.8322253227233887
18-10-1985,5.550000190734863,0.0,161500,5.650000095367432,5.599999904632568,3.9376981258392334
21-10-1985,5.474999904632568,0.0,43500,5.599999904632568,5.474999904632568,3.8498048782348633
22-10-1985,5.425000190734863,0.0,652000,5.724999904632568,5.650000095367432,3.9728591442108154
23-10-1985,5.699999809265137,0.0,467000,6.0,5.849999904632568,4.113489151000977
24-10-1985,5.800000190734863,0.0,225500,5.974999904632568,5.949999809265137,4.183807849884033
25-10-1985,5.925000190734863,0.0,282500,6.125,5.949999809265137,4.183807849884033
28-10-1985,5.849999904632568,0.0,44500,5.949999809265137,5.925000190734863,4.16623067855835
29-10-1985,5.724999904632568,0.0,52000,5.875,5.724999904632568,4.025592803955078
30-10-1985,5.800000190734863,0.0,280000,5.900000095367432,5.900000095367432,4.148647785186768
31-10-1985,5.75,0.0,67000,5.949999809265137,5.75,4.043173789978027
01-11-1985,5.75,0.0,48500,5.875,5.849999904632568,4.113489151000977
04-11-1985,5.775000095367432,0.0,140000,5.849999904632568,5.800000190734863,4.078331470489502
05-11-1985,5.675000190734863,0.0,252500,5.800000190734863,5.724999904632568,4.025592803955078
06-11-1985,5.75,0.0,102500,5.800000190734863,5.75,4.043173789978027
07-11-1985,5.75,0.0,88000,5.75,5.75,4.043173789978027
08-11-1985,5.75,0.0,36000,5.775000095367432,5.75,4.043173789978027
11-11-1985,5.675000190734863,0.0,78000,5.75,5.724999904632568,4.025592803955078
12-11-1985,5.724999904632568,0.0,165000,5.800000190734863,5.800000190734863,4.078331470489502
13-11-1985,5.75,0.0,218500,5.900000095367432,5.849999904632568,4.113489151000977
14-11-1985,5.800000190734863,0.0,67000,5.849999904632568,5.824999809265137,4.095912933349609
15-11-1985,5.724999904632568,0.0,171000,5.849999904632568,5.849999904632568,4.113489151000977
18-11-1985,5.875,0.0,34500,5.900000095367432,5.875,4.131070137023926
19-11-1985,5.775000095367432,0.0,75000,5.900000095367432,5.775000095367432,4.06075382232666
20-11-1985,5.800000190734863,0.0,16500,5.849999904632568,5.800000190734863,4.078331470489502
21-11-1985,5.800000190734863,0.0,41000,5.849999904632568,5.800000190734863,4.078331470489502
22-11-1985,5.75,0.0,13500,5.800000190734863,5.800000190734863,4.078331470489502
25-11-1985,5.724999904632568,0.0,20000,5.775000095367432,5.75,4.043173789978027
26-11-1985,5.724999904632568,0.0,21000,5.800000190734863,5.75,4.043173789978027
27-11-1985,5.650000095367432,0.0,61500,5.775000095367432,5.650000095367432,3.9728591442108154
29-11-1985,5.625,0.0,18000,5.699999809265137,5.625,3.95527982711792
02-12-1985,5.599999904632568,0.0,113500,5.75,5.675000190734863,4.062662601470947
03-12-1985,5.650000095367432,0.0,51000,5.775000095367432,5.775000095367432,4.134250164031982
04-12-1985,5.775000095367432,0.0,75500,5.849999904632568,5.849999904632568,4.187942028045654
05-12-1985,5.75,0.0,34000,5.824999809265137,5.800000190734863,4.152146816253662
06-12-1985,5.699999809265137,0.0,28000,5.75,5.699999809265137,4.080557823181152
09-12-1985,5.675000190734863,0.0,44000,5.75,5.699999809265137,4.080557823181152
10-12-1985,5.699999809265137,0.0,32000,5.75,5.75,4.116353511810303
11-12-1985,5.724999904632568,0.0,47500,5.800000190734863,5.800000190734863,4.152146816253662
12-12-1985,5.724999904632568,0.0,63000,5.849999904632568,5.724999904632568,4.098455905914307
13-12-1985,5.724999904632568,0.0,238000,5.775000095367432,5.75,4.116353511810303
16-12-1985,5.75,0.0,118500,5.824999809265137,5.824999809265137,4.170046806335449
17-12-1985,5.75,0.0,47500,5.849999904632568,5.75,4.116353511810303
18-12-1985,5.775000095367432,0.0,20500,5.875,5.875,4.205838203430176
19-12-1985,5.800000190734863,0.0,123000,5.925000190734863,5.925000190734863,4.241635799407959
20-12-1985,5.925000190734863,0.0,70500,6.074999809265137,6.025000095367432,4.313224792480469
23-12-1985,5.925000190734863,0.0,94500,6.074999809265137,6.050000190734863,4.33112096786499
24-12-1985,5.949999809265137,0.0,263500,6.099999904632568,6.050000190734863,4.33112096786499
26-12-1985,6.050000190734863,0.0,70500,6.224999904632568,6.175000190734863,4.420604228973389
27-12-1985,6.150000095367432,0.0,129500,6.400000095367432,6.25,4.474297046661377
30-12-1985,6.224999904632568,0.0,88000,6.349999904632568,6.25,4.474297046661377
31-12-1985,6.224999904632568,0.0,26500,6.300000190734863,6.300000190734863,4.5100908279418945
02-01-1986,6.300000190734863,0.0,98500,6.400000095367432,6.324999809265137,4.527988910675049
03-01-1986,6.349999904632568,0.0,245000,6.699999809265137,6.625,4.742754936218262
06-01-1986,6.699999809265137,0.0,249500,6.900000095367432,6.800000190734863,4.868035316467285
07-01-1986,6.625,0.0,59000,6.824999809265137,6.650000095367432,4.760654926300049
08-01-1986,6.525000095367432,0.0,157500,6.675000190734863,6.525000095367432,4.67116641998291
09-01-1986,6.425000190734863,0.0,414000,6.599999904632568,6.474999904632568,4.635372638702393
10-01-1986,6.349999904632568,0.0,226500,6.474999904632568,6.375,4.563782691955566
13-01-1986,6.400000095367432,0.0,76500,6.599999904632568,6.574999809265137,4.706961154937744
14-01-1986,6.525000095367432,0.0,61500,6.625,6.550000190734863,4.68906307220459
15-01-1986,6.525000095367432,0.0,92500,6.775000095367432,6.699999809265137,4.796445369720459
16-01-1986,6.699999809265137,0.0,24000,6.775000095367432,6.699999809265137,4.796445369720459
17-01-1986,6.650000095367432,0.0,24500,6.75,6.724999904632568,4.814343452453613
20-01-1986,6.599999904632568,0.0,16000,6.675000190734863,6.675000190734863,4.7785515785217285
21-01-1986,6.599999904632568,0.0,46500,6.650000095367432,6.599999904632568,4.724859237670898
22-01-1986,6.599999904632568,0.0,13000,6.599999904632568,6.599999904632568,4.724859237670898
23-01-1986,6.650000095367432,0.0,71000,6.75,6.650000095367432,4.760654926300049
24-01-1986,6.599999904632568,0.0,35000,6.675000190734863,6.675000190734863,4.7785515785217285
27-01-1986,6.550000190734863,0.0,21000,6.599999904632568,6.550000190734863,4.68906307220459
28-01-1986,6.425000190734863,0.0,48500,6.5,6.425000190734863,4.59958028793335
29-01-1986,6.324999809265137,0.0,113000,6.449999809265137,6.400000095367432,4.581681728363037
30-01-1986,6.400000095367432,0.0,10000,6.425000190734863,6.400000095367432,4.581681728363037
31-01-1986,6.375,0.0,30500,6.474999904632568,6.425000190734863,4.59958028793335
03-02-1986,6.400000095367432,0.0,67500,6.625,6.550000190734863,4.68906307220459
04-02-1986,6.599999904632568,0.0,83000,6.775000095367432,6.699999809265137,4.796445369720459
05-02-1986,6.699999809265137,0.0,59000,6.775000095367432,6.724999904632568,4.814343452453613
06-02-1986,6.650000095367432,0.0,62500,6.75,6.675000190734863,4.7785515785217285
07-02-1986,6.574999809265137,0.0,35000,6.675000190734863,6.574999809265137,4.706961154937744
10-02-1986,6.425000190734863,0.0,43500,6.525000095367432,6.449999809265137,4.6174774169921875
11-02-1986,6.425000190734863,0.0,21000,6.550000190734863,6.425000190734863,4.59958028793335
12-02-1986,6.349999904632568,0.0,48500,6.425000190734863,6.425000190734863,4.672299861907959
13-02-1986,6.425000190734863,0.0,40500,6.599999904632568,6.449999809265137,4.690481185913086
14-02-1986,6.400000095367432,0.0,73000,6.474999904632568,6.400000095367432,4.65411901473999
18-02-1986,6.425000190734863,0.0,44500,6.449999809265137,6.449999809265137,4.690481185913086
19-02-1986,6.324999809265137,0.0,80000,6.474999904632568,6.449999809265137,4.690481185913086
20-02-1986,6.375,0.0,38500,6.474999904632568,6.425000190734863,4.672299861907959
21-02-1986,6.400000095367432,0.0,76000,6.525000095367432,6.474999904632568,4.70866060256958
24-02-1986,6.425000190734863,0.0,34500,6.474999904632568,6.449999809265137,4.690481185913086
25-02-1986,6.425000190734863,0.0,49500,6.474999904632568,6.425000190734863,4.672299861907959
26-02-1986,6.425000190734863,0.0,83000,6.525000095367432,6.474999904632568,4.70866060256958
27-02-1986,6.550000190734863,0.0,63000,6.675000190734863,6.625,4.8177385330200195
28-02-1986,6.625,0.0,34500,6.699999809265137,6.625,4.8177385330200195
03-03-1986,6.625,0.0,13000,6.699999809265137,6.675000190734863,4.854100704193115
04-03-1986,6.625,0.0,35500,6.675000190734863,6.625,4.8177385330200195
05-03-1986,6.675000190734863,0.0,126500,6.800000190734863,6.800000190734863,4.945001602172852
06-03-1986,6.824999809265137,0.0,141000,7.074999809265137,7.074999809265137,5.144982814788818
07-03-1986,6.925000190734863,0.0,84500,7.150000095367432,6.925000190734863,5.0359015464782715
10-03-1986,6.875,0.0,61000,6.949999809265137,6.875,4.99954080581665
11-03-1986,6.900000095367432,0.0,34000,6.949999809265137,6.900000095367432,5.017723083496094
12-03-1986,6.875,0.0,41500,6.974999904632568,6.974999904632568,5.072262287139893
13-03-1986,6.900000095367432,0.0,49500,7.025000095367432,6.949999809265137,5.054079055786133
14-03-1986,6.875,0.0,57500,6.974999904632568,6.875,4.99954080581665
17-03-1986,6.675000190734863,0.0,55000,6.900000095367432,6.675000190734863,4.854100704193115
18-03-1986,6.625,0.0,22500,6.650000095367432,6.625,4.8177385330200195
19-03-1986,6.625,0.0,39500,6.849999904632568,6.849999904632568,4.981359481811523
20-03-1986,6.849999904632568,0.0,82000,7.074999809265137,6.849999904632568,4.981359481811523
21-03-1986,6.75,0.0,47500,6.949999809265137,6.849999904632568,4.981359481811523
24-03-1986,6.75,0.0,10000,6.849999904632568,6.775000095367432,4.926822662353516
25-03-1986,6.724999904632568,0.0,35500,6.800000190734863,6.75,4.908637523651123
26-03-1986,6.75,0.0,17500,6.824999809265137,6.824999809265137,4.9631805419921875
27-03-1986,6.849999904632568,0.0,27500,7.025000095367432,7.0,5.090439796447754
31-03-1986,6.925000190734863,0.0,41500,7.074999809265137,6.949999809265137,5.054079055786133
01-04-1986,7.0,0.0,26500,7.099999904632568,7.0,5.090439796447754
02-04-1986,6.775000095367432,0.0,70000,6.925000190734863,6.800000190734863,4.945001602172852
03-04-1986,6.800000190734863,0.0,32000,6.875,6.800000190734863,4.945001602172852
04-04-1986,6.75,0.0,35500,6.849999904632568,6.75,4.908637523651123
07-04-1986,6.75,0.0,66000,6.849999904632568,6.75,4.908637523651123
08-04-1986,6.75,0.0,22000,6.800000190734863,6.800000190734863,4.945001602172852
09-04-1986,6.800000190734863,0.0,39500,6.875,6.824999809265137,4.9631805419921875
10-04-1986,6.775000095367432,0.0,185000,6.949999809265137,6.949999809265137,5.054079055786133
11-04-1986,6.724999904632568,0.0,666500,6.900000095367432,6.75,4.908637523651123
14-04-1986,6.75,0.0,104500,6.875,6.849999904632568,4.981359481811523
15-04-1986,6.849999904632568,0.0,30000,6.925000190734863,6.900000095367432,5.017723083496094
16-04-1986,6.925000190734863,0.0,144500,7.125,7.125,5.181339740753174
17-04-1986,6.800000190734863,0.0,118500,7.074999809265137,6.875,4.99954080581665
18-04-1986,6.800000190734863,0.0,527000,6.900000095367432,6.900000095367432,5.017723083496094
21-04-1986,6.900000095367432,0.0,86500,7.0,7.0,5.090439796447754
22-04-1986,6.849999904632568,0.0,73500,7.025000095367432,6.849999904632568,4.981359481811523
23-04-1986,6.800000190734863,0.0,33500,6.849999904632568,6.824999809265137,4.9631805419921875
24-04-1986,6.875,0.0,57000,6.925000190734863,6.875,4.99954080581665
25-04-1986,6.849999904632568,0.0,369500,6.925000190734863,6.925000190734863,5.0359015464782715
28-04-1986,6.875,0.0,56500,6.925000190734863,6.925000190734863,5.0359015464782715
29-04-1986,6.925000190734863,0.0,278500,7.0,7.0,5.090439796447754
30-04-1986,6.974999904632568,0.0,32500,7.025000095367432,7.0,5.090439796447754
01-05-1986,6.900000095367432,0.0,998000,7.050000190734863,7.050000190734863,5.126801490783691
02-05-1986,7.0,0.0,196500,7.224999904632568,7.074999809265137,5.144982814788818
05-05-1986,7.074999809265137,0.0,121500,7.150000095367432,7.099999904632568,5.163161754608154
06-05-1986,6.925000190734863,0.0,71500,7.074999809265137,7.0,5.090439796447754
07-05-1986,6.849999904632568,0.0,159000,7.074999809265137,6.949999809265137,5.054079055786133
08-05-1986,6.949999809265137,0.0,30500,7.099999904632568,7.099999904632568,5.163161754608154
09-05-1986,7.099999904632568,0.0,53000,7.125,7.125,5.181339740753174
12-05-1986,7.0,0.0,60500,7.099999904632568,7.0,5.162901401519775
13-05-1986,7.025000095367432,0.0,8000,7.074999809265137,7.025000095367432,5.181342601776123
14-05-1986,7.025000095367432,0.0,16000,7.074999809265137,7.074999809265137,5.2182230949401855
15-05-1986,7.0,0.0,34500,7.050000190734863,7.0,5.162901401519775
16-05-1986,6.925000190734863,0.0,55500,7.0,6.974999904632568,5.144464492797852
19-05-1986,6.900000095367432,0.0,14000,6.949999809265137,6.925000190734863,5.107586860656738
20-05-1986,6.900000095367432,0.0,21500,6.949999809265137,6.900000095367432,5.089146614074707
21-05-1986,6.925000190734863,0.0,11000,6.974999904632568,6.974999904632568,5.144464492797852
22-05-1986,7.025000095367432,0.0,35000,7.099999904632568,7.074999809265137,5.2182230949401855
23-05-1986,6.925000190734863,0.0,47000,7.099999904632568,7.025000095367432,5.181342601776123
27-05-1986,7.0,0.0,53500,7.074999809265137,7.074999809265137,5.2182230949401855
28-05-1986,6.949999809265137,0.0,31000,7.050000190734863,7.025000095367432,5.181342601776123
29-05-1986,6.925000190734863,0.0,31500,7.025000095367432,6.925000190734863,5.107586860656738
30-05-1986,6.900000095367432,0.0,62000,7.0,6.974999904632568,5.144464492797852
02-06-1986,6.974999904632568,0.0,79000,7.050000190734863,7.0,5.162901401519775
03-06-1986,7.0,0.0,104000,7.300000190734863,7.300000190734863,5.384169101715088
04-06-1986,7.349999904632568,0.0,100500,7.550000190734863,7.5,5.53168249130249
05-06-1986,7.525000095367432,0.0,227000,7.949999809265137,7.75,5.716073989868164
06-06-1986,7.75,0.0,253000,7.925000190734863,7.800000190734863,5.752949237823486
09-06-1986,7.650000095367432,0.0,109000,7.75,7.699999809265137,5.679192066192627
10-06-1986,7.599999904632568,0.0,239000,7.800000190734863,7.675000190734863,5.660756587982178
11-06-1986,7.625,0.0,120500,7.75,7.75,5.716073989868164
12-06-1986,7.724999904632568,0.0,62500,7.800000190734863,7.800000190734863,5.752949237823486
13-06-1986,7.75,0.0,55000,7.800000190734863,7.800000190734863,5.752949237823486
16-06-1986,7.75,0.0,28000,7.800000190734863,7.800000190734863,5.752949237823486
17-06-1986,7.800000190734863,0.0,74000,7.849999904632568,7.824999809265137,5.771389961242676
18-06-1986,7.800000190734863,0.0,69500,7.849999904632568,7.824999809265137,5.771389961242676
19-06-1986,7.800000190734863,0.0,25000,7.849999904632568,7.849999904632568,5.789829254150391
20-06-1986,7.675000190734863,0.0,54500,7.849999904632568,7.675000190734863,5.660756587982178
23-06-1986,7.724999904632568,0.0,24500,7.900000095367432,7.800000190734863,5.752949237823486
24-06-1986,7.824999809265137,0.0,95000,7.974999904632568,7.925000190734863,5.845144748687744
25-06-1986,7.900000095367432,0.0,60000,8.0,7.900000095367432,5.826704025268555
26-06-1986,7.925000190734863,0.0,35000,8.024999618530273,7.974999904632568,5.882022857666016
27-06-1986,7.824999809265137,0.0,22000,7.974999904632568,7.925000190734863,5.845144748687744
30-06-1986,7.875,0.0,66000,7.974999904632568,7.974999904632568,5.882022857666016
01-07-1986,7.875,0.0,130000,7.949999809265137,7.949999809265137,5.863584518432617
02-07-1986,7.875,0.0,17000,7.900000095367432,7.900000095367432,5.826704025268555
03-07-1986,7.800000190734863,0.0,37500,7.900000095367432,7.900000095367432,5.826704025268555
07-07-1986,7.699999809265137,0.0,82000,7.824999809265137,7.824999809265137,5.771389961242676
08-07-1986,7.599999904632568,0.0,135500,7.775000095367432,7.675000190734863,5.660756587982178
09-07-1986,7.550000190734863,0.0,76000,7.724999904632568,7.724999904632568,5.697630882263184
10-07-1986,7.574999809265137,0.0,131500,7.75,7.75,5.716073989868164
11-07-1986,7.699999809265137,0.0,122500,7.824999809265137,7.824999809265137,5.771389961242676
14-07-1986,7.699999809265137,0.0,50500,7.824999809265137,7.775000095367432,5.734509468078613
15-07-1986,7.599999904632568,0.0,57000,7.775000095367432,7.675000190734863,5.660756587982178
16-07-1986,7.650000095367432,0.0,79000,7.849999904632568,7.849999904632568,5.789829254150391
17-07-1986,7.875,0.0,83000,7.949999809265137,7.900000095367432,5.826704025268555
18-07-1986,7.75,0.0,248500,7.875,7.849999904632568,5.789829254150391
21-07-1986,7.875,0.0,8500,7.900000095367432,7.875,5.8082661628723145
22-07-1986,7.849999904632568,0.0,44500,7.925000190734863,7.849999904632568,5.789829254150391
23-07-1986,7.800000190734863,0.0,10500,7.849999904632568,7.800000190734863,5.752949237823486
24-07-1986,7.75,0.0,137000,7.849999904632568,7.775000095367432,5.734509468078613
25-07-1986,7.775000095367432,0.0,52500,7.800000190734863,7.775000095367432,5.734509468078613
28-07-1986,7.599999904632568,0.0,32500,7.724999904632568,7.724999904632568,5.697630882263184
29-07-1986,7.675000190734863,0.0,8000,7.75,7.75,5.716073989868164
30-07-1986,7.699999809265137,0.0,36500,7.75,7.75,5.716073989868164
31-07-1986,7.625,0.0,16500,7.724999904632568,7.724999904632568,5.697630882263184
01-08-1986,7.625,0.0,24000,7.75,7.75,5.716073989868164
04-08-1986,7.599999904632568,0.0,35000,7.775000095367432,7.724999904632568,5.697630882263184
05-08-1986,7.625,0.0,61000,7.775000095367432,7.775000095367432,5.734509468078613
06-08-1986,7.625,0.0,30500,7.775000095367432,7.724999904632568,5.697630882263184
07-08-1986,7.699999809265137,0.0,6000,7.75,7.699999809265137,5.679192066192627
08-08-1986,7.699999809265137,0.0,2500,7.724999904632568,7.724999904632568,5.697630882263184
11-08-1986,7.675000190734863,0.0,45000,7.849999904632568,7.849999904632568,5.789829254150391
12-08-1986,7.824999809265137,0.0,27500,7.900000095367432,7.849999904632568,5.789829254150391
13-08-1986,7.849999904632568,0.0,26000,7.900000095367432,7.875,5.8082661628723145
14-08-1986,7.75,0.0,51500,7.900000095367432,7.849999904632568,5.789829254150391
15-08-1986,7.800000190734863,0.0,66500,7.900000095367432,7.900000095367432,5.901888370513916
18-08-1986,7.800000190734863,0.0,166000,7.925000190734863,7.925000190734863,5.920565128326416
19-08-1986,7.824999809265137,0.0,45000,7.900000095367432,7.900000095367432,5.901888370513916
20-08-1986,7.875,0.0,21000,7.925000190734863,7.900000095367432,5.901888370513916
21-08-1986,7.849999904632568,0.0,19500,7.900000095367432,7.900000095367432,5.901888370513916
22-08-1986,7.824999809265137,0.0,30500,7.925000190734863,7.900000095367432,5.901888370513916
25-08-1986,7.824999809265137,0.0,13500,7.875,7.875,5.883210182189941
26-08-1986,7.849999904632568,0.0,34000,7.949999809265137,7.949999809265137,5.939242362976074
27-08-1986,7.849999904632568,0.0,187000,8.274999618530273,8.274999618530273,6.182043552398682
28-08-1986,7.625,0.0,645500,8.274999618530273,7.875,5.883210182189941
29-08-1986,7.775000095367432,0.0,300000,7.900000095367432,7.824999809265137,5.8458571434021
02-09-1986,7.699999809265137,0.0,169000,7.824999809265137,7.800000190734863,5.827179431915283
03-09-1986,7.599999904632568,0.0,376500,7.775000095367432,7.775000095367432,5.808502674102783
04-09-1986,7.699999809265137,0.0,46000,7.775000095367432,7.775000095367432,5.808502674102783
05-09-1986,7.724999904632568,0.0,145000,7.824999809265137,7.75,5.789829254150391
08-09-1986,7.675000190734863,0.0,19000,7.775000095367432,7.724999904632568,5.771147727966309
09-09-1986,7.599999904632568,0.0,251000,7.75,7.75,5.789829254150391
10-09-1986,7.650000095367432,0.0,1308500,8.0,7.800000190734863,5.827179431915283
11-09-1986,7.699999809265137,0.0,291000,7.875,7.800000190734863,5.827179431915283
12-09-1986,7.625,0.0,135500,7.775000095367432,7.775000095367432,5.808502674102783
15-09-1986,7.724999904632568,0.0,255000,7.949999809265137,7.949999809265137,5.939242362976074
16-09-1986,7.824999809265137,0.0,126500,7.925000190734863,7.925000190734863,5.920565128326416
17-09-1986,7.900000095367432,0.0,89000,8.0,7.949999809265137,5.939242362976074
18-09-1986,7.949999809265137,0.0,75000,8.0,7.974999904632568,5.957919597625732
19-09-1986,7.925000190734863,0.0,108000,8.024999618530273,8.0,5.976597785949707
22-09-1986,7.900000095367432,0.0,73500,8.0,7.949999809265137,5.939242362976074
23-09-1986,7.900000095367432,0.0,37500,8.0,8.0,5.976597785949707
24-09-1986,7.949999809265137,0.0,73500,8.0,7.949999809265137,5.939242362976074
25-09-1986,7.800000190734863,0.0,116500,7.949999809265137,7.925000190734863,5.920565128326416
26-09-1986,7.949999809265137,0.0,477000,8.050000190734863,8.0,5.976597785949707
29-09-1986,7.949999809265137,0.0,37000,8.0,8.0,5.976597785949707
30-09-1986,7.949999809265137,0.0,245000,8.25,8.25,6.163363456726074
01-10-1986,8.074999809265137,0.0,90500,8.175000190734863,8.175000190734863,6.107332706451416
02-10-1986,8.100000381469727,0.0,41000,8.149999618530273,8.149999618530273,6.088656902313232
03-10-1986,8.0,0.0,56500,8.149999618530273,8.074999809265137,6.0326247215271
06-10-1986,8.0,0.0,35500,8.074999809265137,8.074999809265137,6.0326247215271
07-10-1986,8.0,0.0,36000,8.074999809265137,8.050000190734863,6.013951301574707
08-10-1986,8.0,0.0,212000,8.175000190734863,8.125,6.069978713989258
09-10-1986,8.024999618530273,0.0,71000,8.125,8.024999618530273,5.995273590087891
10-10-1986,8.0,0.0,107500,8.100000381469727,8.050000190734863,6.013951301574707
13-10-1986,7.949999809265137,0.0,25000,8.0,8.0,5.976597785949707
14-10-1986,7.925000190734863,0.0,36000,8.050000190734863,8.0,5.976597785949707
15-10-1986,7.925000190734863,0.0,87000,8.024999618530273,8.0,5.976597785949707
16-10-1986,7.949999809265137,0.0,32000,8.050000190734863,8.050000190734863,6.013951301574707
17-10-1986,7.974999904632568,0.0,112500,8.100000381469727,8.100000381469727,6.051303863525391
20-10-1986,8.0,0.0,20500,8.125,8.050000190734863,6.013951301574707
21-10-1986,8.0,0.0,10500,8.050000190734863,8.050000190734863,6.013951301574707
22-10-1986,7.949999809265137,0.0,16000,8.050000190734863,8.050000190734863,6.013951301574707
23-10-1986,7.949999809265137,0.0,84000,8.024999618530273,8.024999618530273,5.995273590087891
24-10-1986,8.024999618530273,0.0,97000,8.125,8.125,6.069978713989258
27-10-1986,8.0,0.0,182000,8.125,8.0,5.976597785949707
28-10-1986,8.024999618530273,0.0,84000,8.074999809265137,8.074999809265137,6.0326247215271
29-10-1986,8.100000381469727,0.0,5500,8.100000381469727,8.100000381469727,6.051303863525391
30-10-1986,8.0,0.0,45500,8.100000381469727,8.100000381469727,6.051303863525391
31-10-1986,8.024999618530273,0.0,343000,8.350000381469727,8.350000381469727,6.238073348999023
03-11-1986,8.274999618530273,0.0,119500,8.350000381469727,8.300000190734863,6.200718879699707
04-11-1986,8.300000190734863,0.0,95500,8.5,8.5,6.3501362800598145
05-11-1986,8.5,0.0,152500,8.850000381469727,8.649999618530273,6.4621968269348145
06-11-1986,8.600000381469727,0.0,53000,8.75,8.649999618530273,6.4621968269348145
07-11-1986,8.5,0.0,56000,8.600000381469727,8.574999809265137,6.406160831451416
10-11-1986,8.449999809265137,0.0,37500,8.574999809265137,8.5,6.3501362800598145
11-11-1986,8.425000190734863,0.0,47500,8.524999618530273,8.524999618530273,6.368809223175049
12-11-1986,8.475000381469727,0.0,72000,8.550000190734863,8.524999618530273,6.368809223175049
13-11-1986,8.475000381469727,0.0,29000,8.550000190734863,8.5,6.3501362800598145
14-11-1986,8.449999809265137,0.0,65500,8.524999618530273,8.5,6.3501362800598145
17-11-1986,8.350000381469727,0.0,146000,8.475000381469727,8.399999618530273,6.275425434112549
18-11-1986,8.125,0.0,53500,8.350000381469727,8.199999809265137,6.126009464263916
19-11-1986,7.900000095367432,0.0,68000,8.149999618530273,7.900000095367432,5.901888370513916
20-11-1986,7.75,0.0,107000,7.974999904632568,7.75,5.789829254150391
21-11-1986,7.724999904632568,0.0,87500,7.900000095367432,7.824999809265137,5.8458571434021
24-11-1986,7.75,0.0,51500,7.949999809265137,7.824999809265137,5.8458571434021
25-11-1986,7.800000190734863,0.0,113000,8.0,8.0,5.976597785949707
26-11-1986,8.050000190734863,0.0,346500,8.550000190734863,8.425000190734863,6.2941060066223145
28-11-1986,8.375,0.0,50000,8.550000190734863,8.550000190734863,6.387485027313232
01-12-1986,8.375,0.0,41000,8.449999809265137,8.449999809265137,6.327581882476807
02-12-1986,8.399999618530273,0.0,81000,8.550000190734863,8.5,6.365026473999023
03-12-1986,8.425000190734863,0.0,102500,8.574999809265137,8.524999618530273,6.383741855621338
04-12-1986,8.425000190734863,0.0,11000,8.5,8.5,6.365026473999023
05-12-1986,8.399999618530273,0.0,46000,8.5,8.5,6.365026473999023
08-12-1986,8.25,0.0,129000,8.449999809265137,8.375,6.271413803100586
09-12-1986,8.350000381469727,0.0,85500,8.425000190734863,8.375,6.271413803100586
10-12-1986,8.300000190734863,0.0,123500,8.375,8.375,6.271413803100586
11-12-1986,8.149999618530273,0.0,126000,8.350000381469727,8.300000190734863,6.215259075164795
12-12-1986,8.199999809265137,0.0,38000,8.274999618530273,8.274999618530273,6.196539878845215
15-12-1986,8.100000381469727,0.0,30000,8.25,8.100000381469727,6.065494537353516
16-12-1986,8.024999618530273,0.0,119000,8.199999809265137,8.199999809265137,6.140373229980469
17-12-1986,8.0,0.0,160000,8.225000381469727,8.074999809265137,6.0467705726623535
18-12-1986,7.949999809265137,0.0,56500,8.024999618530273,8.024999618530273,6.009332180023193
19-12-1986,7.925000190734863,0.0,42500,8.024999618530273,8.0,5.9906110763549805
22-12-1986,7.800000190734863,0.0,52500,7.949999809265137,7.900000095367432,5.9157257080078125
23-12-1986,7.800000190734863,0.0,113500,7.925000190734863,7.925000190734863,5.934447288513184
24-12-1986,7.875,0.0,82500,8.0,7.949999809265137,5.953169345855713
26-12-1986,7.974999904632568,0.0,6000,7.974999904632568,7.974999904632568,5.971889495849609
29-12-1986,7.699999809265137,0.0,174000,8.0,7.699999809265137,5.765961647033691
30-12-1986,7.699999809265137,0.0,387000,7.925000190734863,7.925000190734863,5.934447288513184
31-12-1986,7.875,0.0,176500,8.100000381469727,8.100000381469727,6.065494537353516
02-01-1987,8.100000381469727,0.0,39000,8.199999809265137,8.199999809265137,6.140373229980469
05-01-1987,8.050000190734863,0.0,50000,8.25,8.25,6.177814483642578
06-01-1987,8.25,0.0,1106000,8.375,8.375,6.271413803100586
07-01-1987,8.324999809265137,0.0,97500,8.449999809265137,8.425000190734863,6.308860778808594
08-01-1987,8.399999618530273,0.0,114000,8.5,8.5,6.365026473999023
09-01-1987,8.5,0.0,86500,8.600000381469727,8.550000190734863,6.402462482452393
12-01-1987,8.449999809265137,0.0,133500,8.550000190734863,8.550000190734863,6.402462482452393
13-01-1987,8.550000190734863,0.0,73500,8.600000381469727,8.600000381469727,6.439907550811768
14-01-1987,8.574999809265137,0.0,34000,8.600000381469727,8.600000381469727,6.439907550811768
15-01-1987,8.550000190734863,0.0,101000,8.675000190734863,8.649999618530273,6.477348804473877
16-01-1987,8.5,0.0,1976000,8.675000190734863,8.600000381469727,6.439907550811768
19-01-1987,8.5,0.0,177500,8.699999809265137,8.675000190734863,6.496068000793457
20-01-1987,8.5,0.0,94500,8.699999809265137,8.574999809265137,6.4211835861206055
21-01-1987,8.5,0.0,68000,8.649999618530273,8.649999618530273,6.477348804473877
22-01-1987,8.600000381469727,0.0,59500,8.699999809265137,8.699999809265137,6.5147905349731445
23-01-1987,8.625,0.0,73500,8.774999618530273,8.725000381469727,6.533506870269775
26-01-1987,8.699999809265137,0.0,31500,8.774999618530273,8.699999809265137,6.5147905349731445
27-01-1987,8.625,0.0,35000,8.699999809265137,8.699999809265137,6.5147905349731445
28-01-1987,8.550000190734863,0.0,763000,8.949999809265137,8.949999809265137,6.701992988586426
29-01-1987,8.875,0.0,114500,9.100000381469727,8.975000381469727,6.720713138580322
30-01-1987,8.850000381469727,0.0,66000,8.975000381469727,8.949999809265137,6.701992988586426
02-02-1987,8.899999618530273,0.0,40500,8.975000381469727,8.949999809265137,6.701992988586426
03-02-1987,8.899999618530273,0.0,8000,8.975000381469727,8.925000190734863,6.6832733154296875
04-02-1987,8.824999809265137,0.0,72500,8.975000381469727,8.975000381469727,6.720713138580322
05-02-1987,8.850000381469727,0.0,113500,8.975000381469727,8.975000381469727,6.720713138580322
06-02-1987,8.800000190734863,0.0,87500,8.949999809265137,8.899999618530273,6.664552211761475
09-02-1987,8.824999809265137,0.0,23500,8.949999809265137,8.850000381469727,6.6271138191223145
10-02-1987,8.699999809265137,0.0,62000,8.899999618530273,8.774999618530273,6.570950984954834
11-02-1987,8.699999809265137,0.0,60500,8.850000381469727,8.850000381469727,6.6271138191223145
12-02-1987,8.675000190734863,0.0,30000,8.850000381469727,8.75,6.567070007324219
13-02-1987,8.649999618530273,0.0,61500,8.774999618530273,8.774999618530273,6.585833549499512
17-02-1987,8.75,0.0,3500,8.800000190734863,8.800000190734863,6.60459566116333
18-02-1987,8.649999618530273,0.0,119000,8.774999618530273,8.774999618530273,6.585833549499512
19-02-1987,8.699999809265137,0.0,15500,8.800000190734863,8.75,6.567070007324219
20-02-1987,8.675000190734863,0.0,22000,8.75,8.725000381469727,6.548308372497559
23-02-1987,8.550000190734863,0.0,65000,8.699999809265137,8.699999809265137,6.529545307159424
24-02-1987,8.649999618530273,0.0,78000,8.725000381469727,8.675000190734863,6.510782718658447
25-02-1987,8.675000190734863,0.0,63500,8.75,8.75,6.567070007324219
26-02-1987,8.649999618530273,0.0,53000,8.75,8.725000381469727,6.548308372497559
27-02-1987,8.625,0.0,66500,8.774999618530273,8.699999809265137,6.529545307159424
02-03-1987,8.675000190734863,0.0,9000,8.75,8.675000190734863,6.510782718658447
03-03-1987,8.574999809265137,0.0,33500,8.699999809265137,8.649999618530273,6.492018699645996
04-03-1987,8.649999618530273,0.0,53500,8.725000381469727,8.649999618530273,6.492018699645996
05-03-1987,8.649999618530273,0.0,123500,8.725000381469727,8.699999809265137,6.529545307159424
06-03-1987,8.625,0.0,47500,8.725000381469727,8.625,6.473251819610596
09-03-1987,8.524999618530273,0.0,58000,8.675000190734863,8.675000190734863,6.510782718658447
10-03-1987,8.600000381469727,0.0,66000,8.699999809265137,8.699999809265137,6.529545307159424
11-03-1987,8.649999618530273,0.0,66000,8.725000381469727,8.699999809265137,6.529545307159424
12-03-1987,8.675000190734863,0.0,36500,8.699999809265137,8.675000190734863,6.510782718658447
13-03-1987,8.600000381469727,0.0,35500,8.699999809265137,8.600000381469727,6.454492568969727
16-03-1987,8.524999618530273,0.0,59500,8.675000190734863,8.550000190734863,6.416962623596191
17-03-1987,8.399999618530273,0.0,416500,8.550000190734863,8.5,6.379441261291504
18-03-1987,8.475000381469727,0.0,80500,8.625,8.600000381469727,6.454492568969727
19-03-1987,8.600000381469727,0.0,28500,8.675000190734863,8.600000381469727,6.454492568969727
20-03-1987,8.574999809265137,0.0,80500,8.649999618530273,8.649999618530273,6.492018699645996
23-03-1987,8.5,0.0,64000,8.625,8.600000381469727,6.454492568969727
24-03-1987,8.475000381469727,0.0,51500,8.600000381469727,8.574999809265137,6.435725688934326
25-03-1987,8.449999809265137,0.0,44000,8.574999809265137,8.574999809265137,6.435725688934326
26-03-1987,8.5,0.0,12500,8.574999809265137,8.550000190734863,6.416962623596191
27-03-1987,8.425000190734863,0.0,21500,8.550000190734863,8.550000190734863,6.416962623596191
30-03-1987,8.324999809265137,0.0,43500,8.449999809265137,8.425000190734863,6.323154449462891
31-03-1987,8.350000381469727,0.0,102000,8.550000190734863,8.550000190734863,6.416962623596191
01-04-1987,8.449999809265137,0.0,136500,8.574999809265137,8.574999809265137,6.435725688934326
02-04-1987,8.574999809265137,0.0,438000,8.949999809265137,8.899999618530273,6.679648399353027
03-04-1987,8.699999809265137,0.0,640000,8.925000190734863,8.925000190734863,6.69841194152832
06-04-1987,8.925000190734863,0.0,165000,9.0,9.0,6.754698276519775
07-04-1987,9.0,0.0,179500,9.175000190734863,9.050000190734863,6.792225360870361
08-04-1987,9.074999809265137,0.0,52000,9.350000381469727,9.350000381469727,7.0173821449279785
09-04-1987,9.300000190734863,0.0,119000,9.574999809265137,9.5,7.129960536956787
10-04-1987,9.350000381469727,0.0,58500,9.449999809265137,9.350000381469727,7.0173821449279785
13-04-1987,9.25,0.0,51000,9.350000381469727,9.274999618530273,6.961093425750732
14-04-1987,9.100000381469727,0.0,92500,9.25,9.199999809265137,6.904808044433594
15-04-1987,9.100000381469727,0.0,54500,9.300000190734863,9.199999809265137,6.904808044433594
16-04-1987,9.050000190734863,0.0,57000,9.225000381469727,9.125,6.848516941070557
20-04-1987,9.050000190734863,0.0,31500,9.175000190734863,9.125,6.848516941070557
21-04-1987,9.0,0.0,402000,9.100000381469727,9.100000381469727,6.829751968383789
22-04-1987,9.050000190734863,0.0,41000,9.149999618530273,9.100000381469727,6.829751968383789
23-04-1987,9.0,0.0,26000,9.149999618530273,9.100000381469727,6.829751968383789
24-04-1987,9.024999618530273,0.0,31000,9.149999618530273,9.100000381469727,6.829751968383789
27-04-1987,9.024999618530273,0.0,22500,9.175000190734863,9.175000190734863,6.886038780212402
28-04-1987,9.175000190734863,0.0,14000,9.274999618530273,9.274999618530273,6.961093425750732
29-04-1987,9.199999809265137,0.0,157500,9.350000381469727,9.300000190734863,6.979857921600342
30-04-1987,9.225000381469727,0.0,39000,9.350000381469727,9.350000381469727,7.0173821449279785
01-05-1987,9.324999809265137,0.0,65000,9.375,9.375,7.036145210266113
04-05-1987,9.375,0.0,61000,9.574999809265137,9.574999809265137,7.186251640319824
05-05-1987,9.550000190734863,0.0,36000,9.699999809265137,9.699999809265137,7.280065536499023
06-05-1987,9.600000381469727,0.0,27000,9.774999618530273,9.699999809265137,7.280065536499023
07-05-1987,9.550000190734863,0.0,23000,9.725000381469727,9.649999618530273,7.242539882659912
08-05-1987,9.600000381469727,0.0,54000,9.75,9.649999618530273,7.242539882659912
11-05-1987,9.625,0.0,46000,9.800000190734863,9.675000190734863,7.261301040649414
12-05-1987,9.699999809265137,0.0,43500,9.824999809265137,9.824999809265137,7.373880863189697
13-05-1987,9.800000190734863,0.0,22000,9.875,9.875,7.411406993865967
14-05-1987,9.774999618530273,0.0,20500,9.925000190734863,9.774999618530273,7.3363566398620605
15-05-1987,9.699999809265137,0.0,20000,9.824999809265137,9.774999618530273,7.3363566398620605
18-05-1987,9.524999618530273,0.0,53000,9.725000381469727,9.675000190734863,7.261301040649414
19-05-1987,9.425000190734863,0.0,37000,9.699999809265137,9.524999618530273,7.14872407913208
20-05-1987,9.350000381469727,0.0,47000,9.524999618530273,9.524999618530273,7.14872407913208
21-05-1987,9.449999809265137,0.0,13500,9.550000190734863,9.524999618530273,7.14872407913208
22-05-1987,9.475000381469727,0.0,7000,9.550000190734863,9.550000190734863,7.167487144470215
26-05-1987,9.449999809265137,0.0,16000,9.600000381469727,9.600000381469727,7.20501184463501
27-05-1987,9.600000381469727,0.0,60000,9.649999618530273,9.649999618530273,7.242539882659912
28-05-1987,9.600000381469727,0.0,21500,9.649999618530273,9.649999618530273,7.268902778625488
29-05-1987,9.600000381469727,0.0,8500,9.649999618530273,9.625,7.25007438659668
01-06-1987,9.524999618530273,0.0,42000,9.625,9.550000190734863,7.193577289581299
02-06-1987,9.524999618530273,0.0,61000,9.600000381469727,9.600000381469727,7.2312421798706055
03-06-1987,9.5,0.0,72500,9.649999618530273,9.550000190734863,7.193577289581299
04-06-1987,9.5,0.0,816000,9.675000190734863,9.649999618530273,7.268902778625488
05-06-1987,9.649999618530273,0.0,24500,9.774999618530273,9.699999809265137,7.3065643310546875
08-06-1987,9.649999618530273,0.0,42500,9.774999618530273,9.774999618530273,7.363060474395752
09-06-1987,9.725000381469727,0.0,16500,9.800000190734863,9.75,7.3442277908325195
10-06-1987,9.699999809265137,0.0,51500,9.899999618530273,9.75,7.3442277908325195
11-06-1987,9.699999809265137,0.0,14500,9.824999809265137,9.824999809265137,7.400722503662109
12-06-1987,9.875,0.0,32500,10.050000190734863,10.050000190734863,7.570206642150879
15-06-1987,9.975000381469727,0.0,41000,10.100000381469727,10.0,7.532543182373047
16-06-1987,9.949999809265137,0.0,75000,10.050000190734863,10.0,7.532543182373047
17-06-1987,9.875,0.0,36600,10.0625,10.0,7.532543182373047
18-06-1987,9.8125,0.0,32000,10.0625,10.0,7.532543182373047
19-06-1987,10.0,0.0,40200,10.0625,10.0625,7.579617500305176
22-06-1987,9.9375,0.0,26800,10.125,10.0625,7.579617500305176
23-06-1987,9.75,0.0,36000,10.0,9.9375,7.485466003417969
24-06-1987,9.75,0.0,8400,9.875,9.875,7.438385009765625
25-06-1987,9.5625,0.0,54400,9.875,9.875,7.438385009765625
26-06-1987,9.75,0.0,3400,9.875,9.875,7.438385009765625
29-06-1987,9.625,0.0,33000,9.8125,9.8125,7.391308784484863
30-06-1987,9.875,0.0,24400,10.0625,10.0625,7.579617500305176
01-07-1987,9.8125,0.0,17400,9.9375,9.9375,7.485466003417969
02-07-1987,9.75,0.0,30800,10.0,10.0,7.532543182373047
06-07-1987,9.8125,0.0,90200,9.9375,9.875,7.438385009765625
07-07-1987,9.6875,0.0,19000,9.9375,9.8125,7.391308784484863
08-07-1987,9.75,0.0,11200,9.875,9.75,7.3442277908325195
09-07-1987,9.625,0.0,11800,9.875,9.875,7.438385009765625
10-07-1987,11.75,11.75,4385600,12.625,12.4375,9.368597030639648
13-07-1987,12.5,12.5,1955200,12.875,12.5625,9.462757110595703
14-07-1987,12.25,12.5625,732000,12.625,12.5,9.415678024291992
15-07-1987,12.4375,12.4375,197000,12.5,12.5,9.415678024291992
16-07-1987,12.4375,12.5,274000,12.5,12.5,9.415678024291992
17-07-1987,12.5,12.5,126000,12.5,12.5,9.415678024291992
20-07-1987,12.375,12.5,793800,12.5,12.4375,9.368597030639648
21-07-1987,12.3125,12.3125,197800,12.5,12.5,9.415678024291992
22-07-1987,12.4375,12.5,12800,12.5625,12.5625,9.462757110595703
23-07-1987,12.25,12.625,496400,12.625,12.375,9.321521759033203
24-07-1987,12.25,12.375,178200,12.5,12.5,9.415678024291992
27-07-1987,12.4375,12.5,129800,12.5625,12.5,9.415678024291992
28-07-1987,12.25,12.4375,119800,12.5,12.25,9.227368354797363
29-07-1987,12.0625,12.25,228000,12.3125,12.1875,9.180281639099121
30-07-1987,12.0,12.5,1811000,13.25,12.1875,9.180281639099121
31-07-1987,12.0625,12.1875,216800,12.1875,12.1875,9.180281639099121
03-08-1987,11.625,12.1875,507800,12.1875,11.75,8.85073471069336
04-08-1987,11.5625,11.8125,571200,11.9375,11.625,8.75658130645752
05-08-1987,11.5625,11.6875,229600,11.75,11.75,8.85073471069336
06-08-1987,11.625,11.6875,159600,11.75,11.6875,8.80366325378418
07-08-1987,11.5625,11.625,131200,11.625,11.5625,8.70950698852539
10-08-1987,11.5625,11.625,160400,11.625,11.625,8.75658130645752
11-08-1987,11.5625,11.5625,90800,11.625,11.625,8.75658130645752
12-08-1987,11.5625,11.5625,92800,11.6875,11.6875,8.80366325378418
13-08-1987,11.625,11.6875,64600,11.6875,11.625,8.75658130645752
14-08-1987,11.5,11.625,304800,11.6875,11.6875,8.80366325378418
17-08-1987,11.625,11.75,46600,11.75,11.75,8.877326011657715
18-08-1987,11.625,11.75,30000,11.75,11.6875,8.83010482788086
19-08-1987,11.625,11.6875,98800,11.6875,11.6875,8.83010482788086
20-08-1987,11.625,11.6875,61600,11.6875,11.6875,8.83010482788086
21-08-1987,11.625,11.6875,9800,11.6875,11.625,8.782882690429688
24-08-1987,11.625,11.6875,158800,11.6875,11.625,8.782882690429688
25-08-1987,11.625,11.625,259600,11.6875,11.625,8.782882690429688
26-08-1987,11.5,11.6875,5610000,11.75,11.5625,8.735672950744629
27-08-1987,11.5625,11.5625,0,11.5625,11.5625,8.735672950744629
28-08-1987,9.875,10.4375,3400,10.4375,9.875,7.460726261138916
31-08-1987,9.625,9.9375,45000,9.9375,9.6875,7.319068908691406
01-09-1987,9.1875,9.6875,31000,9.6875,9.1875,6.941312313079834
02-09-1987,9.0,9.0,9800,9.125,9.0,6.799653053283691
03-09-1987,8.875,9.0,14000,9.0,8.875,6.705212593078613
04-09-1987,8.8125,8.8125,10600,8.9375,8.9375,6.752430438995361
08-09-1987,8.625,8.875,22600,8.875,8.625,6.516331195831299
09-09-1987,8.3125,8.5,20000,8.5625,8.5,6.421893119812012
10-09-1987,8.375,8.5,25400,8.5,8.375,6.327447891235352
11-09-1987,8.3125,8.375,88400,8.5,8.375,6.327447891235352
14-09-1987,8.0,8.25,646400,8.25,8.125,6.138574123382568
15-09-1987,8.1875,8.1875,108000,8.4375,8.3125,6.280232906341553
16-09-1987,8.1875,8.375,107000,8.375,8.375,6.327447891235352
17-09-1987,8.1875,8.25,25800,8.3125,8.25,6.233012676239014
18-09-1987,8.125,8.25,133400,8.3125,8.25,6.233012676239014
21-09-1987,8.125,8.1875,116800,8.1875,8.1875,6.185794353485107
22-09-1987,7.875,8.0,64200,8.1875,8.1875,6.185794353485107
23-09-1987,8.125,8.1875,114400,8.1875,8.1875,6.185794353485107
24-09-1987,8.125,8.1875,6600,8.1875,8.125,6.138574123382568
25-09-1987,7.875,8.1875,60600,8.1875,8.0,6.044136047363281
28-09-1987,7.9375,8.0,100400,8.0,8.0,6.044136047363281
29-09-1987,7.8125,8.0,115000,8.0,7.9375,5.996914863586426
30-09-1987,7.375,7.6875,252200,7.6875,7.5,5.6663737297058105
01-10-1987,7.3125,7.4375,87000,7.4375,7.375,5.571937084197998
02-10-1987,7.3125,7.375,196000,7.625,7.625,5.760817527770996
05-10-1987,7.4375,7.5,69800,7.5625,7.4375,5.619153022766113
06-10-1987,7.375,7.4375,40400,7.5,7.375,5.571937084197998
07-10-1987,7.25,7.4375,30400,7.4375,7.375,5.571937084197998
08-10-1987,7.25,7.4375,36600,7.4375,7.375,5.571937084197998
09-10-1987,7.0625,7.375,261000,7.4375,7.0625,5.335834980010986
12-10-1987,6.625,7.0625,210400,7.0625,6.875,5.194180488586426
13-10-1987,6.9375,7.125,374800,7.1875,7.1875,5.430277347564697
14-10-1987,7.0,7.1875,69600,7.1875,7.125,5.383055210113525
15-10-1987,6.9375,7.0,104800,7.0625,7.0,5.288616180419922
16-10-1987,6.75,7.0,262400,7.0,6.75,5.099736213684082
19-10-1987,4.5,6.625,181400,6.625,4.5,3.3998265266418457
20-10-1987,3.875,4.75,139000,5.375,4.5,3.3998265266418457
21-10-1987,4.6875,4.875,82400,4.875,4.875,3.683143138885498
22-10-1987,4.5,4.6875,150200,4.875,4.5,3.3998265266418457
23-10-1987,4.25,4.5,96400,4.5,4.375,3.3053860664367676
26-10-1987,4.1875,4.3125,42400,4.3125,4.25,3.210946559906006
27-10-1987,4.25,4.25,71400,4.375,4.3125,3.2581655979156494
28-10-1987,3.75,4.1875,642200,4.25,4.25,3.210946559906006
29-10-1987,4.25,4.25,45400,4.5,4.5,3.3998265266418457
30-10-1987,4.6875,4.6875,84200,5.0,5.0,3.777583360671997
02-11-1987,4.9375,5.0,71200,5.0,5.0,3.777583360671997
03-11-1987,4.6875,5.0,35600,5.0,4.75,3.588704824447632
04-11-1987,4.625,4.6875,26000,4.8125,4.8125,3.635925769805908
05-11-1987,4.6875,4.75,48000,4.8125,4.75,3.588704824447632
06-11-1987,4.625,4.75,64000,4.75,4.75,3.588704824447632
09-11-1987,4.5625,4.625,8200,4.6875,4.625,3.494265079498291
10-11-1987,4.5,4.5,21000,4.625,4.5,3.3998265266418457
11-11-1987,4.5,4.625,16000,4.6875,4.5625,3.4470458030700684
12-11-1987,4.375,4.5,61800,4.6875,4.6875,3.5414845943450928
13-11-1987,4.5625,4.6875,21200,4.8125,4.6875,3.5414845943450928
16-11-1987,4.625,4.6875,37800,4.8125,4.6875,3.5414845943450928
17-11-1987,4.5625,4.625,6000,4.6875,4.5625,3.4470458030700684
18-11-1987,4.375,4.625,35000,4.625,4.5625,3.4470458030700684
19-11-1987,4.5625,4.5625,32800,4.625,4.625,3.494265079498291
20-11-1987,4.375,4.5625,44600,4.5625,4.5625,3.4470458030700684
23-11-1987,4.5,4.5625,4800,4.5625,4.5,3.3998265266418457
24-11-1987,4.5,4.5,884800,4.875,4.625,3.494265079498291
25-11-1987,4.375,4.625,105800,4.625,4.625,3.494265079498291
27-11-1987,4.375,4.375,23600,4.5,4.375,3.3053860664367676
30-11-1987,4.25,4.375,44000,4.375,4.375,3.3053860664367676
01-12-1987,4.375,4.375,29800,4.5,4.4375,3.379643201828003
02-12-1987,4.3125,4.4375,23000,4.4375,4.4375,3.379643201828003
03-12-1987,4.0625,4.375,40600,4.375,4.0625,3.0940394401550293
04-12-1987,3.875,4.125,70400,4.125,4.0,3.0464396476745605
07-12-1987,3.9375,4.0,94400,4.0,4.0,3.0464396476745605
08-12-1987,3.875,3.9375,34000,4.0,3.9375,2.9988389015197754
09-12-1987,3.9375,3.9375,145000,4.1875,4.1875,3.189239025115967
10-12-1987,4.0,4.0,38600,4.1875,4.125,3.1416397094726562
11-12-1987,3.875,4.125,24400,4.125,4.0,3.0464396476745605
14-12-1987,4.0,4.0,336400,4.3125,4.25,3.2368416786193848
15-12-1987,4.1875,4.1875,28800,4.25,4.1875,3.189239025115967
16-12-1987,4.125,4.1875,158000,4.4375,4.4375,3.379643201828003
17-12-1987,4.3125,4.4375,50000,4.4375,4.3125,3.2844417095184326
18-12-1987,4.375,4.4375,73200,4.9375,4.9375,3.7604470252990723
21-12-1987,5.0,5.0,98600,5.4375,5.375,4.093651294708252
22-12-1987,5.0625,5.375,58800,5.375,5.125,3.9032511711120605
23-12-1987,5.125,5.125,62600,5.75,5.5,4.188853740692139
24-12-1987,5.375,5.5,34200,5.5,5.375,4.093651294708252
28-12-1987,5.125,5.5,47200,5.5,5.125,3.9032511711120605
29-12-1987,4.9375,5.0,48200,5.125,5.0,3.808048725128174
30-12-1987,4.9375,5.0,51600,5.125,5.125,3.9032511711120605
31-12-1987,4.875,5.0,111200,5.0,5.0,3.808048725128174
04-01-1988,5.0625,5.1875,43000,5.3125,5.25,3.9984521865844727
05-01-1988,5.1875,5.3125,64000,5.5,5.1875,3.950849771499634
06-01-1988,5.125,5.3125,25600,5.3125,5.1875,3.950849771499634
07-01-1988,5.25,5.25,71600,5.4375,5.4375,4.141252517700195
08-01-1988,5.0,5.4375,48800,5.4375,5.0,3.808048725128174
11-01-1988,4.75,5.0,54000,5.0,4.9375,3.7604470252990723
12-01-1988,4.875,5.0625,44000,5.0625,4.9375,3.7604470252990723
13-01-1988,4.875,5.0,31800,5.25,5.25,3.9984521865844727
14-01-1988,5.25,5.25,68800,5.375,5.25,3.9984521865844727
15-01-1988,5.125,5.375,89200,5.4375,5.125,3.9032511711120605
18-01-1988,5.0,5.125,14800,5.125,5.0,3.808048725128174
19-01-1988,4.9375,5.0625,20400,5.0625,5.0,3.808048725128174
20-01-1988,4.875,4.9375,58400,5.0,4.9375,3.7604470252990723
21-01-1988,4.8125,4.8125,57000,5.1875,5.1875,3.950849771499634
22-01-1988,4.875,5.125,22400,5.1875,5.0,3.808048725128174
25-01-1988,4.8125,4.8125,104800,5.0,4.9375,3.7604470252990723
26-01-1988,4.8125,4.8125,77600,4.9375,4.8125,3.6652472019195557
27-01-1988,4.8125,4.8125,70800,5.0625,5.0625,3.8556506633758545
28-01-1988,4.9375,5.0,5200,5.0,4.9375,3.7604470252990723
29-01-1988,4.75,4.8125,81200,4.875,4.75,3.617645025253296
01-02-1988,4.75,4.8125,17200,4.875,4.75,3.617645025253296
02-02-1988,4.625,4.75,61800,5.0625,5.0,3.808048725128174
03-02-1988,4.9375,5.0,27600,5.0625,5.0,3.808048725128174
04-02-1988,4.8125,5.0,14600,5.0,4.875,3.7128450870513916
05-02-1988,4.875,4.9375,219800,5.1875,5.1875,3.950849771499634
08-02-1988,5.0,5.0625,109200,5.375,5.25,3.9984521865844727
09-02-1988,5.3125,5.375,203600,5.5,5.4375,4.141252517700195
10-02-1988,5.4375,5.5,78200,5.5625,5.5,4.188853740692139
11-02-1988,5.375,5.4375,59200,5.5625,5.5,4.215682029724121
12-02-1988,5.375,5.5,33600,5.5,5.375,4.119869709014893
16-02-1988,5.375,5.375,63000,5.5,5.5,4.215682029724121
17-02-1988,5.4375,5.5625,92200,5.6875,5.6875,4.359397888183594
18-02-1988,5.6875,5.6875,94400,5.875,5.8125,4.455206394195557
19-02-1988,5.875,5.875,152800,6.1875,6.0625,4.646829605102539
22-02-1988,6.0625,6.1875,78600,6.3125,6.3125,4.838452339172363
23-02-1988,6.25,6.375,80600,6.5,6.375,4.886355876922607
24-02-1988,6.375,6.375,71800,6.5,6.375,4.886355876922607
25-02-1988,6.375,6.5,383200,6.75,6.4375,4.934264659881592
26-02-1988,6.375,6.5625,45000,6.625,6.4375,4.934264659881592
29-02-1988,6.3125,6.3125,16600,6.4375,6.375,4.886355876922607
01-03-1988,6.375,6.4375,30200,6.5,6.375,4.886355876922607
02-03-1988,6.3125,6.4375,146600,6.6875,6.625,5.0779805183410645
03-03-1988,6.4375,6.6875,122400,6.6875,6.5,4.982168197631836
04-03-1988,6.375,6.5,22600,6.5,6.5,4.982168197631836
07-03-1988,6.5,6.5625,65200,6.625,6.5625,5.0300726890563965
08-03-1988,6.5,6.5,74200,6.8125,6.75,5.1737895011901855
09-03-1988,6.625,6.75,19800,6.75,6.625,5.0779805183410645
10-03-1988,6.4375,6.5625,125200,6.5625,6.5625,5.0300726890563965
11-03-1988,6.4375,6.5625,25600,6.6875,6.5,4.982168197631836
14-03-1988,6.375,6.5,33800,6.5625,6.4375,4.934264659881592
15-03-1988,6.4375,6.5625,18400,6.5625,6.5,4.982168197631836
16-03-1988,6.3125,6.4375,20800,6.5,6.3125,4.838452339172363
17-03-1988,6.125,6.3125,31600,6.3125,6.1875,4.742639541625977
18-03-1988,5.9375,6.1875,43600,6.1875,5.9375,4.5510172843933105
21-03-1988,5.8125,5.875,105600,5.9375,5.875,4.503113746643066
22-03-1988,5.875,5.875,115200,6.125,6.125,4.6947340965271
23-03-1988,6.1875,6.1875,20600,6.3125,6.3125,4.838452339172363
24-03-1988,6.125,6.375,23200,6.375,6.125,4.6947340965271
25-03-1988,6.0,6.125,8800,6.125,6.0,4.5989227294921875
28-03-1988,5.75,5.9375,12600,5.9375,5.8125,4.455206394195557
29-03-1988,5.875,5.9375,15800,6.0,5.9375,4.5510172843933105
30-03-1988,5.9375,6.0625,39800,6.1875,5.9375,4.5510172843933105
31-03-1988,5.9375,5.9375,90600,6.125,6.0625,4.646829605102539
04-04-1988,5.5,6.0625,49000,6.125,5.5,4.215682029724121
05-04-1988,5.5,5.5,33600,5.75,5.75,4.4073028564453125
06-04-1988,5.625,5.75,34600,5.8125,5.6875,4.359397888183594
07-04-1988,5.6875,5.75,9800,5.8125,5.75,4.4073028564453125
08-04-1988,5.625,5.75,11400,5.75,5.6875,4.359397888183594
11-04-1988,5.625,5.6875,37400,5.6875,5.625,4.311491966247559
12-04-1988,5.5625,5.75,5000,5.75,5.5625,4.263584136962891
13-04-1988,5.625,5.625,46600,5.875,5.8125,4.455206394195557
14-04-1988,5.625,5.6875,51200,5.75,5.625,4.311491966247559
15-04-1988,5.5,5.5625,15400,5.625,5.5625,4.263584136962891
18-04-1988,5.3125,5.5,24800,5.5625,5.375,4.119869709014893
19-04-1988,5.375,5.375,6600,5.4375,5.375,4.119869709014893
20-04-1988,5.3125,5.375,12000,5.5625,5.5,4.215682029724121
21-04-1988,5.375,5.5,4600,5.5,5.375,4.119869709014893
22-04-1988,5.3125,5.4375,8200,5.5,5.4375,4.167776584625244
25-04-1988,5.3125,5.4375,7200,5.5,5.5,4.215682029724121
26-04-1988,5.5,5.5,29000,5.5625,5.5625,4.263584136962891
27-04-1988,5.5625,5.5625,15400,5.625,5.625,4.311491966247559
28-04-1988,5.5625,5.625,30000,5.625,5.625,4.311491966247559
29-04-1988,5.5,5.5625,28000,5.5625,5.5625,4.263584136962891
02-05-1988,5.5,5.5625,23400,5.5625,5.5,4.215682029724121
03-05-1988,5.5,5.5,27800,5.5625,5.5625,4.263584136962891
04-05-1988,5.5,5.5625,16400,5.5625,5.5625,4.263584136962891
05-05-1988,5.5,5.5,9800,5.5625,5.5,4.215682029724121
06-05-1988,5.375,5.4375,14800,5.5625,5.375,4.119869709014893
09-05-1988,5.3125,5.3125,6400,5.5,5.375,4.146872043609619
10-05-1988,5.375,5.5,4800,5.5625,5.375,4.146872043609619
11-05-1988,5.1875,5.3125,22600,5.375,5.25,4.050434112548828
12-05-1988,5.25,5.375,17800,5.4375,5.25,4.050434112548828
13-05-1988,5.1875,5.25,17400,5.25,5.25,4.050434112548828
16-05-1988,5.25,5.3125,10400,5.3125,5.3125,4.098651885986328
17-05-1988,5.0625,5.3125,29000,5.3125,5.125,3.9539968967437744
18-05-1988,5.0,5.125,19800,5.125,5.125,3.9539968967437744
19-05-1988,4.9375,5.0625,9200,5.0625,5.0,3.8575546741485596
20-05-1988,4.875,4.875,14200,5.0,5.0,3.8575546741485596
23-05-1988,4.75,4.9375,12400,4.9375,4.875,3.761117458343506
24-05-1988,4.875,4.875,2800,4.9375,4.875,3.761117458343506
25-05-1988,4.9375,4.9375,7000,4.9375,4.9375,3.8093340396881104
26-05-1988,4.875,4.9375,10400,4.9375,4.875,3.761117458343506
27-05-1988,4.8125,4.875,2400,4.875,4.875,3.761117458343506
31-05-1988,4.8125,4.9375,8400,4.9375,4.875,3.761117458343506
01-06-1988,4.8125,4.9375,147600,5.0,5.0,3.8575546741485596
02-06-1988,4.875,4.9375,14600,4.9375,4.875,3.761117458343506
03-06-1988,4.875,4.875,48800,5.125,5.125,3.9539968967437744
06-06-1988,5.125,5.1875,43600,5.3125,5.25,4.050434112548828
07-06-1988,5.3125,5.4375,25400,5.5,5.375,4.146872043609619
08-06-1988,5.3125,5.5,70000,5.5625,5.5,4.243310451507568
09-06-1988,5.5,5.5625,23200,5.6875,5.625,4.339752197265625
10-06-1988,5.5,5.625,8600,5.625,5.5,4.243310451507568
13-06-1988,5.375,5.4375,7800,5.625,5.5625,4.291528701782227
14-06-1988,5.5625,5.625,24600,5.6875,5.5625,4.291528701782227
15-06-1988,5.3125,5.5,17800,5.5,5.375,4.146872043609619
16-06-1988,5.3125,5.3125,15800,5.375,5.375,4.146872043609619
17-06-1988,5.1875,5.3125,32800,5.3125,5.1875,4.0022125244140625
20-06-1988,5.1875,5.25,6000,5.375,5.3125,4.098651885986328
21-06-1988,5.1875,5.25,15200,5.3125,5.25,4.050434112548828
22-06-1988,5.3125,5.375,24000,5.375,5.375,4.146872043609619
23-06-1988,5.1875,5.25,7800,5.375,5.1875,4.0022125244140625
24-06-1988,5.1875,5.3125,9000,5.375,5.25,4.050434112548828
27-06-1988,5.1875,5.1875,13000,5.375,5.25,4.050434112548828
28-06-1988,5.25,5.3125,118000,5.375,5.375,4.146872043609619
29-06-1988,5.3125,5.3125,123400,5.375,5.375,4.146872043609619
30-06-1988,5.125,5.375,57400,5.375,5.125,3.9539968967437744
01-07-1988,5.0625,5.125,126800,5.1875,5.1875,4.0022125244140625
05-07-1988,5.125,5.125,7000,5.3125,5.3125,4.098651885986328
06-07-1988,5.0625,5.1875,47800,5.1875,5.0625,3.905776262283325
07-07-1988,5.125,5.1875,6600,5.25,5.125,3.9539968967437744
08-07-1988,5.125,5.125,0,5.125,5.125,3.9539968967437744
11-07-1988,5.0625,5.25,6000,5.25,5.1875,4.0022125244140625
12-07-1988,5.0625,5.0625,3000,5.1875,5.1875,4.0022125244140625
13-07-1988,5.0625,5.25,28800,5.3125,5.25,4.050434112548828
14-07-1988,5.0,5.125,98800,5.125,5.0625,3.905776262283325
15-07-1988,5.0625,5.0625,302400,5.1875,5.1875,4.0022125244140625
18-07-1988,5.1875,5.25,16200,5.25,5.25,4.050434112548828
19-07-1988,5.125,5.25,13600,5.3125,5.1875,4.0022125244140625
20-07-1988,5.0625,5.0625,21800,5.1875,5.125,3.9539968967437744
21-07-1988,5.0625,5.125,18800,5.125,5.125,3.9539968967437744
22-07-1988,5.125,5.125,9400,5.1875,5.1875,4.0022125244140625
25-07-1988,5.125,5.125,23400,5.125,5.125,3.9539968967437744
26-07-1988,5.125,5.125,1600,5.125,5.125,3.9539968967437744
27-07-1988,5.0,5.125,30200,5.125,5.0625,3.905776262283325
28-07-1988,4.9375,5.0,50600,5.1875,5.1875,4.0022125244140625
29-07-1988,5.0625,5.1875,46600,5.1875,5.125,3.9539968967437744
01-08-1988,5.0,5.0,72000,5.125,5.125,3.9539968967437744
02-08-1988,5.125,5.1875,4400,5.1875,5.125,3.9539968967437744
03-08-1988,5.0,5.125,6800,5.125,5.0,3.8575546741485596
04-08-1988,5.0625,5.125,6000,5.125,5.0625,3.905776262283325
05-08-1988,5.0625,5.0625,27600,5.25,5.125,3.9539968967437744
08-08-1988,5.1875,5.1875,44200,5.3125,5.3125,4.098651885986328
09-08-1988,5.25,5.25,11000,5.3125,5.25,4.050434112548828
10-08-1988,5.3125,5.3125,52400,5.4375,5.4375,4.195095062255859
11-08-1988,5.3125,5.3125,28800,5.5625,5.3125,4.098651885986328
12-08-1988,5.3125,5.3125,3000,5.375,5.375,4.146872043609619
15-08-1988,5.3125,5.3125,21400,5.375,5.375,4.146872043609619
16-08-1988,5.1875,5.25,25400,5.25,5.1875,4.02844762802124
17-08-1988,5.125,5.125,7600,5.25,5.25,4.076983451843262
18-08-1988,5.1875,5.1875,7200,5.25,5.1875,4.02844762802124
19-08-1988,5.125,5.25,42600,5.25,5.125,3.9799089431762695
22-08-1988,5.125,5.125,5800,5.125,5.125,3.9799089431762695
23-08-1988,5.125,5.125,8000,5.1875,5.1875,4.02844762802124
24-08-1988,5.1875,5.25,20200,5.25,5.1875,4.02844762802124
25-08-1988,5.1875,5.1875,3800,5.25,5.1875,4.02844762802124
26-08-1988,5.1875,5.1875,9200,5.1875,5.1875,4.02844762802124
29-08-1988,5.1875,5.1875,5600,5.25,5.1875,4.02844762802124
30-08-1988,5.3125,5.3125,33800,5.4375,5.375,4.1740546226501465
31-08-1988,5.3125,5.4375,23800,5.4375,5.4375,4.222586631774902
01-09-1988,5.4375,5.4375,36400,5.6875,5.6875,4.416728496551514
02-09-1988,5.625,5.625,28400,5.6875,5.6875,4.416728496551514
06-09-1988,5.5625,5.625,52800,5.8125,5.75,4.465263366699219
07-09-1988,5.75,5.75,69800,5.9375,5.9375,4.610869407653809
08-09-1988,5.9375,6.0,97600,6.25,6.1875,4.805013179779053
09-09-1988,6.0,6.25,24000,6.25,6.0625,4.70794153213501
12-09-1988,6.0,6.0625,8200,6.0625,6.0625,4.70794153213501
13-09-1988,6.0625,6.0625,38400,6.1875,6.125,4.756479263305664
14-09-1988,6.0,6.0625,23600,6.0625,6.0,4.6594061851501465
15-09-1988,5.875,6.125,18600,6.125,6.0,4.6594061851501465
16-09-1988,5.8125,5.8125,28200,5.9375,5.875,4.562335014343262
19-09-1988,5.5625,5.8125,15000,5.8125,5.625,4.368193626403809
20-09-1988,5.6875,5.6875,1400,5.6875,5.6875,4.416728496551514
21-09-1988,5.75,5.75,16800,5.9375,5.8125,4.513802528381348
22-09-1988,6.0,6.125,56000,6.125,6.0,4.6594061851501465
23-09-1988,6.0,6.0,65000,6.25,6.25,4.853549480438232
26-09-1988,6.25,6.25,61600,6.4375,6.3125,4.902083873748779
27-09-1988,6.0625,6.375,9400,6.375,6.1875,4.805013179779053
28-09-1988,6.0,6.0625,4800,6.1875,6.125,4.756479263305664
29-09-1988,5.9375,6.1875,17600,6.1875,6.125,4.756479263305664
30-09-1988,5.875,6.0,9800,6.1875,6.0625,4.70794153213501
03-10-1988,5.875,6.125,24600,6.125,5.875,4.562335014343262
04-10-1988,5.9375,5.9375,10000,6.125,6.0625,4.70794153213501
05-10-1988,6.0,6.125,17000,6.1875,6.0,4.6594061851501465
06-10-1988,6.0625,6.0625,3000,6.0625,6.0625,4.70794153213501
07-10-1988,6.0,6.0625,53000,6.1875,6.125,4.756479263305664
10-10-1988,6.0625,6.0625,24200,6.125,6.0625,4.70794153213501
11-10-1988,6.0,6.0,16000,6.25,6.25,4.853549480438232
12-10-1988,6.0625,6.1875,32000,6.25,6.1875,4.805013179779053
13-10-1988,6.0625,6.0625,157000,6.6875,6.5,5.04769229888916
14-10-1988,6.625,6.625,68600,6.8125,6.75,5.2418317794799805
17-10-1988,6.5,6.75,18200,6.75,6.5625,5.096227169036865
18-10-1988,6.5,6.5,50000,6.5625,6.5625,5.096227169036865
19-10-1988,6.5,6.5,57200,6.5,6.5,5.04769229888916
20-10-1988,6.625,6.625,24400,6.8125,6.6875,5.193299293518066
21-10-1988,6.5,6.6875,80200,6.6875,6.625,5.144761562347412
24-10-1988,6.4375,6.625,13200,6.625,6.4375,4.999155521392822
25-10-1988,6.375,6.4375,15000,6.5625,6.5625,5.096227169036865
26-10-1988,6.5,6.5,3200,6.5625,6.5,5.04769229888916
27-10-1988,6.3125,6.375,7400,6.4375,6.3125,4.902083873748779
28-10-1988,6.3125,6.4375,14000,6.4375,6.3125,4.902083873748779
31-10-1988,6.1875,6.1875,12600,6.3125,6.3125,4.902083873748779
01-11-1988,6.1875,6.25,4800,6.25,6.1875,4.805013179779053
02-11-1988,6.1875,6.1875,15200,6.3125,6.25,4.853549480438232
03-11-1988,6.3125,6.3125,10600,6.5,6.3125,4.902083873748779
04-11-1988,6.25,6.3125,17800,6.4375,6.25,4.853549480438232
07-11-1988,6.125,6.375,13800,6.375,6.125,4.756479263305664
08-11-1988,5.9375,6.0,7800,6.0625,5.9375,4.610869407653809
09-11-1988,5.8125,5.9375,35800,6.0625,6.0625,4.70794153213501
10-11-1988,6.0,6.0625,26000,6.4375,6.3125,4.902083873748779
11-11-1988,6.0625,6.3125,33800,6.4375,6.0625,4.70794153213501
14-11-1988,6.0625,6.0625,12800,6.25,6.1875,4.805013179779053
15-11-1988,6.125,6.1875,14600,6.25,6.125,4.756479263305664
16-11-1988,5.875,6.0,34600,6.125,5.9375,4.610869407653809
17-11-1988,5.6875,5.8125,22400,5.8125,5.6875,4.416728496551514
18-11-1988,5.5625,5.625,29600,5.6875,5.5625,4.319656848907471
21-11-1988,5.5,5.5,23200,5.5625,5.5,4.271122455596924
22-11-1988,5.5,5.5,11400,5.5,5.5,4.271122455596924
23-11-1988,5.5,5.5625,1400,5.5625,5.5,4.271122455596924
25-11-1988,5.625,5.625,3800,5.75,5.75,4.465263366699219
28-11-1988,5.8125,5.875,21200,6.0,5.875,4.562335014343262
29-11-1988,5.6875,5.6875,5000,5.8125,5.75,4.492027282714844
30-11-1988,5.875,5.875,29400,6.1875,6.0625,4.73615837097168
01-12-1988,6.1875,6.1875,22000,6.3125,6.3125,4.931463718414307
02-12-1988,6.1875,6.3125,16800,6.3125,6.1875,4.833808898925781
05-12-1988,6.25,6.25,50800,6.3125,6.3125,4.931463718414307
06-12-1988,6.375,6.375,52000,6.6875,6.6875,5.224420547485352
07-12-1988,6.625,6.6875,63600,6.875,6.875,5.370901584625244
08-12-1988,6.75,6.9375,35200,7.0,7.0,5.468552112579346
09-12-1988,6.75,6.8125,8800,6.8125,6.75,5.2732462882995605
12-12-1988,6.75,6.75,24600,6.9375,6.9375,5.41972541809082
13-12-1988,6.8125,6.8125,12200,6.8125,6.8125,5.322074890136719
14-12-1988,6.8125,6.875,22600,6.9375,6.875,5.370901584625244
15-12-1988,6.875,6.875,13200,6.875,6.875,5.370901584625244
16-12-1988,6.875,6.875,41600,7.0,7.0,5.468552112579346
19-12-1988,6.875,6.9375,60200,7.0,6.875,5.370901584625244
20-12-1988,6.875,6.875,11400,6.9375,6.9375,5.41972541809082
21-12-1988,6.875,6.9375,14600,7.0,6.875,5.370901584625244
22-12-1988,6.875,6.875,31000,6.875,6.875,5.370901584625244
23-12-1988,6.875,6.875,11800,6.9375,6.9375,5.41972541809082
27-12-1988,6.9375,6.9375,17200,6.9375,6.9375,5.41972541809082
28-12-1988,6.875,6.9375,5400,6.9375,6.9375,5.41972541809082
29-12-1988,6.875,7.0,27400,7.0,6.875,5.370901584625244
30-12-1988,6.875,7.0,73800,7.125,7.0625,5.517378330230713
03-01-1989,7.0625,7.0625,12800,7.125,7.0625,5.517378330230713
04-01-1989,6.875,7.0625,29200,7.0625,6.9375,5.41972541809082
05-01-1989,6.875,6.9375,53600,7.0625,7.0625,5.517378330230713
06-01-1989,7.0,7.0625,130600,7.375,7.25,5.663858890533447
09-01-1989,7.125,7.25,34800,7.3125,7.1875,5.6150312423706055
10-01-1989,6.9375,7.125,73800,7.1875,6.9375,5.41972541809082
11-01-1989,6.875,6.9375,32600,6.9375,6.875,5.370901584625244
12-01-1989,7.0,7.0,34400,7.0625,7.0,5.468552112579346
13-01-1989,6.875,7.0625,4800,7.0625,6.875,5.370901584625244
16-01-1989,6.9375,7.0,423800,7.0625,7.0625,5.517378330230713
17-01-1989,6.9375,7.0,33000,7.0,6.9375,5.41972541809082
18-01-1989,6.875,6.9375,36400,7.0625,6.875,5.370901584625244
19-01-1989,6.9375,6.9375,200,6.9375,6.9375,5.41972541809082
20-01-1989,6.8125,6.875,3000,6.875,6.8125,5.322074890136719
23-01-1989,6.8125,6.9375,7600,6.9375,6.8125,5.322074890136719
24-01-1989,6.8125,6.8125,12600,7.0,7.0,5.468552112579346
25-01-1989,6.875,6.875,4200,6.9375,6.9375,5.41972541809082
26-01-1989,6.9375,6.9375,23200,7.0,7.0,5.468552112579346
27-01-1989,6.9375,7.0,196000,7.0,7.0,5.468552112579346
30-01-1989,6.875,6.875,7800,7.0,7.0,5.468552112579346
31-01-1989,6.9375,6.9375,1000,7.0,7.0,5.468552112579346
01-02-1989,6.9375,6.9375,10800,6.9375,6.9375,5.41972541809082
02-02-1989,6.875,6.875,24600,6.9375,6.9375,5.41972541809082
03-02-1989,6.875,6.9375,1800,6.9375,6.875,5.370901584625244
06-02-1989,6.9375,6.9375,45000,7.0,7.0,5.468552112579346
07-02-1989,7.4375,7.5,324400,7.75,7.6875,6.005643844604492
08-02-1989,7.8125,7.8125,407200,8.1875,8.0,6.249776363372803
09-02-1989,7.6875,8.0,91200,8.0,7.6875,6.005643844604492
10-02-1989,7.375,7.6875,68400,7.6875,7.375,5.761509895324707
13-02-1989,7.375,7.375,5200,7.5,7.375,5.761509895324707
14-02-1989,7.375,7.375,29400,7.6875,7.625,5.956816673278809
15-02-1989,7.625,7.6875,14000,7.875,7.875,6.152121543884277
16-02-1989,7.6875,7.8125,63200,8.125,8.0,6.277676105499268
17-02-1989,8.125,8.125,92000,8.3125,8.25,6.473853588104248
21-02-1989,8.1875,8.25,43800,8.25,8.25,6.473853588104248
22-02-1989,7.9375,8.25,64800,8.25,8.0,6.277676105499268
23-02-1989,7.875,7.9375,12200,8.0,7.9375,6.228632926940918
24-02-1989,7.75,7.875,16400,7.9375,7.9375,6.228632926940918
27-02-1989,7.75,7.875,14000,7.875,7.75,6.081500053405762
28-02-1989,7.6875,7.8125,4200,7.8125,7.6875,6.032456398010254
01-03-1989,7.75,7.75,8800,7.9375,7.875,6.179588794708252
02-03-1989,7.8125,7.8125,2400,7.8125,7.8125,6.130544185638428
03-03-1989,7.8125,7.8125,8200,7.875,7.875,6.179588794708252
06-03-1989,7.8125,7.8125,42000,8.1875,8.1875,6.424810409545898
07-03-1989,8.125,8.25,18800,8.25,8.125,6.375767230987549
08-03-1989,8.1875,8.1875,203800,8.8125,8.625,6.768118858337402
09-03-1989,8.5625,8.6875,40400,8.8125,8.75,6.866207122802734
10-03-1989,8.5,8.75,29800,8.75,8.75,6.866207122802734
13-03-1989,8.625,8.6875,69400,8.75,8.625,6.768118858337402
14-03-1989,8.625,8.6875,44000,8.6875,8.625,6.768118858337402
15-03-1989,8.625,8.6875,33200,8.75,8.6875,6.817160606384277
16-03-1989,8.5625,8.625,37400,8.625,8.5625,6.719076156616211
17-03-1989,8.3125,8.5,23600,8.5,8.3125,6.522896766662598
20-03-1989,8.3125,8.4375,9200,8.5,8.375,6.571940898895264
21-03-1989,8.3125,8.3125,9400,8.375,8.3125,6.522896766662598
22-03-1989,8.3125,8.3125,36200,8.4375,8.375,6.571940898895264
23-03-1989,8.375,8.4375,50600,8.5,8.4375,6.620983123779297
27-03-1989,8.5,8.5625,34800,8.625,8.5625,6.719076156616211
28-03-1989,8.5625,8.625,40000,8.75,8.6875,6.817160606384277
29-03-1989,8.5625,8.625,11800,8.6875,8.5625,6.719076156616211
30-03-1989,8.625,8.6875,35000,8.9375,8.9375,7.013337135314941
31-03-1989,8.9375,9.0,308800,9.25,9.0625,7.11143159866333
03-04-1989,9.0625,9.0625,55200,9.1875,9.1875,7.209519386291504
04-04-1989,9.125,9.1875,103000,9.5,9.5,7.454739093780518
05-04-1989,9.25,9.5,60000,9.5,9.375,7.356644630432129
06-04-1989,9.3125,9.375,13800,9.375,9.375,7.356644630432129
07-04-1989,9.0625,9.375,85000,9.375,9.25,7.2585601806640625
10-04-1989,9.125,9.1875,31400,9.3125,9.25,7.2585601806640625
11-04-1989,9.1875,9.25,5800,9.25,9.25,7.2585601806640625
12-04-1989,9.25,9.375,45800,9.375,9.375,7.356644630432129
13-04-1989,9.25,9.375,44200,9.375,9.25,7.2585601806640625
14-04-1989,9.125,9.1875,39800,9.375,9.375,7.356644630432129
17-04-1989,9.25,9.375,13400,9.4375,9.25,7.2585601806640625
18-04-1989,9.25,9.25,10600,9.375,9.375,7.356644630432129
19-04-1989,9.3125,9.375,151000,9.4375,9.3125,7.307609558105469
20-04-1989,9.25,9.3125,7600,9.375,9.25,7.2585601806640625
21-04-1989,9.125,9.125,40600,9.3125,9.25,7.2585601806640625
24-04-1989,9.1875,9.25,20800,9.25,9.25,7.2585601806640625
25-04-1989,9.1875,9.25,7800,9.3125,9.25,7.2585601806640625
26-04-1989,9.125,9.375,8200,9.375,9.125,7.160478591918945
27-04-1989,9.125,9.125,36600,9.1875,9.125,7.160478591918945
28-04-1989,9.0,9.125,29400,9.125,9.0,7.062385082244873
01-05-1989,8.875,9.0625,18200,9.0625,9.0,7.062385082244873
02-05-1989,8.8125,8.875,16600,8.9375,8.8125,6.9152512550354
03-05-1989,8.625,8.6875,8800,8.75,8.75,6.866207122802734
04-05-1989,8.8125,8.8125,2400,8.875,8.875,6.964292526245117
05-05-1989,8.8125,8.8125,40000,9.0,8.9375,7.013337135314941
08-05-1989,8.75,8.9375,2800,8.9375,8.875,6.964292526245117
09-05-1989,8.75,8.75,1800,8.875,8.875,6.991866111755371
10-05-1989,8.75,8.8125,3600,8.8125,8.75,6.89339017868042
11-05-1989,8.875,8.875,13800,8.9375,8.875,6.991866111755371
12-05-1989,8.8125,8.9375,31200,8.9375,8.8125,6.942629337310791
15-05-1989,8.6875,8.9375,58400,8.9375,8.75,6.89339017868042
16-05-1989,8.6875,8.875,35400,8.875,8.8125,6.942629337310791
17-05-1989,8.875,8.875,31800,8.9375,8.9375,7.041107654571533
18-05-1989,8.875,8.875,44000,9.1875,9.1875,7.238065242767334
19-05-1989,9.0625,9.0625,28800,9.375,9.1875,7.238065242767334
22-05-1989,9.125,9.1875,36600,9.1875,9.1875,7.238065242767334
23-05-1989,9.1875,9.1875,30200,9.4375,9.4375,7.4350152015686035
24-05-1989,9.3125,9.3125,76400,9.4375,9.4375,7.4350152015686035
25-05-1989,9.4375,9.4375,13400,9.5625,9.5625,7.533488750457764
26-05-1989,9.625,9.625,13600,9.75,9.6875,7.631968021392822
30-05-1989,9.625,9.6875,16400,9.6875,9.6875,7.631968021392822
31-05-1989,9.625,9.6875,2800,9.6875,9.625,7.5827317237854
01-06-1989,9.4375,9.625,13800,9.6875,9.4375,7.4350152015686035
02-06-1989,9.5,9.5,27600,9.5,9.5,7.484255790710449
05-06-1989,9.375,9.375,56200,9.4375,9.4375,7.4350152015686035
06-06-1989,9.4375,9.4375,129600,9.875,9.75,7.6812052726745605
07-06-1989,9.75,9.75,53200,9.9375,9.875,7.779690742492676
08-06-1989,9.625,9.75,16000,9.875,9.6875,7.631968021392822
09-06-1989,9.5625,9.625,10200,9.6875,9.625,7.5827317237854
12-06-1989,9.625,9.75,44200,9.8125,9.8125,7.730443000793457
13-06-1989,9.75,9.75,7600,9.875,9.875,7.779690742492676
14-06-1989,9.625,9.75,12600,9.8125,9.75,7.6812052726745605
15-06-1989,9.5625,9.75,18200,9.75,9.625,7.5827317237854
16-06-1989,9.5625,9.5625,6000,9.625,9.625,7.5827317237854
19-06-1989,9.75,9.75,40800,9.875,9.875,7.779690742492676
20-06-1989,9.75,9.875,48600,9.875,9.8125,7.730443000793457
21-06-1989,9.625,9.8125,20600,9.8125,9.625,7.5827317237854
22-06-1989,9.625,9.625,14400,9.8125,9.8125,7.730443000793457
23-06-1989,9.8125,9.8125,24600,9.875,9.875,7.779690742492676
26-06-1989,9.8125,9.9375,12800,10.0,10.0,7.878164291381836
27-06-1989,10.0,10.0,33600,10.1875,10.1875,8.025876998901367
28-06-1989,9.875,10.125,123400,10.125,10.0,7.878164291381836
29-06-1989,9.8125,9.875,25600,9.9375,9.8125,7.730443000793457
30-06-1989,9.25,9.75,48600,9.75,9.5625,7.533488750457764
03-07-1989,9.625,9.6875,8600,9.8125,9.8125,7.730443000793457
05-07-1989,9.875,9.9375,12200,10.0,10.0,7.878164291381836
06-07-1989,9.8125,9.8125,9400,9.9375,9.9375,7.828926086425781
07-07-1989,9.75,9.8125,14400,9.9375,9.9375,7.828926086425781
10-07-1989,9.75,9.8125,10000,9.9375,9.9375,7.828926086425781
11-07-1989,9.875,10.0,22600,10.125,10.125,7.97664213180542
12-07-1989,9.75,10.0,14800,10.0625,9.75,7.6812052726745605
13-07-1989,9.6875,9.6875,47400,9.875,9.75,7.6812052726745605
14-07-1989,9.75,9.75,16200,10.0,9.9375,7.828926086425781
17-07-1989,9.8125,9.875,18000,10.0,10.0,7.878164291381836
18-07-1989,9.75,9.9375,142200,9.9375,9.875,7.779690742492676
19-07-1989,9.875,9.875,26400,9.9375,9.9375,7.828926086425781
20-07-1989,9.8125,9.875,275000,10.125,9.875,7.779690742492676
21-07-1989,9.9375,10.0,12800,10.0,10.0,7.878164291381836
24-07-1989,9.75,9.875,11800,9.9375,9.875,7.779690742492676
25-07-1989,9.8125,9.8125,12000,9.9375,9.9375,7.828926086425781
26-07-1989,9.8125,9.9375,5800,9.9375,9.9375,7.828926086425781
27-07-1989,9.75,9.875,35000,9.875,9.875,7.779690742492676
28-07-1989,9.625,9.75,23600,9.8125,9.8125,7.730443000793457
31-07-1989,9.6875,9.6875,27600,9.75,9.75,7.6812052726745605
01-08-1989,9.625,9.6875,7800,9.75,9.625,7.5827317237854
02-08-1989,9.25,9.5625,42200,9.5625,9.3125,7.336542129516602
03-08-1989,9.25,9.25,12000,9.4375,9.4375,7.4350152015686035
04-08-1989,9.5,9.5,3200,9.5625,9.5,7.484255790710449
07-08-1989,9.75,9.75,24200,9.9375,9.9375,7.828926086425781
08-08-1989,9.6875,9.75,25400,9.875,9.6875,7.631968021392822
09-08-1989,9.375,9.625,28400,9.625,9.375,7.385776042938232
10-08-1989,9.0,9.25,123200,9.25,9.125,7.188826084136963
11-08-1989,9.0,9.1875,54600,9.1875,9.0625,7.139586448669434
14-08-1989,8.8125,8.875,78600,9.0625,9.0625,7.167269706726074
15-08-1989,9.125,9.125,13600,9.3125,9.3125,7.364987850189209
16-08-1989,9.4375,9.4375,38800,9.875,9.75,7.710983753204346
17-08-1989,9.5,9.6875,30400,9.6875,9.6875,7.661562442779541
18-08-1989,9.5625,9.5625,53000,9.6875,9.6875,7.661562442779541
21-08-1989,9.5,9.5625,1000,9.5625,9.5,7.513275146484375
22-08-1989,9.3125,9.375,30800,9.375,9.3125,7.364987850189209
23-08-1989,9.375,9.4375,47600,9.6875,9.6875,7.661562442779541
24-08-1989,9.5,9.5625,26400,9.6875,9.625,7.612130641937256
25-08-1989,9.4375,9.4375,37800,9.5,9.4375,7.463842391967773
28-08-1989,9.5,9.625,44800,9.75,9.6875,7.661562442779541
29-08-1989,9.5,9.75,73000,9.75,9.5,7.513275146484375
30-08-1989,9.4375,9.625,56200,9.75,9.75,7.710983753204346
31-08-1989,9.8125,9.8125,93800,10.0,10.0,7.908710956573486
01-09-1989,10.0,10.0,114000,10.5625,10.5625,8.353569984436035
05-09-1989,10.875,11.25,171200,11.25,11.0,8.69958209991455
06-09-1989,11.0,11.0,94600,11.4375,11.4375,9.0455904006958
07-09-1989,11.25,11.3125,57000,11.5,11.5,9.09502124786377
08-09-1989,11.625,11.625,81600,12.0625,12.0625,9.539881706237793
11-09-1989,12.0,12.0625,122200,12.5,12.3125,9.737594604492188
12-09-1989,11.6875,12.3125,81800,12.375,11.9375,9.441020965576172
13-09-1989,11.6875,11.9375,34800,11.9375,11.75,9.292731285095215
14-09-1989,11.5,11.625,24000,11.625,11.625,9.193875312805176
15-09-1989,11.5,11.625,57200,11.625,11.5625,9.144442558288574
18-09-1989,11.5,11.5625,28200,11.5625,11.5,9.09502124786377
19-09-1989,11.5,11.5,46400,11.625,11.5625,9.144442558288574
20-09-1989,11.5,11.5,28400,11.5625,11.5625,9.144442558288574
21-09-1989,11.625,11.625,42200,11.6875,11.6875,9.243305206298828
22-09-1989,11.5,11.6875,24400,11.75,11.75,9.292731285095215
25-09-1989,11.5,11.625,10200,11.6875,11.6875,9.243305206298828
26-09-1989,11.5625,11.5625,91800,11.6875,11.625,9.193875312805176
27-09-1989,11.5,11.5625,51000,11.625,11.625,9.193875312805176
28-09-1989,11.5,11.5625,9600,11.625,11.625,9.193875312805176
29-09-1989,11.6875,11.75,21400,11.75,11.6875,9.243305206298828
02-10-1989,11.5625,11.625,41200,11.6875,11.6875,9.243305206298828
03-10-1989,11.6875,11.6875,25200,11.9375,11.8125,9.3421630859375
04-10-1989,11.9375,11.9375,17400,12.125,12.0,9.490447044372559
05-10-1989,11.875,12.0625,10800,12.125,12.0625,9.539881706237793
06-10-1989,11.6875,12.0,28000,12.1875,11.6875,9.243305206298828
09-10-1989,11.75,11.75,4600,11.9375,11.9375,9.441020965576172
10-10-1989,11.8125,11.875,13800,11.9375,11.8125,9.3421630859375
11-10-1989,11.6875,11.75,4400,11.8125,11.8125,9.3421630859375
12-10-1989,11.75,11.875,54600,12.0,11.8125,9.3421630859375
13-10-1989,11.375,11.8125,28200,11.8125,11.375,8.9961519241333
16-10-1989,10.375,11.0,151400,11.0,10.5625,8.353569984436035
17-10-1989,10.5625,10.5625,19000,10.6875,10.625,8.403002738952637
18-10-1989,10.375,10.5625,42000,10.625,10.5,8.304142951965332
19-10-1989,10.5,10.5,63200,11.125,11.125,8.79843521118164
20-10-1989,11.0,11.0,18200,11.3125,11.125,8.79843521118164
23-10-1989,11.0625,11.25,47800,11.25,11.25,8.897295951843262
24-10-1989,10.625,11.125,97200,11.125,11.0,8.69958209991455
25-10-1989,10.9375,11.0,52800,11.0,11.0,8.69958209991455
26-10-1989,10.875,11.0,50400,11.0,10.9375,8.65014362335205
27-10-1989,10.5625,10.8125,32400,10.9375,10.8125,8.551292419433594
30-10-1989,10.5,10.625,16200,10.75,10.5,8.304142951965332
31-10-1989,10.4375,10.4375,7000,10.5625,10.5625,8.353569984436035
01-11-1989,10.5,10.625,25000,10.75,10.5,8.304142951965332
02-11-1989,9.1875,10.375,231800,10.375,9.25,7.315551280975342
03-11-1989,9.0,9.25,246800,9.25,9.0625,7.167269706726074
06-11-1989,8.75,9.0,16400,9.125,8.75,6.920119762420654
07-11-1989,8.6875,8.75,26200,8.8125,8.8125,6.969545364379883
08-11-1989,8.875,8.875,18000,9.0,8.9375,7.068403720855713
09-11-1989,8.25,8.9375,158600,8.9375,8.375,6.623541831970215
10-11-1989,8.25,8.3125,128600,8.375,8.25,6.524685382843018
13-11-1989,8.0,8.0625,172000,8.3125,8.25,6.524685382843018
14-11-1989,8.1875,8.25,112000,8.25,8.1875,6.475255012512207
15-11-1989,8.1875,8.25,101600,8.625,8.5,6.722402572631836
16-11-1989,8.5,8.625,38000,8.6875,8.5,6.722402572631836
17-11-1989,8.4375,8.5,51800,8.5,8.4375,6.672970771789551
20-11-1989,8.25,8.4375,76200,8.4375,8.375,6.623541831970215
21-11-1989,8.3125,8.375,139200,8.375,8.375,6.623541831970215
22-11-1989,8.25,8.375,34400,8.375,8.3125,6.574113845825195
24-11-1989,8.3125,8.3125,41200,8.4375,8.4375,6.672970771789551
27-11-1989,8.125,8.375,26400,8.375,8.1875,6.475255012512207
28-11-1989,8.0,8.25,77200,8.25,8.0625,6.376396179199219
29-11-1989,7.8125,8.125,129800,8.125,7.8125,6.205618858337402
30-11-1989,7.8125,7.875,109600,8.125,8.125,6.45384407043457
01-12-1989,8.0625,8.125,36000,8.1875,8.0625,6.404195785522461
04-12-1989,7.6875,8.125,46000,8.125,7.75,6.155970573425293
05-12-1989,7.8125,7.8125,77400,8.0625,8.0,6.354551792144775
06-12-1989,8.25,8.25,86200,8.5,8.375,6.6524200439453125
07-12-1989,8.375,8.375,64400,8.5,8.375,6.6524200439453125
08-12-1989,8.3125,8.375,45000,8.375,8.375,6.6524200439453125
11-12-1989,8.3125,8.5,14200,8.5,8.375,6.6524200439453125
12-12-1989,8.3125,8.3125,55400,8.375,8.375,6.6524200439453125
13-12-1989,8.25,8.3125,13000,8.375,8.375,6.6524200439453125
14-12-1989,8.1875,8.25,34000,8.25,8.1875,6.503485679626465
15-12-1989,8.125,8.125,20400,8.25,8.25,6.553130149841309
18-12-1989,8.0625,8.25,47200,8.25,8.125,6.45384407043457
19-12-1989,7.8125,8.0625,46000,8.0625,7.8125,6.205618858337402
20-12-1989,7.75,7.75,46600,7.9375,7.875,6.25526237487793
21-12-1989,7.75,7.8125,21800,7.8125,7.75,6.155970573425293
22-12-1989,7.75,7.8125,16400,8.0625,7.9375,6.304906368255615
26-12-1989,7.9375,8.0625,17400,8.1875,8.0,6.354551792144775
27-12-1989,8.0625,8.125,18200,8.1875,8.0625,6.404195785522461
28-12-1989,7.9375,8.125,17800,8.125,8.0,6.354551792144775
29-12-1989,7.8125,7.875,32800,8.0625,8.0625,6.404195785522461
02-01-1990,7.875,8.0,69000,8.125,7.9375,6.304906368255615
03-01-1990,7.8125,7.875,14000,8.0,7.9375,6.304906368255615
04-01-1990,7.9375,7.9375,37400,8.125,8.125,6.45384407043457
05-01-1990,8.0,8.0,25600,8.1875,8.0625,6.404195785522461
08-01-1990,7.9375,7.9375,9400,8.125,8.125,6.45384407043457
09-01-1990,8.1875,8.25,3000,8.25,8.1875,6.503485679626465
10-01-1990,8.0,8.125,55600,8.25,8.1875,6.503485679626465
11-01-1990,8.125,8.25,2600,8.3125,8.125,6.45384407043457
12-01-1990,8.0,8.25,19800,8.25,8.0,6.354551792144775
15-01-1990,7.875,7.875,9400,8.0,7.875,6.25526237487793
16-01-1990,7.625,7.625,44000,7.875,7.75,6.155970573425293
17-01-1990,7.8125,7.875,5800,8.0,7.875,6.25526237487793
18-01-1990,7.75,7.875,9400,7.9375,7.875,6.25526237487793
19-01-1990,7.8125,7.875,8600,7.9375,7.9375,6.304906368255615
22-01-1990,7.75,7.8125,10000,7.9375,7.8125,6.205618858337402
23-01-1990,7.5625,7.6875,22000,7.8125,7.6875,6.106327056884766
24-01-1990,7.3125,7.6875,17800,7.6875,7.4375,5.907747268676758
25-01-1990,7.375,7.4375,14000,7.4375,7.375,5.858102798461914
26-01-1990,7.1875,7.25,20000,7.25,7.25,5.758813858032227
29-01-1990,7.0,7.0625,15800,7.125,7.0,5.560230731964111
30-01-1990,6.875,7.0,30000,7.0,6.875,5.460940837860107
31-01-1990,6.6875,6.6875,14800,6.9375,6.875,5.460940837860107
01-02-1990,6.8125,6.8125,43400,7.125,7.125,5.659522533416748
02-02-1990,7.0,7.0625,11600,7.3125,7.3125,5.8084611892700195
05-02-1990,7.1875,7.25,25400,7.625,7.625,6.0566840171813965
06-02-1990,7.4375,7.5,9400,7.5625,7.5,5.957391262054443
07-02-1990,7.375,7.5,87000,7.5,7.375,5.858102798461914
08-02-1990,7.375,7.375,26200,7.625,7.625,6.0566840171813965
09-02-1990,7.5625,7.6875,48200,7.6875,7.6875,6.106327056884766
12-02-1990,7.625,7.625,72200,7.6875,7.6875,6.106327056884766
13-02-1990,7.5625,7.6875,234600,7.75,7.5625,6.0070390701293945
14-02-1990,7.5625,7.6875,52600,7.6875,7.5625,6.0070390701293945
15-02-1990,7.5625,7.5625,43000,7.625,7.625,6.084843635559082
16-02-1990,7.625,7.6875,10000,7.75,7.625,6.084843635559082
20-02-1990,7.5625,7.625,15200,7.75,7.625,6.084843635559082
21-02-1990,7.5625,7.5625,42400,7.6875,7.625,6.084843635559082
22-02-1990,7.6875,7.6875,10200,7.875,7.75,6.184595584869385
23-02-1990,7.75,7.75,22400,8.125,7.875,6.284346580505371
26-02-1990,7.8125,7.8125,32600,8.0,7.8125,6.234471321105957
27-02-1990,7.75,7.75,18000,7.875,7.875,6.284346580505371
28-02-1990,7.9375,7.9375,25600,8.0,8.0,6.384097576141357
01-03-1990,7.9375,7.9375,27200,8.125,8.125,6.483851909637451
02-03-1990,8.1875,8.1875,38200,8.25,8.1875,6.533726215362549
05-03-1990,8.0625,8.125,30000,8.25,8.25,6.583603382110596
06-03-1990,8.375,8.375,18800,8.6875,8.6875,6.932730674743652
07-03-1990,8.75,9.0,50200,9.0,8.75,6.982606887817383
08-03-1990,8.75,8.75,28400,8.8125,8.75,6.982606887817383
09-03-1990,8.625,8.75,9800,8.75,8.625,6.882856369018555
12-03-1990,8.625,8.875,42200,8.875,8.6875,6.932730674743652
13-03-1990,8.625,8.625,13400,8.6875,8.625,6.882856369018555
14-03-1990,8.625,8.625,3800,8.625,8.625,6.882856369018555
15-03-1990,8.5,8.5625,32200,8.6875,8.625,6.882856369018555
16-03-1990,8.625,8.6875,18600,8.875,8.8125,7.032481670379639
19-03-1990,8.625,8.8125,10200,8.9375,8.8125,7.032481670379639
20-03-1990,8.6875,8.8125,10800,8.875,8.6875,6.932730674743652
21-03-1990,8.625,8.75,51200,8.875,8.75,6.982606887817383
22-03-1990,8.75,8.75,61200,8.9375,8.875,7.0823564529418945
23-03-1990,8.875,8.9375,50400,8.9375,8.9375,7.132233142852783
26-03-1990,8.75,8.875,63000,8.875,8.8125,7.032481670379639
27-03-1990,8.8125,8.8125,233200,8.9375,8.9375,7.132233142852783
28-03-1990,8.875,9.0,47400,9.0,8.875,7.0823564529418945
29-03-1990,8.75,8.75,14000,8.875,8.75,6.982606887817383
30-03-1990,8.75,8.8125,18600,8.875,8.875,7.0823564529418945
02-04-1990,8.75,8.75,134400,9.1875,9.0625,7.231987476348877
03-04-1990,9.3125,9.375,201800,9.5,9.375,7.4813618659973145
04-04-1990,9.3125,9.5,43600,9.5,9.3125,7.431492328643799
05-04-1990,9.3125,9.4375,23000,9.5,9.3125,7.431492328643799
06-04-1990,9.3125,9.375,31600,9.375,9.375,7.4813618659973145
09-04-1990,9.5,9.5,93400,9.75,9.75,7.780617713928223
10-04-1990,9.5625,9.75,13200,9.75,9.5625,7.630989074707031
11-04-1990,9.625,9.625,58800,9.75,9.75,7.780617713928223
12-04-1990,9.625,9.6875,76600,9.75,9.75,7.780617713928223
16-04-1990,9.5625,9.75,15400,9.75,9.625,7.680870532989502
17-04-1990,9.5,9.5625,6000,9.5625,9.5,7.581115245819092
18-04-1990,9.375,9.5,25800,9.5625,9.375,7.4813618659973145
19-04-1990,9.375,9.4375,39400,9.4375,9.375,7.4813618659973145
20-04-1990,9.3125,9.375,17800,9.375,9.375,7.4813618659973145
23-04-1990,9.125,9.25,50000,9.3125,9.1875,7.3317365646362305
24-04-1990,9.3125,9.3125,13600,9.4375,9.375,7.4813618659973145
25-04-1990,9.1875,9.375,36400,9.375,9.1875,7.3317365646362305
26-04-1990,8.75,9.125,52600,9.125,8.875,7.0823564529418945
27-04-1990,8.625,8.9375,15600,8.9375,8.625,6.882856369018555
30-04-1990,8.625,8.625,6600,8.75,8.625,6.882856369018555
01-05-1990,8.625,8.625,10400,8.9375,8.9375,7.132233142852783
02-05-1990,8.9375,8.9375,158000,9.0,9.0,7.182109832763672
03-05-1990,9.0,9.125,45000,9.25,9.0,7.182109832763672
04-05-1990,9.125,9.125,1800,9.1875,9.1875,7.3317365646362305
07-05-1990,9.1875,9.1875,105600,9.375,9.3125,7.431492328643799
08-05-1990,9.1875,9.3125,37200,9.3125,9.25,7.381613254547119
09-05-1990,9.25,9.25,22600,9.375,9.25,7.409649848937988
10-05-1990,9.125,9.25,25400,9.375,9.125,7.309518337249756
11-05-1990,9.0,9.0,15800,9.3125,9.1875,7.359585285186768
14-05-1990,9.0,9.0,35600,9.125,9.0,7.209388732910156
15-05-1990,9.0,9.0,30200,9.25,9.25,7.409649848937988
16-05-1990,9.1875,9.25,54000,9.375,9.375,7.509772777557373
17-05-1990,9.375,9.375,143000,9.8125,9.6875,7.760105609893799
18-05-1990,9.5625,9.625,13400,9.625,9.5625,7.659971237182617
21-05-1990,9.5,9.5625,57600,9.625,9.625,7.710042953491211
22-05-1990,9.5,9.625,18600,9.625,9.5,7.609911918640137
23-05-1990,9.3125,9.5,49400,9.5,9.4375,7.559844017028809
24-05-1990,9.125,9.3125,28200,9.375,9.125,7.309518337249756
25-05-1990,9.0,9.0,14800,9.125,9.0,7.209388732910156
29-05-1990,9.0,9.0,58600,9.625,9.625,7.710042953491211
30-05-1990,9.5,9.625,63200,9.8125,9.8125,7.860233306884766
31-05-1990,9.75,9.75,136200,10.6875,10.6875,8.561151504516602
01-06-1990,10.5,10.625,312400,11.375,10.8125,8.66128158569336
04-06-1990,10.5,10.8125,92000,10.8125,10.8125,8.66128158569336
05-06-1990,10.5,10.6875,164000,11.25,11.125,8.911604881286621
06-06-1990,11.0625,11.125,403600,11.5,11.375,9.111867904663086
07-06-1990,11.1875,11.375,170600,11.375,11.25,9.011734962463379
08-06-1990,11.125,11.3125,78800,11.3125,11.1875,8.961671829223633
11-06-1990,11.0625,11.0625,79800,11.25,11.25,9.011734962463379
12-06-1990,11.25,11.25,211600,11.375,11.3125,9.061798095703125
13-06-1990,11.0,11.25,15600,11.25,11.0,8.811476707458496
14-06-1990,10.75,11.0,14400,11.0,10.75,8.611212730407715
15-06-1990,10.5625,10.75,18000,10.75,10.625,8.511086463928223
18-06-1990,10.1875,10.5,36800,10.5,10.3125,8.260753631591797
19-06-1990,10.25,10.3125,13600,10.3125,10.25,8.210694313049316
20-06-1990,10.125,10.3125,9400,10.3125,10.25,8.210694313049316
21-06-1990,10.1875,10.25,5000,10.25,10.25,8.210694313049316
22-06-1990,10.25,10.25,16800,10.375,10.3125,8.260753631591797
25-06-1990,10.25,10.25,41000,10.375,10.3125,8.260753631591797
26-06-1990,10.25,10.375,29000,10.375,10.25,8.210694313049316
27-06-1990,10.3125,10.3125,42600,10.375,10.3125,8.260753631591797
28-06-1990,10.25,10.3125,32200,10.375,10.375,8.310821533203125
29-06-1990,10.375,10.375,56800,10.875,10.875,8.711341857910156
02-07-1990,10.75,10.8125,86600,11.0,11.0,8.811476707458496
03-07-1990,10.8125,10.9375,79600,11.0,11.0,8.811476707458496
05-07-1990,10.875,10.9375,44800,11.1875,11.0,8.811476707458496
06-07-1990,10.9375,11.0,13200,11.0,11.0,8.811476707458496
09-07-1990,10.9375,11.125,76600,11.1875,11.0,8.811476707458496
10-07-1990,10.875,11.0,44600,11.0,10.875,8.711341857910156
11-07-1990,10.8125,10.9375,16800,10.9375,10.875,8.711341857910156
12-07-1990,10.5625,10.75,46800,10.875,10.875,8.711341857910156
13-07-1990,10.6875,10.8125,43400,10.8125,10.6875,8.561151504516602
16-07-1990,10.625,10.625,31400,11.1875,11.1875,8.961671829223633
17-07-1990,11.0625,11.0625,74400,11.25,11.125,8.911604881286621
18-07-1990,11.0625,11.0625,13000,11.125,11.0625,8.861536979675293
19-07-1990,11.0625,11.0625,19000,11.1875,11.125,8.911604881286621
20-07-1990,11.125,11.125,158600,11.4375,11.4375,9.161931991577148
23-07-1990,11.125,11.3125,111400,11.375,11.375,9.111867904663086
24-07-1990,11.3125,11.3125,52000,11.5625,11.5,9.212002754211426
25-07-1990,11.375,11.5,77200,11.5625,11.375,9.111867904663086
26-07-1990,11.25,11.4375,52600,11.4375,11.25,9.011734962463379
27-07-1990,11.0625,11.1875,15000,11.25,11.0625,8.861536979675293
30-07-1990,10.875,11.0625,125800,11.0625,11.0,8.811476707458496
31-07-1990,11.0,11.0,9400,11.125,11.0,8.811476707458496
01-08-1990,11.0,11.0,35800,11.125,11.125,8.911604881286621
02-08-1990,10.75,11.0,64800,11.0,10.75,8.611212730407715
03-08-1990,9.5,10.75,217800,10.75,9.6875,7.760105609893799
06-08-1990,8.5,9.4375,105800,9.4375,8.5,6.808870315551758
07-08-1990,8.625,8.625,80200,8.9375,8.875,7.109257221221924
08-08-1990,9.0,9.0,26600,9.25,9.1875,7.359585285186768
09-08-1990,9.0625,9.1875,25200,9.5,9.5,7.609911918640137
10-08-1990,9.625,9.625,50800,10.0,9.8125,7.860233306884766
13-08-1990,9.625,9.6875,43800,9.75,9.75,7.838129997253418
14-08-1990,9.875,9.875,18000,10.25,10.25,8.24008560180664
15-08-1990,10.25,10.25,12800,10.375,10.25,8.24008560180664
16-08-1990,9.75,10.25,71600,10.25,9.75,7.838129997253418
17-08-1990,9.0,9.5625,34600,9.5625,9.0625,7.28544282913208
20-08-1990,8.625,9.1875,30200,9.1875,8.75,7.034221172332764
21-08-1990,8.125,8.625,50800,8.625,8.5,6.833242416381836
22-08-1990,8.375,8.375,13200,8.625,8.625,6.933730602264404
23-08-1990,8.0,8.5625,33200,8.5625,8.0,6.431284427642822
24-08-1990,8.0,8.0,35400,8.125,8.0625,6.4815287590026855
27-08-1990,8.25,8.3125,43400,8.5,8.375,6.732751846313477
28-08-1990,8.5,8.5,43000,9.0,9.0,7.235197067260742
29-08-1990,9.0,9.125,69600,9.1875,9.0,7.235197067260742
30-08-1990,8.75,9.0,50200,9.0,8.75,7.034221172332764
31-08-1990,8.625,8.9375,30400,9.0,8.9375,7.184948444366455
04-09-1990,8.75,8.8125,11000,8.875,8.75,7.034221172332764
05-09-1990,8.75,8.75,16400,9.0,8.875,7.134706020355225
06-09-1990,8.5,8.875,7600,8.875,8.5,6.833242416381836
07-09-1990,8.375,8.375,3200,8.5,8.5,6.833242416381836
10-09-1990,8.375,8.625,5600,8.625,8.375,6.732751846313477
11-09-1990,8.1875,8.375,56200,8.375,8.1875,6.582019329071045
12-09-1990,8.0,8.1875,16800,8.1875,8.0625,6.4815287590026855
13-09-1990,8.0,8.125,113800,8.125,8.0625,6.4815287590026855
14-09-1990,8.0,8.0,60600,8.0625,8.0,6.431284427642822
17-09-1990,7.8125,8.0,13000,8.0,7.9375,6.381044864654541
18-09-1990,8.0,8.0,800,8.0,8.0,6.431284427642822
19-09-1990,8.125,8.125,2800,8.125,8.125,6.531774044036865
20-09-1990,7.625,8.0,33400,8.125,7.625,6.129819393157959
21-09-1990,7.5,7.625,71000,7.625,7.5625,6.079575061798096
24-09-1990,7.125,7.5,86000,7.5,7.1875,5.778110504150391
25-09-1990,7.125,7.3125,7600,7.3125,7.1875,5.778110504150391
26-09-1990,6.875,7.3125,25800,7.3125,6.875,5.526883602142334
27-09-1990,6.5,6.875,14000,6.875,6.5,5.225419521331787
28-09-1990,6.1875,6.5,84400,6.5,6.5,5.225419521331787
01-10-1990,6.4375,6.5625,68000,6.8125,6.75,5.426398277282715
02-10-1990,6.75,6.8125,18000,6.9375,6.8125,5.4766435623168945
03-10-1990,6.75,6.75,3200,6.875,6.875,5.526883602142334
04-10-1990,6.75,6.875,17000,6.875,6.75,5.426398277282715
05-10-1990,6.4375,6.6875,49800,6.6875,6.4375,5.175176620483398
08-10-1990,6.4375,6.5,3400,6.625,6.4375,5.175176620483398
09-10-1990,6.4375,6.5625,16200,6.5625,6.4375,5.175176620483398
10-10-1990,6.0,6.4375,9000,6.4375,6.0,4.823462963104248
11-10-1990,5.1875,6.0,399800,6.0,5.1875,4.170285224914551
12-10-1990,5.375,5.5,18800,5.625,5.4375,4.37126350402832
15-10-1990,5.5,5.5,61600,5.75,5.625,4.521996974945068
16-10-1990,5.5625,5.5625,34000,5.5625,5.5625,4.471752643585205
17-10-1990,5.5,5.5625,139800,5.5625,5.5,4.421509742736816
18-10-1990,5.5,5.5,12400,5.5625,5.5625,4.471752643585205
19-10-1990,5.5625,5.5625,59600,6.0,5.875,4.7229766845703125
22-10-1990,5.75,5.875,42800,6.5,6.375,5.1249308586120605
23-10-1990,6.375,6.4375,8200,6.5,6.375,5.1249308586120605
24-10-1990,6.375,6.375,36400,6.4375,6.4375,5.175176620483398
25-10-1990,6.5,6.5,2800,6.5,6.5,5.225419521331787
26-10-1990,6.375,6.375,18400,6.4375,6.4375,5.175176620483398
29-10-1990,5.8125,6.4375,20200,6.4375,5.8125,4.672731399536133
30-10-1990,5.8125,5.8125,11000,5.875,5.8125,4.672731399536133
31-10-1990,5.8125,5.8125,1000,5.8125,5.8125,4.672731399536133
01-11-1990,5.75,5.8125,5600,5.875,5.875,4.7229766845703125
02-11-1990,5.8125,5.8125,3200,6.0,6.0,4.823462963104248
05-11-1990,5.9375,6.0,41000,6.0,5.9375,4.773221492767334
06-11-1990,5.9375,6.0,18200,6.0625,6.0625,4.873707294464111
07-11-1990,5.875,6.125,7600,6.125,6.0,4.823462963104248
08-11-1990,5.875,6.0,90400,6.125,6.125,4.923952579498291
09-11-1990,5.8125,6.0,8200,6.0,6.0,4.823462963104248
12-11-1990,5.8125,5.8125,23200,6.25,6.25,5.024441719055176
13-11-1990,6.25,6.25,23000,6.3125,6.25,5.024441719055176
14-11-1990,6.1875,6.1875,35600,6.8125,6.8125,5.4766435623168945
15-11-1990,6.625,6.75,7000,6.75,6.625,5.325909614562988
16-11-1990,6.625,6.75,2000,6.75,6.625,5.325909614562988
19-11-1990,6.5,6.5,6600,6.5,6.5,5.225419521331787
20-11-1990,6.375,6.5,46200,6.5,6.375,5.1249308586120605
21-11-1990,6.25,6.4375,9600,6.4375,6.375,5.1249308586120605
23-11-1990,6.375,6.375,23800,6.4375,6.375,5.1249308586120605
26-11-1990,6.25,6.4375,47600,6.4375,6.4375,5.175176620483398
27-11-1990,6.5,6.5,26200,7.125,7.0,5.627373695373535
28-11-1990,7.0625,7.125,35400,7.5,7.25,5.828351974487305
29-11-1990,7.3125,7.4375,7600,7.4375,7.3125,5.878598213195801
30-11-1990,7.25,7.25,7200,7.5,7.3125,5.906869888305664
03-12-1990,7.375,7.4375,8600,7.4375,7.375,5.9573564529418945
04-12-1990,6.875,7.125,18400,7.1875,7.0,5.654437065124512
05-12-1990,7.125,7.125,6600,7.375,7.3125,5.906869888305664
06-12-1990,7.375,7.375,44200,7.9375,7.75,6.260270595550537
07-12-1990,7.75,7.75,36200,8.125,8.0,6.46221399307251
10-12-1990,8.0,8.125,8000,8.125,8.0,6.46221399307251
11-12-1990,7.8125,8.0625,34000,8.0625,7.875,6.36124324798584
12-12-1990,7.9375,8.0,5400,8.0,7.9375,6.411733150482178
13-12-1990,7.875,8.0,17600,8.125,7.875,6.36124324798584
14-12-1990,7.8125,7.875,52200,8.25,8.25,6.664159297943115
17-12-1990,8.1875,8.1875,83600,8.5,8.5,6.866105079650879
18-12-1990,8.3125,8.5,93400,8.5,8.3125,6.714644908905029
19-12-1990,8.25,8.3125,64400,8.4375,8.4375,6.815616130828857
20-12-1990,8.25,8.3125,36600,8.375,8.375,6.765132904052734
21-12-1990,8.0625,8.375,13400,8.375,8.0625,6.512701034545898
24-12-1990,7.875,8.0,14600,8.0,7.875,6.36124324798584
26-12-1990,7.375,7.9375,22400,7.9375,7.5,6.058326244354248
27-12-1990,7.5,7.5,16800,7.5,7.5,6.058326244354248
28-12-1990,7.125,7.375,47800,7.375,7.125,5.755411624908447
31-12-1990,7.125,7.125,10600,7.3125,7.3125,5.906869888305664
02-01-1991,7.375,7.375,90800,7.5625,7.375,5.9573564529418945
03-01-1991,7.4375,7.5,5000,7.5,7.4375,6.007840156555176
04-01-1991,7.375,7.375,12200,7.5,7.5,6.058326244354248
07-01-1991,7.125,7.5,17400,7.5,7.125,5.755411624908447
08-01-1991,7.0,7.125,103400,7.25,7.25,5.856383323669434
09-01-1991,7.125,7.3125,28400,7.5625,7.125,5.755411624908447
10-01-1991,7.0625,7.0625,6600,7.25,7.25,5.856383323669434
11-01-1991,7.25,7.25,58000,7.375,7.375,5.9573564529418945
14-01-1991,7.25,7.3125,17000,7.3125,7.3125,5.906869888305664
15-01-1991,7.3125,7.3125,17000,7.5,7.375,5.9573564529418945
16-01-1991,7.375,7.375,2400,7.5,7.375,5.9573564529418945
17-01-1991,7.125,7.5625,66200,7.75,7.625,6.159300804138184
18-01-1991,7.4375,7.625,4000,7.625,7.5,6.058326244354248
21-01-1991,7.5,7.5,21000,7.5,7.5,6.058326244354248
22-01-1991,7.5,7.5,11600,7.5625,7.5625,6.108813762664795
23-01-1991,7.6875,7.6875,22200,7.75,7.75,6.260270595550537
24-01-1991,7.875,7.875,31600,8.625,8.5,6.866105079650879
25-01-1991,8.625,8.75,11600,8.75,8.75,7.068051338195801
28-01-1991,8.75,8.8125,11000,8.9375,8.8125,7.118533134460449
29-01-1991,8.6875,8.8125,22000,8.8125,8.75,7.068051338195801
30-01-1991,8.875,8.875,30600,9.25,9.1875,7.421451568603516
31-01-1991,9.1875,9.1875,18200,9.375,9.25,7.4719367027282715
01-02-1991,9.0625,9.25,68000,9.375,9.375,7.572902679443359
04-02-1991,9.5,9.5,225800,9.75,9.625,7.774855613708496
05-02-1991,9.5,9.6875,67800,9.6875,9.5,7.673882484436035
06-02-1991,9.5,9.625,40800,9.75,9.75,7.87582540512085
07-02-1991,9.25,9.6875,38200,9.6875,9.4375,7.623394012451172
08-02-1991,9.0,9.375,21000,9.375,9.0,7.269993305206299
11-02-1991,9.0,9.0625,29400,9.125,9.125,7.370964050292969
12-02-1991,9.0,9.125,19800,9.25,9.0625,7.3204803466796875
13-02-1991,9.0625,9.0625,21400,9.1875,9.1875,7.421451568603516
14-02-1991,9.25,9.375,33400,9.4375,9.4375,7.6525468826293945
15-02-1991,9.375,9.5,40000,9.625,9.625,7.8045806884765625
19-02-1991,9.5625,9.5625,23200,9.75,9.5625,7.753903388977051
20-02-1991,9.4375,9.5,3400,9.5,9.4375,7.6525468826293945
21-02-1991,9.4375,9.5,19600,9.625,9.625,7.8045806884765625
22-02-1991,9.5,9.5625,94200,9.5625,9.5,7.703226089477539
25-02-1991,9.4375,9.5,18800,9.625,9.4375,7.6525468826293945
26-02-1991,9.3125,9.375,41200,9.375,9.3125,7.551187038421631
27-02-1991,9.3125,9.3125,40200,9.5,9.5,7.703226089477539
28-02-1991,9.4375,9.5,24600,9.875,9.75,7.905943393707275
01-03-1991,9.5,9.75,21000,9.75,9.6875,7.8552632331848145
04-03-1991,9.375,9.625,33200,9.75,9.625,7.8045806884765625
05-03-1991,9.25,9.5,99800,10.125,10.0,8.108660697937012
06-03-1991,10.0,10.375,62600,10.375,10.0,8.108660697937012
07-03-1991,9.8125,9.875,23400,9.9375,9.875,8.00730037689209
08-03-1991,9.5625,9.75,30200,9.75,9.5625,7.753903388977051
11-03-1991,9.625,9.6875,27600,9.75,9.6875,7.8552632331848145
12-03-1991,9.5625,9.75,34200,9.75,9.625,7.8045806884765625
13-03-1991,9.5,9.5625,207600,9.875,9.875,8.00730037689209
14-03-1991,9.875,9.875,108400,10.1875,10.0625,8.15933895111084
15-03-1991,10.0,10.0,36600,10.125,10.0625,8.15933895111084
18-03-1991,10.0,10.0625,106600,10.3125,10.1875,8.260697364807129
19-03-1991,10.125,10.1875,34800,10.1875,10.1875,8.260697364807129
20-03-1991,10.0625,10.125,77600,10.1875,10.0625,8.15933895111084
21-03-1991,10.0,10.125,108600,10.125,10.125,8.210014343261719
22-03-1991,10.0625,10.125,35800,10.4375,10.3125,8.362054824829102
25-03-1991,10.3125,10.3125,43400,10.4375,10.4375,8.463411331176758
26-03-1991,10.5,10.625,42400,10.875,10.8125,8.767487525939941
27-03-1991,10.875,11.0,105800,11.125,10.875,8.818164825439453
28-03-1991,10.5,10.5,258400,10.75,10.6875,8.666129112243652
01-04-1991,10.125,10.6875,73200,10.6875,10.125,8.210014343261719
02-04-1991,9.9375,10.125,144400,10.1875,10.1875,8.260697364807129
03-04-1991,10.0,10.25,180200,10.25,10.25,8.311376571655273
04-04-1991,10.125,10.125,73400,10.25,10.125,8.210014343261719
05-04-1991,10.125,10.25,12400,10.3125,10.3125,8.362054824829102
08-04-1991,10.3125,10.3125,93000,10.3125,10.3125,8.362054824829102
09-04-1991,10.375,10.4375,43600,10.5625,10.375,8.41273307800293
10-04-1991,10.4375,10.4375,46000,10.875,10.5625,8.564767837524414
11-04-1991,10.8125,10.8125,81600,11.125,11.125,9.020882606506348
12-04-1991,11.1875,11.25,162800,11.4375,11.4375,9.274279594421387
15-04-1991,11.375,11.625,117000,11.75,11.625,9.426321983337402
16-04-1991,11.3125,11.5,193000,11.5,11.5,9.324962615966797
17-04-1991,11.25,11.375,80400,11.5,11.4375,9.274279594421387
18-04-1991,11.3125,11.3125,64400,11.5625,11.5,9.324962615966797
19-04-1991,11.3125,11.375,21000,11.4375,11.375,9.22359848022461
22-04-1991,11.3125,11.4375,42800,11.5625,11.5,9.324962615966797
23-04-1991,11.3125,11.4375,37400,11.5,11.375,9.22359848022461
24-04-1991,11.3125,11.3125,42600,11.5,11.3125,9.1729154586792
25-04-1991,11.125,11.25,15200,11.25,11.125,9.020882606506348
26-04-1991,10.75,10.9375,51000,11.125,10.875,8.818164825439453
29-04-1991,10.9375,11.0,12400,11.0,11.0,8.919525146484375
30-04-1991,10.875,10.875,31400,11.125,11.125,9.020882606506348
01-05-1991,11.125,11.125,32400,11.4375,11.25,9.122243881225586
02-05-1991,11.375,11.4375,131400,11.5,11.5,9.324962615966797
03-05-1991,11.4375,11.4375,57800,11.4375,11.4375,9.274279594421387
06-05-1991,11.3125,11.4375,22600,11.4375,11.3125,9.1729154586792
07-05-1991,11.0,11.3125,22600,11.3125,11.125,9.020882606506348
08-05-1991,10.875,11.0,52800,11.125,10.9375,8.896832466125488
09-05-1991,10.8125,10.8125,39000,11.125,11.125,9.049351692199707
10-05-1991,11.125,11.25,44600,11.3125,11.125,9.049351692199707
13-05-1991,11.0,11.375,11800,11.375,11.125,9.049351692199707
14-05-1991,11.0,11.25,12000,11.25,11.0,8.947674751281738
15-05-1991,10.875,11.125,17600,11.3125,11.125,9.049351692199707
16-05-1991,11.0625,11.0625,73200,11.5625,11.5625,9.405227661132812
17-05-1991,11.5,11.5625,30200,11.6875,11.6875,9.506905555725098
20-05-1991,11.625,11.6875,22800,11.6875,11.6875,9.506905555725098
21-05-1991,11.6875,11.6875,158800,12.0625,12.0625,9.81194019317627
22-05-1991,12.3125,12.375,134200,12.6875,12.3125,10.01529598236084
23-05-1991,12.1875,12.25,156000,12.4375,12.3125,10.01529598236084
24-05-1991,12.25,12.375,9200,12.4375,12.25,9.964455604553223
28-05-1991,12.375,12.4375,97600,12.75,12.75,10.371169090270996
29-05-1991,12.8125,13.0,425800,13.625,13.25,10.777885437011719
30-05-1991,13.375,13.375,34200,13.625,13.5,10.981237411499023
31-05-1991,13.375,13.4375,10200,13.5,13.4375,10.930399894714355
03-06-1991,13.375,13.5,331600,13.625,13.5,10.981237411499023
04-06-1991,11.75,13.25,787000,13.25,13.0,10.57452392578125
05-06-1991,12.8125,13.0,51800,13.1875,12.8125,10.422005653381348
06-06-1991,12.6875,12.8125,47200,12.9375,12.9375,10.523685455322266
07-06-1991,12.8125,12.8125,90000,12.9375,12.875,10.472848892211914
10-06-1991,12.8125,12.875,20000,13.0,12.875,10.472848892211914
11-06-1991,13.0,13.0,96600,13.6875,13.6875,11.133758544921875
12-06-1991,13.6875,13.8125,51400,14.0,13.875,11.286273956298828
13-06-1991,13.75,13.75,8800,13.75,13.75,11.184590339660645
14-06-1991,13.5625,13.75,28000,13.875,13.5625,11.03207778930664
17-06-1991,13.375,13.5625,53800,13.6875,13.625,11.082917213439941
18-06-1991,13.4375,13.5625,7200,13.5625,13.4375,10.930399894714355
19-06-1991,13.3125,13.375,7200,13.5,13.5,10.981237411499023
20-06-1991,13.4375,13.4375,11000,13.625,13.5,10.981237411499023
21-06-1991,13.5,13.5,4600,13.625,13.625,11.082917213439941
24-06-1991,13.6875,13.75,33000,13.75,13.6875,11.133758544921875
25-06-1991,13.5625,13.5625,80000,14.0,14.0,11.387951850891113
26-06-1991,13.875,14.0625,34200,14.0625,13.9375,11.33711051940918
27-06-1991,13.9375,13.9375,7000,14.1875,14.1875,11.5404634475708
28-06-1991,13.9375,14.125,163200,14.375,14.25,11.591302871704102
01-07-1991,14.0625,14.25,31400,14.3125,14.3125,11.642147064208984
02-07-1991,13.875,14.25,54000,14.25,13.875,11.286273956298828
03-07-1991,13.8125,13.875,77000,14.0,13.9375,11.33711051940918
05-07-1991,13.875,13.9375,2800,14.0,13.9375,11.33711051940918
08-07-1991,13.75,13.9375,27800,13.9375,13.875,11.286273956298828
09-07-1991,13.8125,13.875,72800,14.0,13.875,11.286273956298828
10-07-1991,14.25,14.25,18800,14.4375,14.375,11.692986488342285
11-07-1991,14.375,14.4375,21200,14.5,14.5,11.794665336608887
12-07-1991,14.25,14.5,11000,14.5,14.3125,11.642147064208984
15-07-1991,14.4375,14.4375,11000,14.5,14.4375,11.743826866149902
16-07-1991,14.375,14.4375,18600,14.5,14.5,11.794665336608887
17-07-1991,14.1875,14.5,73200,14.75,14.1875,11.5404634475708
18-07-1991,14.1875,14.1875,30200,14.375,14.3125,11.642147064208984
19-07-1991,14.125,14.1875,39000,14.5,14.5,11.794665336608887
22-07-1991,14.5,14.625,38400,14.6875,14.6875,11.94718074798584
23-07-1991,14.5,14.75,13000,14.75,14.5625,11.845503807067871
24-07-1991,14.5,14.5,28600,14.6875,14.625,11.896344184875488
25-07-1991,14.5,14.5,2800,14.5625,14.5625,11.845503807067871
26-07-1991,14.5625,14.5625,34600,14.5625,14.5625,11.845503807067871
29-07-1991,14.4375,14.5,25400,14.75,14.75,11.99802017211914
30-07-1991,14.6875,14.6875,59200,15.125,15.0625,12.25221061706543
31-07-1991,15.0,15.125,78800,15.1875,15.1875,12.353891372680664
01-08-1991,15.0625,15.0625,27800,15.1875,15.1875,12.353891372680664
02-08-1991,15.0625,15.0625,19000,15.3125,15.3125,12.45556926727295
05-08-1991,15.3125,15.375,50000,15.5625,15.4375,12.557251930236816
06-08-1991,15.4375,15.4375,3000,15.5,15.4375,12.557251930236816
07-08-1991,15.5,15.5,44400,15.5625,15.5625,12.658926963806152
08-08-1991,15.4375,15.5,22800,15.75,15.75,12.81143856048584
09-08-1991,15.6875,15.6875,101800,15.875,15.75,12.839975357055664
12-08-1991,15.4375,15.625,17600,15.75,15.4375,12.585220336914062
13-08-1991,15.0,15.375,53800,15.375,15.125,12.330453872680664
14-08-1991,15.125,15.125,44800,15.625,15.625,12.73807144165039
15-08-1991,15.75,15.75,66400,16.125,15.875,12.941887855529785
16-08-1991,15.9375,16.0,51200,16.25,16.25,13.247597694396973
19-08-1991,15.25,16.0625,300200,16.0625,15.8125,12.890929222106934
20-08-1991,15.75,15.9375,19000,15.9375,15.75,12.839975357055664
21-08-1991,15.875,15.875,69600,16.625,16.625,13.55331039428711
22-08-1991,16.75,16.75,71400,17.875,17.6875,14.419509887695312
23-08-1991,17.6875,17.6875,32600,17.8125,17.8125,14.521401405334473
26-08-1991,17.75,17.75,31400,17.875,17.8125,14.521401405334473
27-08-1991,17.6875,17.75,59000,17.875,17.875,14.572360038757324
28-08-1991,16.875,18.125,182600,18.1875,17.0,13.85901927947998
29-08-1991,17.0,17.0,126800,17.625,17.375,14.1647367477417
30-08-1991,16.9375,17.25,83600,17.375,17.0,13.85901927947998
03-09-1991,17.0625,17.125,66600,17.375,17.0625,13.909977912902832
04-09-1991,16.9375,17.1875,105000,17.1875,17.0,13.85901927947998
05-09-1991,16.5,17.0625,70800,17.0625,16.625,13.55331039428711
06-09-1991,16.5,16.625,14000,16.75,16.75,13.655216217041016
09-09-1991,16.875,16.875,19000,17.0,17.0,13.85901927947998
10-09-1991,16.8125,16.9375,48600,17.0,16.9375,13.80807113647461
11-09-1991,16.8125,16.875,8000,16.9375,16.9375,13.80807113647461
12-09-1991,17.0,17.0,73600,17.4375,17.4375,14.21568775177002
13-09-1991,17.375,17.4375,35200,17.625,17.4375,14.21568775177002
16-09-1991,17.4375,17.4375,64400,17.6875,17.5625,14.31760025024414
17-09-1991,17.625,17.6875,7200,17.6875,17.625,14.368541717529297
18-09-1991,17.5,17.5,19000,17.625,17.5,14.26663875579834
19-09-1991,17.625,17.6875,35400,18.375,18.3125,14.929035186767578
20-09-1991,18.4375,18.4375,15200,18.625,18.5,15.081878662109375
23-09-1991,18.6875,18.6875,32600,19.0,18.875,15.387587547302246
24-09-1991,18.3125,18.625,50000,18.625,18.5,15.081878662109375
25-09-1991,18.625,18.625,11600,18.75,18.625,15.183785438537598
26-09-1991,18.625,18.6875,4600,18.8125,18.75,15.285690307617188
27-09-1991,18.8125,18.8125,38800,18.9375,18.9375,15.438545227050781
30-09-1991,18.875,19.125,72200,19.125,18.9375,15.438545227050781
01-10-1991,18.75,19.0,8800,19.0,18.9375,15.438545227050781
02-10-1991,18.8125,19.0,15800,19.0,18.9375,15.438545227050781
03-10-1991,18.75,18.9375,10400,18.9375,18.75,15.285690307617188
04-10-1991,18.0,18.6875,37000,18.6875,18.0,14.674261093139648
07-10-1991,17.0,17.9375,89000,17.9375,17.0,13.85901927947998
08-10-1991,17.0,17.0,89800,17.75,17.125,13.960931777954102
09-10-1991,17.125,17.1875,23400,17.25,17.1875,14.011881828308105
10-10-1991,17.25,17.375,17600,17.375,17.25,14.062832832336426
11-10-1991,17.25,17.375,97600,17.625,17.625,14.368541717529297
14-10-1991,17.75,17.875,57500,18.5,18.5,15.081878662109375
15-10-1991,18.25,18.75,63800,18.75,18.75,15.285690307617188
16-10-1991,18.5,18.875,279100,18.875,18.75,15.285690307617188
17-10-1991,18.625,18.875,5700,19.0,18.75,15.285690307617188
18-10-1991,18.75,18.875,109800,19.375,19.125,15.591408729553223
21-10-1991,18.625,18.75,52700,19.0,18.75,15.285690307617188
22-10-1991,17.875,18.875,245000,18.875,17.875,14.572360038757324
23-10-1991,17.625,17.625,21000,18.5,18.5,15.081878662109375
24-10-1991,18.25,18.5,15300,18.75,18.25,14.878068923950195
25-10-1991,17.5,18.5,67200,18.5,17.75,14.470441818237305
28-10-1991,17.75,17.875,12400,17.875,17.75,14.470441818237305
29-10-1991,17.25,17.5,20200,17.5,17.375,14.1647367477417
30-10-1991,17.25,17.375,8100,17.375,17.375,14.1647367477417
31-10-1991,17.25,17.25,32400,17.375,17.375,14.1647367477417
01-11-1991,17.25,17.25,43100,18.0,17.5,14.26663875579834
04-11-1991,17.375,17.5,35500,17.75,17.625,14.368541717529297
05-11-1991,17.625,17.625,2100,17.875,17.75,14.470441818237305
06-11-1991,17.75,18.0,124400,19.0,17.75,14.470441818237305
07-11-1991,17.5,17.5,32200,17.875,17.75,14.470441818237305
08-11-1991,17.75,17.75,3400,18.0,18.0,14.674261093139648
11-11-1991,17.75,17.75,11000,17.875,17.875,14.572360038757324
12-11-1991,18.0,18.0,28300,18.25,18.125,14.776162147521973
13-11-1991,17.75,18.0,21700,18.25,18.25,14.878068923950195
14-11-1991,18.125,18.125,97200,19.625,19.5,15.897114753723145
15-11-1991,19.25,19.25,106200,21.0,20.25,16.508541107177734
18-11-1991,18.375,19.75,124600,20.0,20.0,16.304737091064453
19-11-1991,18.375,19.75,49300,20.0,18.75,15.285690307617188
20-11-1991,18.5,18.625,43800,19.375,18.75,15.285690307617188
21-11-1991,18.0,18.75,31600,18.75,18.5,15.081878662109375
22-11-1991,18.25,18.625,39200,18.75,18.5,15.081878662109375
25-11-1991,18.375,18.5,19000,18.75,18.375,14.97998332977295
26-11-1991,16.5,18.125,138800,18.125,16.5,13.451399803161621
27-11-1991,14.0,16.625,360800,16.625,15.0,12.228548049926758
29-11-1991,15.0,15.0,55300,16.0,15.75,12.839975357055664
02-12-1991,15.5,16.0,26000,17.0,16.5,13.451399803161621
03-12-1991,16.125,16.375,26600,17.25,16.375,13.34950065612793
04-12-1991,16.0,16.625,11700,16.75,16.0,13.043792724609375
05-12-1991,15.0,15.875,21900,15.875,15.25,12.461957931518555
06-12-1991,15.375,15.375,75400,16.125,15.875,12.972698211669922
09-12-1991,15.5,15.875,65800,15.875,15.5,12.666252136230469
10-12-1991,15.5,15.625,94200,15.625,15.5,12.666252136230469
11-12-1991,15.625,15.75,3800,15.875,15.75,12.870540618896484
12-12-1991,14.625,15.875,56100,16.25,15.25,12.461957931518555
13-12-1991,15.5,15.5,16900,16.25,16.25,13.279136657714844
16-12-1991,16.375,16.375,11800,17.0,17.0,13.892012596130371
17-12-1991,16.375,16.875,6400,16.875,16.5,13.483423233032227
18-12-1991,15.25,16.25,74000,16.25,15.375,12.564105987548828
19-12-1991,15.25,15.25,17900,15.5,15.5,12.666252136230469
20-12-1991,14.75,15.75,34900,15.75,14.875,12.155513763427734
23-12-1991,14.75,14.875,123900,15.25,14.75,12.053367614746094
24-12-1991,14.625,14.75,26000,15.0,14.625,11.951224327087402
26-12-1991,14.5,14.75,71000,14.75,14.625,11.951224327087402
27-12-1991,14.625,14.75,105900,15.5,15.375,12.564105987548828
30-12-1991,15.375,15.5,111900,16.5,16.25,13.279136657714844
31-12-1991,16.5,16.5,36500,17.0,16.75,13.687723159790039
02-01-1992,16.5,16.75,23900,17.75,17.5,14.300602912902832
03-01-1992,17.5,17.5,30900,18.25,18.0,14.709196090698242
06-01-1992,17.0,18.0,148700,18.0,17.25,14.096311569213867
07-01-1992,17.25,17.375,88600,18.25,18.0,14.709196090698242
08-01-1992,18.25,18.25,25200,19.25,19.0,15.526371002197266
09-01-1992,19.25,20.0,41700,20.375,19.75,16.139253616333008
10-01-1992,19.0,19.875,31900,19.875,19.375,15.832813262939453
13-01-1992,19.125,19.125,18000,19.625,19.25,15.730670928955078
14-01-1992,19.25,19.25,8300,19.5,19.5,15.934961318969727
15-01-1992,19.375,19.375,67000,19.875,19.875,16.241411209106445
16-01-1992,19.5,19.75,62700,20.0,20.0,16.34355354309082
17-01-1992,19.875,20.0,94600,20.0,20.0,16.34355354309082
20-01-1992,20.0,20.0,11000,20.375,20.125,16.445693969726562
21-01-1992,19.5,19.875,6800,20.0,19.75,16.139253616333008
22-01-1992,19.5,19.5,51600,20.125,19.875,16.241411209106445
23-01-1992,19.125,19.25,97200,20.375,20.375,16.64999771118164
24-01-1992,19.5,20.375,62900,20.5,19.5,15.934961318969727
27-01-1992,19.75,19.75,27600,19.875,19.875,16.241411209106445
28-01-1992,19.75,19.75,48100,20.125,20.0,16.34355354309082
29-01-1992,20.25,20.25,215000,21.5,21.375,17.4671688079834
30-01-1992,21.0,21.25,33400,21.25,21.125,17.262876510620117
31-01-1992,20.875,21.25,79300,21.25,20.875,17.05858039855957
03-02-1992,21.0,21.0,68500,21.25,21.125,17.262876510620117
04-02-1992,21.125,21.125,53000,22.0,22.0,17.977895736694336
05-02-1992,22.625,22.875,115400,25.0,23.75,19.407962799072266
06-02-1992,23.5,23.75,78100,24.375,24.0,19.612258911132812
07-02-1992,23.0,24.0,17400,24.0,23.5,19.203672409057617
10-02-1992,23.25,23.5,18900,23.875,23.5,19.203672409057617
11-02-1992,23.0,23.0,28600,23.375,23.25,18.99937629699707
12-02-1992,23.375,23.5,73900,23.875,23.75,19.407962799072266
13-02-1992,23.875,23.875,184400,25.25,24.125,19.745168685913086
14-02-1992,24.25,24.25,80700,25.0,24.75,20.256711959838867
18-02-1992,24.125,24.875,110200,24.875,24.25,19.847475051879883
19-02-1992,23.875,24.0,20800,24.25,24.125,19.745168685913086
20-02-1992,23.75,24.375,37500,24.5,23.75,19.43824577331543
21-02-1992,23.0,23.75,33300,23.75,23.25,19.029016494750977
24-02-1992,22.75,23.0,70600,23.0,22.75,18.619796752929688
25-02-1992,22.375,22.875,65000,22.875,22.375,18.3128662109375
26-02-1992,22.375,22.375,25200,22.875,22.75,18.619796752929688
27-02-1992,22.625,22.75,6000,22.75,22.625,18.517486572265625
28-02-1992,22.5,22.75,12100,22.875,22.75,18.619796752929688
02-03-1992,22.75,22.875,119700,23.125,23.125,18.92672348022461
03-03-1992,23.5,23.5,74500,25.0,24.75,20.256711959838867
04-03-1992,24.5,24.625,78600,24.75,24.5,20.05208396911621
05-03-1992,23.625,24.5,58800,24.5,23.625,19.335941314697266
06-03-1992,23.375,23.75,3900,23.75,23.375,19.131332397460938
09-03-1992,22.875,23.25,17300,23.25,22.875,18.722105026245117
10-03-1992,23.0,23.0,31900,23.25,23.0,18.82440948486328
11-03-1992,23.0,23.0,52000,23.125,23.125,18.92672348022461
12-03-1992,23.0,23.125,95700,23.25,23.125,18.92672348022461
13-03-1992,23.0,23.25,191100,23.375,23.375,19.131332397460938
16-03-1992,23.25,23.3125,3600,23.3125,23.25,19.029016494750977
17-03-1992,23.25,23.25,12700,24.0,23.75,19.43824577331543
18-03-1992,24.0,24.0,12000,24.5,24.125,19.745168685913086
19-03-1992,24.125,24.25,47300,24.75,24.5,20.05208396911621
20-03-1992,24.125,24.5,22100,24.5,24.375,19.949779510498047
23-03-1992,24.25,24.25,18100,24.5,24.5,20.05208396911621
24-03-1992,24.75,25.25,91300,25.75,24.75,20.256711959838867
25-03-1992,24.375,25.375,87100,25.375,24.5,20.05208396911621
26-03-1992,24.25,24.5,45700,24.5,24.5,20.05208396911621
27-03-1992,22.75,24.25,102300,24.375,24.0,19.64285659790039
30-03-1992,23.875,24.0,33800,24.0,23.875,19.54056167602539
31-03-1992,23.875,23.875,29600,24.125,24.0,19.64285659790039
01-04-1992,23.75,23.75,68100,24.5,24.5,20.05208396911621
02-04-1992,24.0,24.625,50300,24.625,24.125,19.745168685913086
03-04-1992,24.0,24.0,53500,24.0,24.0,19.64285659790039
06-04-1992,23.5,23.5,96000,24.0,23.875,19.54056167602539
07-04-1992,23.75,23.75,9400,23.875,23.75,19.43824577331543
08-04-1992,22.625,23.375,17600,23.5,22.625,18.517486572265625
09-04-1992,22.5,22.5,31800,23.125,23.125,18.92672348022461
10-04-1992,23.0,23.0,17400,23.125,23.0,18.82440948486328
13-04-1992,23.0,23.125,10600,23.125,23.0,18.82440948486328
14-04-1992,23.0,23.0,44800,23.25,23.25,19.029016494750977
15-04-1992,23.125,23.375,15200,23.5,23.375,19.131332397460938
16-04-1992,23.5,23.5,86700,24.375,24.25,19.847475051879883
20-04-1992,23.75,23.875,58900,24.0,23.75,19.43824577331543
21-04-1992,23.0,23.75,37800,23.75,23.0,18.82440948486328
22-04-1992,22.625,23.0,25500,23.0,22.75,18.619796752929688
23-04-1992,22.25,22.625,42200,22.75,22.25,18.210567474365234
24-04-1992,22.375,22.5,40800,22.75,22.5,18.41518783569336
27-04-1992,21.125,22.125,58200,22.25,22.25,18.210567474365234
28-04-1992,21.75,22.375,2309200,22.5,21.75,17.80134391784668
29-04-1992,21.875,22.0,484100,22.375,22.0,18.00594711303711
30-04-1992,22.125,22.25,422100,23.0,23.0,18.82440948486328
01-05-1992,22.5,23.0,95600,23.0,22.5,18.41518783569336
04-05-1992,22.5,22.5,107100,23.125,23.0,18.82440948486328
05-05-1992,22.375,23.0,103200,23.0,22.75,18.619796752929688
06-05-1992,22.625,22.75,145500,22.75,22.625,18.517486572265625
07-05-1992,22.25,22.875,192100,23.0,22.25,18.210567474365234
08-05-1992,22.25,22.25,24400,22.375,22.25,18.210567474365234
11-05-1992,22.25,22.25,182400,22.375,22.25,18.24090576171875
12-05-1992,21.875,22.375,77300,22.5,22.125,18.138418197631836
13-05-1992,21.625,22.0,19600,22.0,21.625,17.7285213470459
14-05-1992,21.25,21.5,3800,21.5,21.25,17.42108726501465
15-05-1992,20.125,21.0,71700,21.0,20.5,16.806232452392578
18-05-1992,20.5,20.75,150200,20.875,20.75,17.01117706298828
19-05-1992,20.0,20.75,127700,20.875,20.75,17.01117706298828
20-05-1992,20.25,20.625,46700,20.75,20.75,17.01117706298828
21-05-1992,20.375,20.625,36600,21.125,21.125,17.318601608276367
22-05-1992,21.0,21.125,52100,21.5,21.0,17.216127395629883
26-05-1992,20.5,21.125,12200,21.125,20.5,16.806232452392578
27-05-1992,20.375,20.375,59300,20.75,20.375,16.703739166259766
28-05-1992,20.375,20.5,17000,20.875,20.375,16.703739166259766
29-05-1992,20.5,20.5,33400,21.625,21.625,17.7285213470459
01-06-1992,21.625,21.625,86400,22.375,22.375,18.3433780670166
02-06-1992,23.0,23.25,200200,23.5,23.25,19.060718536376953
03-06-1992,23.125,23.625,98400,23.75,23.125,18.958242416381836
04-06-1992,23.0,23.125,78600,23.5,23.375,19.163204193115234
05-06-1992,23.0,23.375,17700,23.375,23.375,19.163204193115234
08-06-1992,23.0,23.25,45600,23.5,23.125,18.958242416381836
09-06-1992,22.75,23.0,62600,23.0,22.875,18.753292083740234
10-06-1992,22.75,23.0,36200,23.0,23.0,18.855770111083984
11-06-1992,22.5,22.5,58200,22.5,22.5,18.44586753845215
12-06-1992,22.5,22.5,5500,23.0,23.0,18.855770111083984
15-06-1992,22.875,22.875,8800,23.25,23.25,19.060718536376953
16-06-1992,23.0,23.0,8300,23.375,23.25,19.060718536376953
17-06-1992,22.375,23.125,10500,23.125,22.375,18.3433780670166
18-06-1992,20.875,22.25,34800,22.25,20.875,17.113658905029297
19-06-1992,20.875,20.875,65600,21.75,21.5,17.62604522705078
22-06-1992,21.5,21.625,10800,21.75,21.75,17.83098793029785
23-06-1992,21.625,21.625,14100,22.25,22.125,18.138418197631836
24-06-1992,22.0,22.25,18400,22.375,22.25,18.24090576171875
25-06-1992,21.875,22.125,59300,22.5,22.25,18.24090576171875
26-06-1992,22.0,22.125,14500,22.25,22.25,18.24090576171875
29-06-1992,22.25,22.5,139600,22.75,22.25,18.24090576171875
30-06-1992,22.375,22.5,159600,22.625,22.375,18.3433780670166
01-07-1992,22.25,22.375,74300,23.0,22.875,18.753292083740234
02-07-1992,22.625,23.125,39800,23.125,22.625,18.548328399658203
06-07-1992,22.375,22.625,117300,22.625,22.5,18.44586753845215
07-07-1992,21.5,22.25,28800,22.25,22.0,18.035945892333984
08-07-1992,21.875,21.875,2200,22.0,21.875,17.9334659576416
09-07-1992,21.875,21.875,54600,22.625,22.5,18.44586753845215
10-07-1992,22.25,22.5,7800,22.5,22.25,18.24090576171875
13-07-1992,22.0,22.375,7200,22.375,22.0,18.035945892333984
14-07-1992,22.0,22.125,6300,22.25,22.0,18.035945892333984
15-07-1992,21.75,22.25,10000,22.375,21.75,17.83098793029785
16-07-1992,21.75,22.0,39300,22.25,21.75,17.83098793029785
17-07-1992,21.5,21.875,28700,21.875,21.75,17.83098793029785
20-07-1992,21.5,21.75,16400,21.75,21.625,17.7285213470459
21-07-1992,21.375,21.625,32000,21.625,21.375,17.523569107055664
22-07-1992,21.125,21.5,80200,21.5,21.125,17.318601608276367
23-07-1992,21.125,21.25,130500,21.25,21.125,17.318601608276367
24-07-1992,20.75,21.0,88200,21.25,21.125,17.318601608276367
27-07-1992,21.0,21.0,87400,21.375,21.25,17.42108726501465
28-07-1992,21.5,21.5,26600,22.0,21.875,17.9334659576416
29-07-1992,21.875,21.875,33700,22.25,22.125,18.138418197631836
30-07-1992,21.75,22.125,18900,22.125,21.75,17.83098793029785
31-07-1992,21.875,21.875,10400,22.25,22.125,18.138418197631836
03-08-1992,22.25,22.25,6800,22.375,22.375,18.3433780670166
04-08-1992,22.375,22.375,47300,22.75,22.75,18.650814056396484
05-08-1992,22.625,22.625,42400,23.0,23.0,18.855770111083984
06-08-1992,23.0,23.0,26500,23.125,23.125,18.958242416381836
07-08-1992,23.0,23.0,93400,23.25,23.25,19.060718536376953
10-08-1992,23.125,23.125,11300,23.5,23.5,19.296390533447266
11-08-1992,23.375,23.5,31800,23.625,23.5,19.296390533447266
12-08-1992,23.5,23.5,28900,24.0,23.875,19.604305267333984
13-08-1992,23.5,23.75,26700,23.75,23.75,19.50166130065918
14-08-1992,23.75,23.75,31200,24.625,24.5,20.117504119873047
17-08-1992,24.25,24.5,20100,25.0,24.75,20.322784423828125
18-08-1992,24.375,24.5,28500,24.625,24.5,20.117504119873047
19-08-1992,24.25,24.5,27400,24.75,24.25,19.912221908569336
20-08-1992,24.0,24.25,47300,24.25,24.0,19.706941604614258
21-08-1992,23.5,24.0,14400,24.0,23.5,19.296390533447266
24-08-1992,23.0,23.25,12500,23.25,23.0,18.885826110839844
25-08-1992,22.5,23.0,46900,23.0,22.5,18.475263595581055
26-08-1992,22.875,23.0,20600,23.25,23.25,19.091096878051758
27-08-1992,23.0,23.625,37300,23.875,23.0,18.885826110839844
28-08-1992,23.25,23.25,47600,24.25,24.25,19.912221908569336
31-08-1992,24.0,24.25,19500,24.375,24.375,20.014860153198242
01-09-1992,24.0,24.375,8900,24.625,24.0,19.706941604614258
02-09-1992,23.75,24.25,4000,24.25,23.75,19.50166130065918
03-09-1992,23.625,23.75,4800,23.75,23.625,19.399024963378906
04-09-1992,23.625,23.875,15000,24.0,24.0,19.706941604614258
08-09-1992,23.875,23.875,55800,24.25,24.25,19.912221908569336
09-09-1992,24.125,24.25,64300,24.625,24.625,20.22014617919922
10-09-1992,24.375,24.625,40100,26.375,25.625,21.04126739501953
11-09-1992,24.75,25.625,36900,25.625,25.25,20.733339309692383
14-09-1992,25.25,25.5,33300,25.75,25.25,20.733339309692383
15-09-1992,24.5,25.0,36200,25.0,24.5,20.117504119873047
16-09-1992,24.25,24.5,12300,24.875,24.875,20.4254207611084
17-09-1992,24.625,25.0,74400,25.75,25.0,20.528066635131836
18-09-1992,25.0,25.75,57900,25.875,25.0,20.528066635131836
21-09-1992,24.5,25.0,10800,25.125,24.75,20.322784423828125
22-09-1992,24.75,24.75,78900,26.0,25.625,21.04126739501953
23-09-1992,25.25,25.5,5300,25.5,25.5,20.93862533569336
24-09-1992,25.375,25.5,11200,25.625,25.375,20.835979461669922
25-09-1992,24.625,25.375,63100,25.375,25.0,20.528066635131836
28-09-1992,24.375,25.0,85800,25.0,24.375,20.014860153198242
29-09-1992,24.375,24.625,12100,24.625,24.375,20.014860153198242
30-09-1992,24.25,24.5,32500,24.625,24.375,20.014860153198242
01-10-1992,24.5,24.5,49200,25.25,24.875,20.4254207611084
02-10-1992,24.75,24.875,82200,24.875,24.875,20.4254207611084
05-10-1992,23.5,24.625,33000,24.625,24.125,19.80958366394043
06-10-1992,24.125,24.125,45400,24.875,24.875,20.4254207611084
07-10-1992,24.375,24.625,64700,24.75,24.375,20.014860153198242
08-10-1992,24.375,24.75,35900,24.75,24.375,20.014860153198242
09-10-1992,24.125,24.25,91400,24.5,24.5,20.117504119873047
12-10-1992,24.25,24.25,47600,25.5,24.875,20.4254207611084
13-10-1992,24.625,24.875,57100,25.0,24.875,20.4254207611084
14-10-1992,24.625,24.625,69300,25.0,24.75,20.322784423828125
15-10-1992,24.625,24.875,67500,25.125,25.125,20.630704879760742
16-10-1992,25.0,25.0,119500,26.0,26.0,21.34918975830078
19-10-1992,26.0,26.25,142400,26.5,26.375,21.657108306884766
20-10-1992,26.625,26.625,25700,27.375,27.0,22.170307159423828
21-10-1992,27.0,27.125,32400,27.25,27.25,22.375587463378906
22-10-1992,26.625,27.0,38400,27.375,26.875,22.067665100097656
23-10-1992,26.75,27.0,62500,27.25,26.75,21.965036392211914
26-10-1992,26.5,27.0,25800,27.0,26.75,21.965036392211914
27-10-1992,26.625,26.75,9600,27.0,26.625,21.862382888793945
28-10-1992,26.875,26.875,2800,27.0,27.0,22.170307159423828
29-10-1992,26.75,26.875,11200,27.0,26.875,22.067665100097656
30-10-1992,26.875,27.0,20100,27.0,26.875,22.067665100097656
02-11-1992,26.0,26.75,49600,26.875,26.875,22.067665100097656
03-11-1992,26.0,26.875,15800,26.875,26.0,21.34918975830078
04-11-1992,26.0,26.0,28000,26.375,26.375,21.657108306884766
05-11-1992,26.25,26.375,8900,26.625,26.375,21.657108306884766
06-11-1992,26.0,26.625,26800,26.625,26.5,21.759748458862305
09-11-1992,26.125,26.25,20300,26.375,26.375,21.657108306884766
10-11-1992,26.375,26.375,52700,27.25,27.25,22.375587463378906
11-11-1992,27.125,27.125,10000,28.0,27.875,22.888795852661133
12-11-1992,28.125,28.125,27300,28.875,28.875,23.70992660522461
13-11-1992,28.25,28.625,47900,28.75,28.25,23.19670867919922
16-11-1992,27.375,28.0,39500,28.0,27.375,22.47823143005371
17-11-1992,27.25,27.375,5500,27.75,27.5,22.580869674682617
18-11-1992,27.5,27.75,46700,27.75,27.75,22.786165237426758
19-11-1992,27.5,27.75,83100,27.75,27.75,22.786165237426758
20-11-1992,27.5,27.75,29400,27.75,27.625,22.683517456054688
23-11-1992,27.25,27.5,28500,27.625,27.25,22.375587463378906
24-11-1992,26.625,27.625,155200,28.25,28.0,22.991437911987305
25-11-1992,28.0,28.25,55000,28.25,28.0,22.991437911987305
27-11-1992,27.5,28.125,12600,28.125,27.875,22.888795852661133
30-11-1992,27.875,28.0,44900,28.25,28.0,22.991437911987305
01-12-1992,27.875,27.875,16000,28.375,28.25,23.19670867919922
02-12-1992,27.75,28.0,77300,28.375,28.0,22.991437911987305
03-12-1992,26.75,28.0,81600,28.125,26.875,22.067665100097656
04-12-1992,27.25,27.25,100600,27.875,27.75,22.817575454711914
07-12-1992,27.5,27.75,146000,27.75,27.75,22.817575454711914
08-12-1992,27.5,27.75,122100,28.375,28.125,23.125911712646484
09-12-1992,27.625,28.25,57100,28.25,27.75,22.817575454711914
10-12-1992,27.25,27.375,188700,27.5,27.25,22.40643882751465
11-12-1992,27.125,27.25,89000,27.625,27.375,22.509218215942383
14-12-1992,27.25,27.375,94600,27.75,27.75,22.817575454711914
15-12-1992,27.375,27.375,104400,28.5,27.75,22.817575454711914
16-12-1992,27.125,27.75,84900,27.75,27.25,22.40643882751465
17-12-1992,26.75,27.0,145700,27.0,27.0,22.20087242126465
18-12-1992,26.5,27.0,184600,27.0,26.5,21.789745330810547
21-12-1992,26.5,26.5,111900,26.875,26.875,22.098085403442383
22-12-1992,26.75,26.875,83200,26.875,26.875,22.098085403442383
23-12-1992,26.75,26.75,33800,26.875,26.875,22.098085403442383
24-12-1992,26.75,26.875,12400,27.0,27.0,22.20087242126465
28-12-1992,27.0,27.0,16100,27.5,27.5,22.61200523376465
29-12-1992,27.75,27.75,100800,28.5,28.375,23.33147621154785
30-12-1992,28.25,28.5,124500,28.75,28.75,23.63982391357422
31-12-1992,29.0,29.0,152200,29.25,29.0,23.84538459777832
04-01-1993,28.375,29.0,18900,29.0,28.375,23.33147621154785
05-01-1993,27.25,28.125,213200,28.125,27.375,22.509218215942383
06-01-1993,27.125,27.25,85400,28.5,28.5,23.434267044067383
07-01-1993,28.0,28.25,37300,28.5,28.0,23.023136138916016
08-01-1993,27.375,28.0,29100,28.0,27.625,22.71479034423828
11-01-1993,26.875,27.375,26400,27.375,27.25,22.40643882751465
12-01-1993,27.375,27.375,6800,27.625,27.5,22.61200523376465
13-01-1993,27.375,27.75,38400,27.75,27.75,22.817575454711914
14-01-1993,27.25,27.75,70400,27.75,27.375,22.509218215942383
15-01-1993,26.875,27.125,100000,27.125,26.875,22.098085403442383
18-01-1993,26.25,27.0,80200,27.0,27.0,22.20087242126465
19-01-1993,26.75,27.0,55000,27.0,26.875,22.098085403442383
20-01-1993,26.0,26.75,128600,26.875,26.0,21.37862205505371
21-01-1993,25.75,26.0,129900,26.0,26.0,21.37862205505371
22-01-1993,25.75,26.0,270800,27.0,27.0,22.20087242126465
25-01-1993,26.875,27.0,138100,27.375,27.25,22.40643882751465
26-01-1993,27.375,27.5,82400,27.875,27.75,22.817575454711914
27-01-1993,27.75,27.875,93500,28.0,27.875,22.92035675048828
28-01-1993,27.875,27.875,13400,28.25,28.0,23.023136138916016
29-01-1993,28.0,28.0,83600,29.0,29.0,23.84538459777832
01-02-1993,28.75,28.75,93000,29.0,29.0,23.84538459777832
02-02-1993,28.875,28.875,275400,30.25,30.0,24.66763687133789
03-02-1993,30.0,30.125,249400,31.0,30.0,24.66763687133789
04-02-1993,30.0,30.0,17800,30.125,30.125,24.770416259765625
05-02-1993,30.125,30.25,50700,30.5,30.5,25.078767776489258
08-02-1993,30.0,30.25,33900,30.625,30.0,24.66763687133789
09-02-1993,29.5,30.0,40800,30.0,29.5,24.25651741027832
10-02-1993,29.375,29.5,75600,29.75,29.75,24.46207046508789
11-02-1993,29.875,29.875,30700,30.5,30.5,25.109994888305664
12-02-1993,30.25,30.25,38100,30.375,30.375,25.007083892822266
16-02-1993,29.625,30.125,317500,30.375,29.625,24.389629364013672
17-02-1993,28.625,29.875,23900,30.125,28.625,23.56634521484375
18-02-1993,27.5,28.875,41700,29.0,27.5,22.64015769958496
19-02-1993,27.5,27.75,69500,28.875,28.75,23.669265747070312
22-02-1993,28.5,28.5,29400,28.875,28.875,23.77217674255371
23-02-1993,28.125,28.75,110500,28.75,28.625,23.56634521484375
24-02-1993,28.5,28.5,58600,29.0,28.75,23.669265747070312
25-02-1993,29.0,29.0,78300,30.0,29.625,24.389629364013672
26-02-1993,29.0,29.5,64000,29.5,29.0,23.87508201599121
01-03-1993,28.625,29.0,50100,29.0,28.625,23.56634521484375
02-03-1993,28.75,28.75,43300,29.625,29.625,24.389629364013672
03-03-1993,29.375,29.625,31100,29.625,29.375,24.183809280395508
04-03-1993,29.375,29.375,43000,30.0,29.875,24.595447540283203
05-03-1993,30.0,30.0,101500,30.625,30.125,24.801259994506836
08-03-1993,29.875,30.125,10100,30.625,30.5,25.109994888305664
09-03-1993,30.375,30.875,24800,30.875,30.75,25.315818786621094
10-03-1993,31.0,31.0,114000,32.0,31.875,26.24200439453125
11-03-1993,31.75,31.75,36500,32.5,32.25,26.550724029541016
12-03-1993,32.0,32.25,113300,32.375,32.375,26.653644561767578
15-03-1993,32.375,32.375,100100,32.75,32.5,26.756555557250977
16-03-1993,30.75,32.25,161500,32.25,31.125,25.624542236328125
17-03-1993,30.0,31.25,86100,31.25,30.25,24.904176712036133
18-03-1993,29.5,30.25,139900,30.25,29.875,24.595447540283203
19-03-1993,29.5,29.875,43100,30.0,30.0,24.698360443115234
22-03-1993,29.5,30.0,11700,30.0,29.5,24.286724090576172
23-03-1993,29.5,29.5,88300,30.25,30.125,24.801259994506836
24-03-1993,29.375,30.375,51200,30.375,29.5,24.286724090576172
25-03-1993,29.375,29.375,51000,29.75,29.75,24.49254608154297
26-03-1993,29.875,29.875,14600,30.25,29.875,24.595447540283203
29-03-1993,29.875,29.875,107500,30.375,30.0,24.698360443115234
30-03-1993,30.25,30.375,19500,30.5,30.5,25.109994888305664
31-03-1993,30.75,31.0,51400,31.125,30.875,25.41872787475586
01-04-1993,30.625,30.875,44000,30.875,30.75,25.315818786621094
02-04-1993,30.25,30.75,42500,30.75,30.25,24.904176712036133
05-04-1993,30.0,30.0,22400,30.5,30.5,25.109994888305664
06-04-1993,30.25,30.25,51200,30.75,30.5,25.109994888305664
07-04-1993,29.75,30.5,16600,30.5,29.75,24.49254608154297
08-04-1993,29.625,29.75,16600,29.75,29.625,24.389629364013672
12-04-1993,29.125,29.25,21700,29.25,29.25,24.080907821655273
13-04-1993,29.5,29.5,61800,30.0,29.75,24.49254608154297
14-04-1993,29.375,29.875,111200,29.875,29.375,24.183809280395508
15-04-1993,28.75,29.25,52200,29.25,28.75,23.669265747070312
16-04-1993,28.5,28.5,48100,29.25,29.0,23.87508201599121
19-04-1993,28.0,28.5,56300,28.5,28.0,23.051801681518555
20-04-1993,27.5,28.0,14300,28.0,27.5,22.64015769958496
21-04-1993,27.0,27.25,106100,27.5,27.5,22.64015769958496
22-04-1993,27.25,27.375,54600,27.75,27.25,22.434337615966797
23-04-1993,26.625,27.25,18300,27.25,26.625,21.919788360595703
26-04-1993,26.625,26.75,47900,27.0,26.875,22.1256046295166
27-04-1993,26.875,26.875,12700,27.75,27.75,22.845991134643555
28-04-1993,27.5,27.5,21900,27.875,27.75,22.845991134643555
29-04-1993,27.5,27.625,27200,27.625,27.625,22.743070602416992
30-04-1993,27.625,27.875,95400,27.875,27.875,22.948894500732422
03-05-1993,28.0,28.0,69000,28.375,28.25,23.257619857788086
04-05-1993,28.0,28.5,64600,28.5,28.125,23.154712677001953
05-05-1993,28.0,28.375,73000,28.375,28.125,23.154712677001953
06-05-1993,28.125,28.375,9900,28.375,28.25,23.257619857788086
07-05-1993,28.125,28.125,33900,28.5,28.5,23.46344757080078
10-05-1993,28.375,28.375,22900,29.0,28.5,23.46344757080078
11-05-1993,28.375,28.375,5600,28.5,28.375,23.39089012145996
12-05-1993,28.375,28.5,8400,28.5,28.375,23.39089012145996
13-05-1993,28.5,28.5,6800,28.625,28.5,23.493942260742188
14-05-1993,28.5,28.5,37700,28.875,28.625,23.596981048583984
17-05-1993,28.25,28.5,9800,28.5,28.375,23.39089012145996
18-05-1993,28.25,28.25,21600,28.625,28.625,23.596981048583984
19-05-1993,28.5,28.625,11000,29.0,29.0,23.9061222076416
20-05-1993,29.125,29.25,86900,30.125,30.125,24.833499908447266
21-05-1993,30.125,30.125,325200,31.25,31.125,25.65785789489746
24-05-1993,31.0,31.0,83900,31.75,31.75,26.173078536987305
25-05-1993,31.5,31.5,15300,31.75,31.75,26.173078536987305
26-05-1993,30.625,31.5,60900,31.5,31.25,25.76089096069336
27-05-1993,31.0,31.0,121300,31.5,31.375,25.86393165588379
28-05-1993,31.375,31.375,25600,31.75,31.625,26.07002830505371
01-06-1993,31.375,31.375,90000,33.25,32.75,26.997413635253906
02-06-1993,32.625,32.625,33000,33.375,33.375,27.512643814086914
03-06-1993,33.0,33.125,30100,33.125,33.125,27.306549072265625
04-06-1993,32.5,32.875,89100,33.0,32.5,26.79133415222168
07-06-1993,31.875,32.25,72200,32.25,32.0,26.379161834716797
08-06-1993,31.875,32.0,35700,32.0,32.0,26.379161834716797
09-06-1993,31.875,32.0,33900,32.0,32.0,26.379161834716797
10-06-1993,31.75,31.875,91800,31.875,31.75,26.173078536987305
11-06-1993,31.75,31.75,10300,31.875,31.875,26.2761173248291
14-06-1993,31.5,31.875,21100,31.875,31.5,25.966981887817383
15-06-1993,31.625,31.75,14400,32.25,32.0,26.379161834716797
16-06-1993,31.75,31.875,26900,32.25,31.875,26.2761173248291
17-06-1993,31.875,31.875,6100,32.125,32.0,26.379161834716797
18-06-1993,32.125,32.375,46000,32.5,32.25,26.585237503051758
21-06-1993,29.75,32.125,298200,32.125,30.25,24.936546325683594
22-06-1993,30.25,30.5,50500,30.5,30.5,25.142641067504883
23-06-1993,29.75,30.375,59500,30.375,29.875,24.627429962158203
24-06-1993,28.625,29.75,84300,29.75,28.875,23.803075790405273
25-06-1993,28.875,28.875,60800,29.75,29.75,24.52437400817871
28-06-1993,29.875,29.875,54200,30.125,29.875,24.627429962158203
29-06-1993,29.875,30.0,7900,30.125,29.875,24.627429962158203
30-06-1993,30.0,30.0,47400,30.875,30.75,25.34872817993164
01-07-1993,30.75,30.75,39500,31.0,30.875,25.45177459716797
02-07-1993,30.625,31.0,57600,31.0,31.0,25.554807662963867
06-07-1993,30.0,30.75,44200,30.75,30.125,24.833499908447266
07-07-1993,30.0,30.0,19100,30.125,30.125,24.833499908447266
08-07-1993,29.75,30.0,32600,30.25,29.75,24.52437400817871
09-07-1993,29.5,29.75,13200,29.75,29.625,24.42133140563965
12-07-1993,28.625,29.5,275200,29.5,28.875,23.803075790405273
13-07-1993,28.875,28.875,47800,29.0,28.875,23.803075790405273
14-07-1993,28.75,29.0,164900,29.125,29.125,24.0091552734375
15-07-1993,28.75,29.0,37500,29.0,29.0,23.9061222076416
16-07-1993,28.875,29.0,3100,29.0,29.0,23.9061222076416
19-07-1993,27.5,28.75,49100,28.75,27.75,22.87568473815918
20-07-1993,27.75,27.875,489900,27.875,27.75,22.87568473815918
21-07-1993,27.625,27.75,42700,27.75,27.625,22.772640228271484
22-07-1993,27.25,27.625,12500,27.625,27.375,22.566551208496094
23-07-1993,26.75,27.25,325000,27.375,27.0,22.257413864135742
26-07-1993,26.25,27.0,168700,27.0,26.625,21.94828224182129
27-07-1993,26.5,26.75,8200,26.75,26.5,21.845237731933594
28-07-1993,25.75,26.5,303800,26.5,25.75,21.226970672607422
29-07-1993,25.875,25.875,139800,26.375,26.375,21.742206573486328
30-07-1993,25.875,26.375,150200,26.375,25.875,21.330020904541016
02-08-1993,25.875,26.0,20100,26.75,26.625,21.94828224182129
03-08-1993,26.5,26.5,9300,26.875,26.75,22.051334381103516
04-08-1993,26.75,26.75,10400,27.375,27.375,22.566551208496094
05-08-1993,27.375,27.375,63600,27.75,27.625,22.772640228271484
06-08-1993,27.5,27.625,60300,27.75,27.5,22.669588088989258
09-08-1993,26.875,27.375,321300,28.125,27.75,22.87568473815918
10-08-1993,27.75,27.75,206900,28.5,28.5,23.525312423706055
11-08-1993,27.5,28.5,152500,29.0,28.25,23.318944931030273
12-08-1993,28.5,28.5,186200,29.25,29.25,24.144407272338867
13-08-1993,28.625,29.5,40700,29.5,28.875,23.83485984802246
16-08-1993,28.75,28.875,2600,28.875,28.75,23.731674194335938
17-08-1993,28.75,28.75,45700,29.125,29.125,24.041217803955078
18-08-1993,28.75,29.25,44500,29.25,29.0,23.93803596496582
19-08-1993,29.0,29.0,56300,30.0,29.75,24.557119369506836
20-08-1993,29.75,29.875,46000,30.125,30.125,24.866657257080078
23-08-1993,29.75,29.875,20400,29.875,29.875,24.660303115844727
24-08-1993,30.125,30.5,48200,30.625,30.125,24.866657257080078
25-08-1993,30.0,30.125,62800,30.25,30.25,24.969844818115234
26-08-1993,30.125,30.25,44600,30.5,30.375,25.07302474975586
27-08-1993,30.375,30.375,125200,30.875,30.875,25.485746383666992
30-08-1993,30.25,30.625,129000,30.875,30.25,24.969844818115234
31-08-1993,30.25,30.25,61600,31.0,31.0,25.58892822265625
01-09-1993,31.0,31.125,20200,31.375,31.375,25.898469924926758
02-09-1993,31.25,31.25,32700,31.75,31.75,26.208019256591797
03-09-1993,31.375,31.625,9600,31.625,31.5,26.001651763916016
07-09-1993,31.5,31.5,27600,31.625,31.625,26.104833602905273
08-09-1993,31.0,31.5,70400,31.5,31.25,25.795284271240234
09-09-1993,31.125,31.25,30600,31.625,31.625,26.104833602905273
10-09-1993,31.5,31.5,22000,32.5,32.125,26.517555236816406
13-09-1993,31.625,32.125,7400,32.125,31.625,26.104833602905273
14-09-1993,31.125,31.375,8000,31.375,31.375,25.898469924926758
15-09-1993,30.75,31.125,120000,31.375,31.0,25.58892822265625
16-09-1993,30.5,31.0,56000,31.0,30.5,25.176204681396484
17-09-1993,29.75,30.0,106000,30.0,29.75,24.557119369506836
20-09-1993,29.875,29.875,24900,30.625,30.625,25.279386520385742
21-09-1993,30.625,31.0,33200,31.0,30.75,25.382570266723633
22-09-1993,30.25,30.5,285000,30.75,30.75,25.382570266723633
23-09-1993,30.75,30.75,30600,31.875,31.625,26.104833602905273
24-09-1993,31.25,31.75,13300,31.875,31.25,25.795284271240234
27-09-1993,31.5,31.5,32800,31.75,31.75,26.208019256591797
28-09-1993,31.25,31.75,21400,31.75,31.625,26.104833602905273
29-09-1993,31.5,31.75,255900,32.0,32.0,26.414379119873047
30-09-1993,31.625,32.0,35000,32.125,32.125,26.517555236816406
01-10-1993,31.875,32.125,26500,32.25,32.125,26.517555236816406
04-10-1993,32.125,32.125,13500,32.5,32.5,26.827104568481445
05-10-1993,32.25,32.25,52900,33.0,33.0,27.239816665649414
06-10-1993,32.625,33.0,12000,33.0,32.625,26.93028450012207
07-10-1993,32.5,32.75,47900,32.75,32.5,26.827104568481445
08-10-1993,32.375,32.375,38000,32.5,32.5,26.827104568481445
11-10-1993,32.375,32.375,1400,32.375,32.375,26.723926544189453
12-10-1993,32.25,32.375,52100,32.5,32.375,26.723926544189453
13-10-1993,32.375,32.375,21600,33.625,33.625,27.755727767944336
14-10-1993,33.375,33.75,37000,33.75,33.5,27.652545928955078
15-10-1993,33.25,33.5,11200,33.5,33.25,27.44618797302246
18-10-1993,32.625,33.25,54300,33.25,32.75,27.0334529876709
19-10-1993,32.0,32.75,50400,32.75,32.0,26.414379119873047
20-10-1993,32.0,32.0,114000,32.875,32.625,26.93028450012207
21-10-1993,32.625,32.625,91900,33.5,33.5,27.652545928955078
22-10-1993,33.25,33.375,22500,33.5,33.5,27.652545928955078
25-10-1993,33.25,33.25,27000,34.0,34.0,28.06526756286621
26-10-1993,33.875,33.875,104400,34.5,34.125,28.168468475341797
27-10-1993,34.0,34.25,40500,34.25,34.25,28.271648406982422
28-10-1993,33.875,34.25,150200,34.25,34.0,28.06526756286621
29-10-1993,32.75,34.0,81200,34.0,32.875,27.13665199279785
01-11-1993,32.5,32.75,82100,33.5,33.375,27.549381256103516
02-11-1993,33.25,33.625,34800,33.625,33.25,27.44618797302246
03-11-1993,33.25,33.5,21900,33.5,33.25,27.44618797302246
04-11-1993,32.75,33.0,60100,33.0,32.75,27.0334529876709
05-11-1993,32.25,32.625,21800,32.625,32.5,26.827104568481445
08-11-1993,32.375,32.5,16700,32.875,32.625,26.93028450012207
09-11-1993,32.75,32.75,66300,33.25,33.125,27.343008041381836
10-11-1993,33.25,33.375,338800,34.375,34.25,28.271648406982422
11-11-1993,34.0,34.375,79700,34.625,34.0,28.06526756286621
12-11-1993,33.625,34.25,19100,34.25,34.0,28.06526756286621
15-11-1993,34.0,34.25,33200,34.5,34.25,28.271648406982422
16-11-1993,33.5,34.25,11500,34.25,33.875,27.962100982666016
17-11-1993,33.375,33.875,4300,33.875,33.5,27.652545928955078
18-11-1993,33.375,33.5,109800,33.75,33.75,27.858909606933594
19-11-1993,34.0,34.0,14600,34.25,34.25,28.271648406982422
22-11-1993,33.75,34.0,136100,34.625,34.125,28.168468475341797
23-11-1993,33.875,33.875,25700,34.625,34.625,28.581178665161133
24-11-1993,34.5,34.5,7600,34.875,34.875,28.78753662109375
26-11-1993,34.75,34.75,1400,34.75,34.75,28.68436050415039
29-11-1993,34.75,34.75,36300,35.25,34.75,28.68436050415039
30-11-1993,33.75,34.875,23200,35.125,33.75,27.858909606933594
01-12-1993,33.5,34.0,20400,34.25,33.5,27.652545928955078
02-12-1993,33.25,33.5,19400,33.5,33.25,27.44618797302246
03-12-1993,32.75,33.375,96300,33.75,33.75,27.858909606933594
06-12-1993,33.375,33.5,30300,33.875,33.875,27.992786407470703
07-12-1993,34.125,34.125,13100,34.375,34.25,28.30267333984375
08-12-1993,34.0,34.0,74600,34.125,34.125,28.19936752319336
09-12-1993,34.25,34.25,35300,34.5,34.375,28.405969619750977
10-12-1993,34.625,34.625,30300,35.25,35.0,28.922426223754883
13-12-1993,35.0,35.0,52600,36.125,36.0,29.74878692626953
14-12-1993,36.0,36.0,70000,37.375,37.125,30.678438186645508
15-12-1993,36.875,37.125,130900,37.125,37.0,30.57513427734375
16-12-1993,36.75,37.0,28700,37.0,36.75,30.368547439575195
17-12-1993,35.75,36.75,28300,36.75,36.25,29.955373764038086
20-12-1993,35.125,36.0,19900,36.0,35.25,29.1290225982666
21-12-1993,34.5,35.25,32300,35.25,34.5,28.509239196777344
22-12-1993,34.25,34.625,42700,35.0,35.0,28.922426223754883
23-12-1993,34.875,35.0,73200,36.0,35.75,29.542192459106445
27-12-1993,35.375,35.625,35000,35.625,35.375,29.232330322265625
28-12-1993,35.25,35.5,27700,36.0,35.875,29.645488739013672
29-12-1993,35.625,35.625,39500,35.875,35.625,29.438913345336914
30-12-1993,35.875,35.875,6000,36.5,36.5,30.161958694458008
31-12-1993,36.25,36.375,22600,37.5,37.5,30.98832130432129
03-01-1994,37.0,37.25,100700,37.375,37.125,30.678438186645508
04-01-1994,36.625,37.125,91500,37.625,36.75,30.368547439575195
05-01-1994,36.125,36.75,9100,36.75,36.125,29.85209846496582
06-01-1994,34.875,35.75,19700,35.75,35.0,28.922426223754883
07-01-1994,33.75,35.0,57100,35.0,34.125,28.19936752319336
10-01-1994,34.125,34.25,149700,35.0,34.75,28.71584129333496
11-01-1994,34.625,35.25,44200,35.25,34.875,28.819137573242188
12-01-1994,34.375,34.875,49100,34.875,34.5,28.509239196777344
13-01-1994,34.375,34.5,37000,34.625,34.5,28.509239196777344
14-01-1994,33.75,34.375,26000,35.0,34.875,28.819137573242188
17-01-1994,34.0,35.0,20000,35.0,34.0,28.09607696533203
18-01-1994,34.125,34.125,12900,34.375,34.375,28.405969619750977
19-01-1994,34.5,34.5,36100,35.0,35.0,28.922426223754883
20-01-1994,35.0,35.0,92800,36.0,36.0,29.74878692626953
21-01-1994,35.5,36.0,59400,36.0,36.0,29.74878692626953
24-01-1994,35.5,35.625,20600,36.25,36.0,29.74878692626953
25-01-1994,35.75,35.875,43200,36.125,36.0,29.74878692626953
26-01-1994,35.375,36.125,54600,36.125,35.5,29.335594177246094
27-01-1994,35.5,35.75,57400,35.875,35.75,29.542192459106445
28-01-1994,35.75,35.75,39200,36.0,35.875,29.645488739013672
31-01-1994,35.375,35.875,29900,36.0,35.375,29.232330322265625
01-02-1994,34.625,35.125,32200,35.5,35.5,29.335594177246094
02-02-1994,35.125,35.625,42900,35.625,35.125,29.025732040405273
03-02-1994,34.625,35.125,9500,35.125,34.875,28.819137573242188
04-02-1994,33.75,34.875,55600,34.875,33.875,27.992786407470703
07-02-1994,33.0,33.625,48900,34.0,34.0,28.09607696533203
08-02-1994,33.625,34.0,37000,34.0,33.875,27.992786407470703
09-02-1994,33.75,33.875,7200,34.0,34.0,28.09607696533203
10-02-1994,33.5,34.0,34600,34.0,34.0,28.09607696533203
11-02-1994,33.625,33.875,4600,33.875,33.625,27.78619956970215
14-02-1994,33.5,33.5,32700,34.0,34.0,28.09607696533203
15-02-1994,33.75,33.75,54500,34.125,34.125,28.19936752319336
16-02-1994,34.0,34.0,80600,34.75,34.75,28.71584129333496
17-02-1994,34.625,34.625,48200,35.5,35.25,29.1290225982666
18-02-1994,35.0,35.25,6200,35.25,35.0,28.922426223754883
22-02-1994,35.0,35.125,43100,35.25,35.25,29.1290225982666
23-02-1994,35.25,35.25,87900,35.5,35.5,29.335594177246094
24-02-1994,34.5,35.5,18800,35.5,34.75,28.745803833007812
25-02-1994,34.5,34.75,74000,35.0,35.0,28.95260238647461
28-02-1994,35.5,35.5,48400,35.75,35.625,29.469623565673828
01-03-1994,35.5,35.75,37800,36.0,35.625,29.469623565673828
02-03-1994,35.375,35.75,42000,35.75,35.75,29.573022842407227
03-03-1994,35.375,35.625,29200,35.75,35.625,29.469623565673828
04-03-1994,35.625,35.625,49700,35.875,35.875,29.676420211791992
07-03-1994,36.0,36.0,99100,36.5,36.5,30.193424224853516
08-03-1994,36.0,36.625,66700,36.625,36.125,29.88324546813965
09-03-1994,35.75,36.0,47400,36.25,36.25,29.986629486083984
10-03-1994,36.0,36.0,61800,36.25,36.0,29.77982521057129
11-03-1994,36.125,36.125,17300,36.625,36.125,29.88324546813965
14-03-1994,35.75,36.125,42000,36.25,36.25,29.986629486083984
15-03-1994,36.0,36.0,63000,36.375,36.125,29.88324546813965
16-03-1994,36.5,36.5,57700,37.25,37.125,30.71044921875
17-03-1994,37.125,37.375,16800,37.875,37.875,31.330854415893555
18-03-1994,37.625,38.125,48700,38.25,37.875,31.330854415893555
21-03-1994,37.625,37.75,34100,38.125,38.125,31.537662506103516
22-03-1994,37.75,38.0,14000,38.25,37.75,31.22745704650879
23-03-1994,37.875,37.875,18200,39.0,39.0,32.261474609375
24-03-1994,38.0,38.75,35300,38.75,38.25,31.64105796813965
25-03-1994,38.0,38.0,10700,38.5,38.375,31.744489669799805
28-03-1994,37.5,38.25,9400,38.25,37.875,31.330854415893555
29-03-1994,37.125,37.875,9000,38.0,37.125,30.71044921875
30-03-1994,35.875,37.125,103500,37.125,36.0,29.77982521057129
31-03-1994,34.75,35.75,138700,35.75,34.875,28.84920883178711
04-04-1994,34.0,34.625,77200,34.75,34.25,28.332202911376953
05-04-1994,33.875,34.25,73200,34.25,34.25,28.332202911376953
06-04-1994,34.1875,34.25,61000,35.25,35.25,29.15941619873047
07-04-1994,34.75,34.875,30200,35.5,35.125,29.0560245513916
08-04-1994,35.0,35.0,34600,35.125,35.125,29.0560245513916
11-04-1994,35.375,35.375,15300,35.625,35.625,29.469623565673828
12-04-1994,35.5,35.5,28200,35.875,35.625,29.469623565673828
13-04-1994,33.75,35.5,63000,35.625,33.75,27.9185848236084
14-04-1994,33.375,34.0,20600,34.0,33.5,27.7117862701416
15-04-1994,33.5,33.5,16800,34.0,34.0,28.125389099121094
18-04-1994,34.0,34.0,17700,34.375,34.375,28.43560028076172
19-04-1994,34.0,34.25,48200,34.375,34.125,28.228790283203125
20-04-1994,33.75,34.0,6600,34.125,33.75,27.9185848236084
21-04-1994,32.875,33.5,95400,33.5,33.25,27.504976272583008
22-04-1994,32.875,33.125,11000,33.375,33.25,27.504976272583008
25-04-1994,33.375,33.375,83100,34.0,33.75,27.9185848236084
26-04-1994,33.75,33.75,71000,34.0,33.75,27.9185848236084
28-04-1994,33.25,33.75,47600,33.75,33.25,27.504976272583008
29-04-1994,33.25,33.5,20200,33.5,33.25,27.504976272583008
02-05-1994,33.0,33.125,77400,33.5,33.0,27.298171997070312
03-05-1994,33.0,33.0,16400,33.375,33.0,27.298171997070312
04-05-1994,32.75,33.0,26200,33.0,33.0,27.298171997070312
05-05-1994,33.0,33.0,19000,33.0,33.0,27.298171997070312
06-05-1994,32.25,33.0,12900,33.0,32.25,26.67776870727539
09-05-1994,30.75,32.375,11800,32.375,30.875,25.540340423583984
10-05-1994,30.625,30.625,68700,31.0,31.0,25.64374351501465
11-05-1994,30.25,30.75,26000,30.75,30.25,25.054039001464844
12-05-1994,29.75,30.25,7600,30.25,29.75,24.639921188354492
13-05-1994,29.0,29.75,19000,29.75,29.0,24.018754959106445
16-05-1994,28.25,29.0,21000,29.0,28.25,23.397573471069336
17-05-1994,27.5,27.5,169800,28.875,28.875,23.915225982666016
18-05-1994,28.875,28.875,73000,29.875,29.875,24.743452072143555
19-05-1994,29.625,30.0,64000,30.0,29.625,24.53639793395996
20-05-1994,29.75,29.75,106700,30.0,30.0,24.84697723388672
23-05-1994,30.25,30.375,87600,30.5,30.375,25.15756607055664
24-05-1994,29.625,30.25,214800,30.25,29.75,24.639921188354492
25-05-1994,29.5,29.75,14500,29.75,29.625,24.53639793395996
26-05-1994,29.5,29.75,42900,29.75,29.625,24.53639793395996
27-05-1994,29.5,29.5,15900,29.5,29.5,24.432863235473633
31-05-1994,28.375,29.125,30500,29.125,28.375,23.5011043548584
01-06-1994,27.625,28.125,319100,28.25,28.25,23.397573471069336
02-06-1994,28.125,28.375,106900,28.5,28.375,23.5011043548584
03-06-1994,27.875,28.375,330600,28.375,28.125,23.294042587280273
06-06-1994,27.875,28.125,27900,28.125,28.0,23.19051742553711
07-06-1994,27.875,28.0,28200,28.0,27.875,23.08698844909668
08-06-1994,27.875,28.0,17100,28.0,28.0,23.19051742553711
09-06-1994,27.5,28.0,74800,28.0,27.5,22.776391983032227
10-06-1994,27.125,27.25,306500,27.75,27.75,22.983457565307617
13-06-1994,27.75,27.75,75500,28.0,27.875,23.08698844909668
14-06-1994,27.875,28.0,77400,28.375,27.875,23.08698844909668
15-06-1994,27.75,27.875,38200,28.25,27.75,22.983457565307617
16-06-1994,27.75,27.75,19900,28.5,28.5,23.604633331298828
17-06-1994,28.5,28.5,23600,28.625,28.625,23.70816421508789
20-06-1994,27.625,28.5,19800,28.5,27.625,22.879934310913086
21-06-1994,27.25,27.625,31800,27.75,27.375,22.67287254333496
22-06-1994,27.125,27.625,11600,27.625,27.25,22.569339752197266
23-06-1994,26.625,27.0,22800,27.125,26.75,22.15522575378418
24-06-1994,26.625,26.625,16200,26.875,26.625,22.05170249938965
27-06-1994,25.875,26.875,16300,26.875,26.0,21.534061431884766
28-06-1994,24.75,26.0,160800,26.0,24.875,20.602293014526367
29-06-1994,24.875,24.875,166100,25.375,25.375,21.01640510559082
30-06-1994,25.125,25.25,29100,25.375,25.125,20.809345245361328
01-07-1994,25.125,25.125,31400,26.125,25.75,21.326990127563477
05-07-1994,25.125,25.625,26200,25.75,25.375,21.01640510559082
06-07-1994,25.125,25.375,10600,25.375,25.125,20.809345245361328
07-07-1994,24.5,25.125,79100,25.125,24.625,20.395231246948242
08-07-1994,24.5,24.625,33200,24.75,24.625,20.395231246948242
11-07-1994,23.625,24.875,67000,24.875,23.875,19.77406120300293
12-07-1994,21.0,23.25,324400,23.25,21.0,17.392892837524414
13-07-1994,21.0,21.0,330900,21.5,21.5,17.807004928588867
14-07-1994,21.75,21.75,141300,22.5,22.25,18.428176879882812
15-07-1994,21.875,22.0,25100,22.25,21.875,18.117578506469727
18-07-1994,21.375,21.75,242100,21.75,21.5,17.807004928588867
19-07-1994,21.5,21.625,241400,21.75,21.5,17.807004928588867
20-07-1994,21.25,21.625,207300,21.625,21.5,17.807004928588867
21-07-1994,21.375,21.625,80700,21.625,21.5,17.807004928588867
22-07-1994,21.0,21.375,31900,21.5,21.0,17.392892837524414
25-07-1994,20.875,20.875,32200,21.0,21.0,17.392892837524414
26-07-1994,20.375,20.75,112000,20.75,20.5,16.978769302368164
27-07-1994,20.0,20.625,475900,20.625,20.0,16.564653396606445
28-07-1994,20.0,20.0,380700,20.5,20.125,16.668188095092773
29-07-1994,18.5,20.125,76700,20.125,18.875,15.632899284362793
01-08-1994,18.25,18.875,613200,18.875,18.5,15.322299003601074
02-08-1994,18.0,18.625,282800,18.625,18.0,14.908186912536621
03-08-1994,17.875,18.0,246900,18.0,18.0,14.908186912536621
04-08-1994,17.375,17.875,277300,18.5,18.5,15.322299003601074
05-08-1994,18.375,18.5,219300,19.75,19.0,15.73641300201416
08-08-1994,19.125,19.125,168700,19.75,19.5,16.150543212890625
09-08-1994,19.25,19.5,57600,19.625,19.25,15.943477630615234
10-08-1994,19.125,19.125,122300,19.5,19.375,16.078746795654297
11-08-1994,20.0,20.125,419400,20.5,20.125,16.70114517211914
12-08-1994,19.875,20.0,372800,20.125,20.0,16.597421646118164
15-08-1994,20.0,20.0,133700,20.875,20.875,17.323549270629883
16-08-1994,20.75,20.75,573300,21.375,21.125,17.53102684020996
17-08-1994,21.625,21.75,404000,22.375,21.875,18.153413772583008
18-08-1994,21.625,22.0,55900,22.0,21.625,17.94595718383789
19-08-1994,21.5,21.5,144000,22.125,22.125,18.36087989807129
22-08-1994,21.75,22.375,79900,22.375,21.875,18.153413772583008
23-08-1994,21.875,22.0,298300,22.125,22.0,18.25716209411621
24-08-1994,22.0,22.0,228700,22.875,22.875,18.983293533325195
25-08-1994,22.75,22.75,282900,23.75,22.75,18.879573822021484
26-08-1994,22.875,22.875,82100,23.5,23.375,19.39824104309082
29-08-1994,22.875,23.375,128000,23.375,23.0,19.087039947509766
30-08-1994,22.75,23.25,201200,23.25,22.875,18.983293533325195
31-08-1994,22.875,23.0,215200,23.25,23.125,19.190765380859375
01-09-1994,23.0,23.125,66800,23.125,23.125,19.190765380859375
02-09-1994,22.875,23.125,54900,23.125,23.0,19.087039947509766
06-09-1994,22.5,23.0,28700,23.0,23.0,19.087039947509766
07-09-1994,22.5,22.75,80300,22.75,22.75,18.879573822021484
08-09-1994,22.75,22.75,47800,23.75,23.625,19.605709075927734
09-09-1994,22.875,23.0,53600,23.125,22.875,18.983293533325195
12-09-1994,23.0,23.25,43100,23.25,23.125,19.190765380859375
13-09-1994,22.75,23.125,59200,23.25,23.0,19.087039947509766
14-09-1994,22.75,23.0,59000,23.0,22.875,18.983293533325195
15-09-1994,22.75,23.125,54400,23.25,23.25,19.29450225830078
16-09-1994,22.875,23.25,176900,23.25,23.125,19.190765380859375
19-09-1994,23.125,23.125,57000,23.5,23.5,19.50197410583496
20-09-1994,23.25,23.25,73200,23.5,23.5,19.50197410583496
21-09-1994,22.625,23.375,285400,23.5,22.75,18.879573822021484
22-09-1994,22.625,22.75,11600,22.75,22.75,18.879573822021484
23-09-1994,22.375,22.625,96500,22.75,22.5,18.67209243774414
26-09-1994,22.0,22.5,54100,22.5,22.0,18.25716209411621
27-09-1994,21.25,22.125,296200,22.125,21.5,17.842222213745117
28-09-1994,21.5,21.5,126400,21.875,21.75,18.04969596862793
29-09-1994,20.875,21.75,176900,21.875,20.875,17.323549270629883
30-09-1994,20.375,21.0,128300,21.125,20.625,17.116090774536133
03-10-1994,20.5,20.625,128600,20.625,20.5,17.01235580444336
04-10-1994,19.625,20.25,423000,20.5,20.125,16.70114517211914
05-10-1994,19.375,20.125,78400,20.125,19.375,16.078746795654297
06-10-1994,19.25,19.5,65900,19.5,19.25,15.975013732910156
07-10-1994,19.25,19.25,11500,19.5,19.375,16.078746795654297
10-10-1994,19.5,19.625,290600,20.25,19.875,16.49368667602539
11-10-1994,19.75,20.125,42800,20.375,19.75,16.389955520629883
12-10-1994,19.625,19.75,100200,19.75,19.75,16.389955520629883
13-10-1994,19.875,19.875,47000,20.5,20.0,16.597421646118164
14-10-1994,18.75,19.75,225100,20.0,18.75,15.560081481933594
17-10-1994,17.125,18.0,549600,18.375,17.5,14.522736549377441
18-10-1994,17.5,17.5,376900,18.375,18.25,15.145140647888184
19-10-1994,17.75,18.375,189700,18.375,17.875,14.83393669128418
20-10-1994,14.0,14.75,1821500,14.875,14.75,12.240599632263184
21-10-1994,14.375,14.875,507800,15.0,14.5,12.033129692077637
24-10-1994,14.375,14.5,305300,14.75,14.375,11.929396629333496
25-10-1994,14.3125,14.375,227600,14.875,14.75,12.240599632263184
26-10-1994,14.625,14.625,28800,14.875,14.75,12.240599632263184
27-10-1994,14.625,14.625,101800,14.875,14.75,12.240599632263184
28-10-1994,14.5,14.5,119900,14.75,14.625,12.136866569519043
31-10-1994,14.25,14.5,53600,14.5,14.375,11.929396629333496
01-11-1994,14.25,14.375,66000,14.75,14.625,12.136866569519043
02-11-1994,14.375,14.625,59500,14.625,14.5,12.033129692077637
03-11-1994,14.5,14.5,393600,14.75,14.625,12.136866569519043
04-11-1994,14.5,14.75,194200,14.75,14.5,12.033129692077637
07-11-1994,14.5,14.5,159500,14.875,14.875,12.344327926635742
08-11-1994,15.0,15.0,424000,15.5,15.0,12.448060035705566
09-11-1994,15.125,15.375,265200,15.375,15.25,12.655536651611328
10-11-1994,15.0,15.25,119800,15.25,15.0,12.448060035705566
11-11-1994,15.0,15.0,91400,15.25,15.25,12.655536651611328
14-11-1994,15.125,15.25,85100,15.375,15.375,12.759264945983887
15-11-1994,15.25,15.375,286600,15.625,15.375,12.759264945983887
16-11-1994,15.375,15.375,132400,15.875,15.75,13.070462226867676
17-11-1994,15.625,15.75,217400,16.125,15.625,12.9667329788208
18-11-1994,15.5,15.625,114500,15.75,15.5,12.863001823425293
21-11-1994,15.0,15.375,135900,15.5,15.125,12.551795959472656
22-11-1994,14.875,15.125,80200,15.125,15.125,12.551795959472656
23-11-1994,14.625,15.0,231400,15.0,15.0,12.448060035705566
25-11-1994,15.0,15.0,29300,15.0,15.0,12.448060035705566
28-11-1994,14.75,15.0,119600,15.125,15.125,12.551795959472656
29-11-1994,15.125,15.25,102500,15.75,15.75,13.070462226867676
30-11-1994,15.625,15.75,59500,15.875,15.875,13.17420482635498
01-12-1994,15.5,15.875,94800,15.875,15.5,12.863001823425293
02-12-1994,15.5,15.5,34900,16.25,16.25,13.485407829284668
05-12-1994,15.5,15.625,46800,15.75,15.625,12.997124671936035
06-12-1994,15.375,15.75,36800,15.75,15.5,12.893147468566895
07-12-1994,15.25,15.5,77800,15.5,15.25,12.685196876525879
08-12-1994,14.125,15.375,171700,15.375,14.125,11.749407768249512
09-12-1994,14.0,14.25,98600,14.5,14.25,11.85338020324707
12-12-1994,14.125,14.25,102300,14.75,14.125,11.749407768249512
13-12-1994,14.125,14.125,101900,14.5,14.5,12.061338424682617
14-12-1994,14.375,14.5,69800,14.625,14.5,12.061338424682617
15-12-1994,14.25,14.5,181600,14.625,14.375,11.957358360290527
16-12-1994,14.125,14.25,185600,14.5,14.5,12.061338424682617
19-12-1994,14.375,14.625,70100,15.25,15.125,12.581214904785156
20-12-1994,15.0,15.125,145900,15.375,15.375,12.789175033569336
21-12-1994,15.125,15.25,51500,15.75,15.25,12.685196876525879
22-12-1994,14.75,15.375,56500,15.5,15.125,12.581214904785156
23-12-1994,15.0,15.125,36100,15.5,15.375,12.789175033569336
27-12-1994,15.25,15.625,105800,15.75,15.75,13.10110092163086
28-12-1994,15.25,15.75,73000,15.75,15.375,12.789175033569336
29-12-1994,15.125,15.25,103900,15.625,15.625,12.997124671936035
30-12-1994,15.25,15.625,107500,16.25,15.25,12.685196876525879
03-01-1995,15.375,15.375,85300,16.125,15.875,13.205085754394531
04-01-1995,15.375,15.75,12000,15.875,15.5,12.893147468566895
05-01-1995,15.75,15.75,188900,16.125,16.0,13.309059143066406
06-01-1995,16.0,16.0,24700,16.25,16.125,13.413037300109863
09-01-1995,16.0,16.25,110000,16.375,16.125,13.413037300109863
10-01-1995,16.125,16.25,145700,16.375,16.125,13.413037300109863
11-01-1995,15.875,16.125,121900,16.125,15.875,13.205085754394531
12-01-1995,15.75,15.875,55600,16.0,15.75,13.10110092163086
13-01-1995,15.625,15.875,58900,15.875,15.625,12.997124671936035
16-01-1995,15.625,15.75,11700,15.875,15.75,13.10110092163086
17-01-1995,15.625,15.75,80300,15.75,15.75,13.10110092163086
18-01-1995,15.5,15.625,45100,15.625,15.625,12.997124671936035
19-01-1995,15.625,15.75,38800,15.875,15.625,12.997124671936035
20-01-1995,15.375,15.625,37100,15.625,15.375,12.789175033569336
23-01-1995,15.125,15.25,73100,15.625,15.5,12.893147468566895
24-01-1995,15.25,15.625,183600,15.625,15.375,12.789175033569336
25-01-1995,15.375,15.5,215300,16.125,15.875,13.205085754394531
26-01-1995,15.75,15.75,225100,16.0,15.875,13.205085754394531
27-01-1995,15.875,16.0,78000,16.25,16.0,13.309059143066406
30-01-1995,15.5,16.0,67100,16.0,15.625,12.997124671936035
31-01-1995,15.625,15.625,109700,15.875,15.75,13.10110092163086
01-02-1995,15.375,15.75,283600,15.875,15.5,12.893147468566895
02-02-1995,15.375,15.375,824000,16.25,15.875,13.205085754394531
03-02-1995,16.0,16.0,456000,16.625,16.5,13.72496509552002
06-02-1995,16.25,16.5,101700,16.5,16.375,13.620984077453613
07-02-1995,16.25,16.375,101300,16.375,16.375,13.620984077453613
08-02-1995,16.25,16.375,107100,16.375,16.375,13.620984077453613
09-02-1995,16.125,16.5,203600,16.5,16.125,13.413037300109863
10-02-1995,16.25,16.375,58700,16.375,16.375,13.620984077453613
13-02-1995,16.25,16.25,101400,16.5,16.5,13.72496509552002
14-02-1995,16.5,16.5,431000,18.0,18.0,14.97268295288086
15-02-1995,16.875,17.75,313000,17.75,17.25,14.34882926940918
16-02-1995,16.625,16.875,94500,17.0,17.0,14.140871047973633
17-02-1995,16.875,17.0,78500,17.0,16.875,14.036898612976074
21-02-1995,16.75,17.0,63900,17.0,17.0,14.140871047973633
22-02-1995,16.5,16.75,44700,16.875,16.75,13.932921409606934
23-02-1995,16.625,16.875,41800,16.875,16.75,13.932921409606934
24-02-1995,16.625,16.875,18500,16.875,16.625,13.828943252563477
27-02-1995,16.5,16.5,124000,16.875,16.625,13.828943252563477
28-02-1995,16.5,16.625,222300,16.875,16.75,13.932921409606934
01-03-1995,16.625,16.75,225000,17.625,17.125,14.24484634399414
02-03-1995,17.125,17.125,65300,17.5,17.5,14.556783676147461
03-03-1995,17.125,17.5,48900,17.5,17.375,14.452807426452637
06-03-1995,17.0,17.125,14600,17.25,17.25,14.380282402038574
07-03-1995,17.0,17.25,122600,17.25,17.125,14.276074409484863
08-03-1995,17.375,17.625,308100,17.75,17.375,14.484484672546387
09-03-1995,17.375,17.5,23900,17.625,17.5,14.588689804077148
10-03-1995,17.375,17.625,30600,17.75,17.625,14.692893028259277
13-03-1995,17.375,17.625,30900,17.75,17.375,14.484484672546387
14-03-1995,17.375,17.5,46400,17.75,17.5,14.588689804077148
15-03-1995,17.25,17.5,85800,17.625,17.375,14.484484672546387
16-03-1995,16.875,17.25,96800,17.25,17.0,14.17186450958252
17-03-1995,16.875,17.0,234700,17.375,16.875,14.067663192749023
20-03-1995,16.875,16.875,41700,17.125,17.0,14.17186450958252
21-03-1995,16.75,16.75,44300,17.0,16.875,14.067663192749023
22-03-1995,16.625,16.75,14600,16.875,16.75,13.963457107543945
23-03-1995,16.5,16.875,30800,16.875,16.5,13.755049705505371
24-03-1995,16.375,16.5,58600,16.75,16.75,13.963457107543945
27-03-1995,16.125,16.5,39800,16.5,16.25,13.546639442443848
28-03-1995,16.25,16.25,48000,16.5,16.375,13.65084171295166
29-03-1995,15.875,16.25,71500,16.375,16.0,13.338229179382324
30-03-1995,16.0,16.0,180200,16.25,16.125,13.442432403564453
31-03-1995,15.75,16.0,60400,16.125,15.75,13.129820823669434
03-04-1995,15.25,15.625,314800,15.75,15.25,12.713003158569336
04-04-1995,15.125,15.25,160500,15.375,15.125,12.608794212341309
05-04-1995,15.25,15.25,166000,15.875,15.875,13.234028816223145
06-04-1995,15.5,15.875,79400,16.0,15.75,13.129820823669434
07-04-1995,15.625,15.875,17800,16.0,15.625,13.02561092376709
10-04-1995,15.5,15.5,45200,16.0,15.5,12.921408653259277
11-04-1995,15.25,15.625,37600,15.75,15.75,13.129820823669434
12-04-1995,15.125,15.625,76600,15.75,15.125,12.608794212341309
13-04-1995,15.125,15.375,86400,15.5,15.375,12.817205429077148
17-04-1995,15.375,15.5,97800,15.625,15.625,13.02561092376709
18-04-1995,15.25,15.5,50200,15.625,15.25,12.713003158569336
19-04-1995,15.25,15.5,100100,15.5,15.25,12.713003158569336
20-04-1995,15.25,15.375,122500,15.5,15.375,12.817205429077148
21-04-1995,15.125,15.375,130900,15.375,15.25,12.713003158569336
24-04-1995,15.0,15.25,152700,15.5,15.0,12.504590034484863
25-04-1995,15.0,15.25,168000,15.5,15.375,12.817205429077148
26-04-1995,15.125,15.375,95700,15.5,15.375,12.817205429077148
27-04-1995,15.125,15.25,111000,15.5,15.375,12.817205429077148
28-04-1995,15.125,15.25,74300,15.375,15.375,12.817205429077148
01-05-1995,14.875,15.25,56100,15.25,15.0,12.504590034484863
02-05-1995,14.625,14.75,28100,15.0,14.875,12.400386810302734
03-05-1995,14.875,15.0,22100,15.125,15.125,12.608794212341309
04-05-1995,14.75,15.25,135400,15.5,14.75,12.296181678771973
05-05-1995,14.625,14.875,35200,15.0,14.75,12.296181678771973
08-05-1995,14.625,14.75,45200,15.125,15.0,12.504590034484863
09-05-1995,14.875,15.0,59500,15.25,15.0,12.504590034484863
10-05-1995,14.625,15.125,49900,15.125,14.875,12.400386810302734
11-05-1995,14.625,14.875,161800,14.875,14.75,12.296181678771973
12-05-1995,14.75,14.75,167800,15.0,14.875,12.400386810302734
15-05-1995,14.875,15.125,145900,15.375,15.25,12.713003158569336
16-05-1995,14.875,15.25,297100,15.25,15.25,12.713003158569336
17-05-1995,15.125,15.375,56400,15.5,15.5,12.921408653259277
18-05-1995,15.125,15.5,52900,15.5,15.125,12.608794212341309
19-05-1995,14.75,15.125,29700,15.125,15.125,12.608794212341309
22-05-1995,14.75,15.0,27600,15.125,15.0,12.504590034484863
23-05-1995,14.625,14.75,202200,15.125,15.125,12.608794212341309
24-05-1995,14.875,15.25,104900,15.25,15.25,12.713003158569336
25-05-1995,15.0,15.0,117100,15.5,15.375,12.817205429077148
26-05-1995,14.75,15.125,229900,15.375,14.75,12.296181678771973
30-05-1995,14.625,14.875,28800,15.0,15.0,12.504590034484863
31-05-1995,14.625,15.0,65800,15.25,15.25,12.713003158569336
01-06-1995,14.875,15.125,121400,15.125,15.0,12.535826683044434
02-06-1995,14.75,15.125,43400,15.25,15.0,12.535826683044434
05-06-1995,14.875,15.125,32400,15.25,15.0,12.567246437072754
06-06-1995,14.75,15.125,25300,15.125,15.0,12.567246437072754
07-06-1995,14.75,15.125,41900,15.125,14.75,12.357791900634766
08-06-1995,14.25,14.75,1489300,14.75,14.375,12.043614387512207
09-06-1995,14.375,14.375,44400,14.625,14.625,12.253072738647461
12-06-1995,14.5,14.5,74100,14.75,14.75,12.357791900634766
13-06-1995,14.75,14.75,15000,15.0,14.875,12.462519645690918
14-06-1995,14.875,15.0,70600,15.125,15.125,12.671972274780273
15-06-1995,14.75,15.25,21800,15.25,15.0,12.567246437072754
16-06-1995,14.75,15.0,34800,15.125,15.125,12.671972274780273
19-06-1995,14.5,14.875,111000,14.875,14.5,12.148338317871094
20-06-1995,14.25,14.75,60800,14.875,14.25,11.938880920410156
21-06-1995,14.25,14.375,81400,14.75,14.625,12.253072738647461
22-06-1995,14.375,14.75,178800,14.875,14.875,12.462519645690918
23-06-1995,14.5,14.875,60100,14.875,14.5,12.148338317871094
26-06-1995,14.375,14.625,136900,14.625,14.5,12.148338317871094
27-06-1995,14.0,14.375,100600,14.5,14.0,11.729430198669434
28-06-1995,14.25,14.375,108500,14.75,14.75,12.357791900634766
29-06-1995,14.375,14.75,35400,14.75,14.75,12.357791900634766
30-06-1995,14.5,14.75,91800,15.5,15.5,12.986148834228516
03-07-1995,15.375,15.5,12900,15.625,15.375,12.881426811218262
05-07-1995,14.875,15.5,36700,15.5,14.875,12.462519645690918
06-07-1995,15.125,15.125,51500,15.5,15.5,12.986148834228516
07-07-1995,15.375,15.375,88500,15.875,15.75,13.19560718536377
10-07-1995,15.625,15.875,82000,15.875,15.625,13.090880393981934
11-07-1995,15.375,15.75,85400,15.75,15.625,13.090880393981934
12-07-1995,15.25,15.625,39300,15.625,15.5,12.986148834228516
13-07-1995,15.5,15.5,56300,15.75,15.625,13.090880393981934
14-07-1995,15.625,15.75,154400,16.625,16.625,13.92869758605957
17-07-1995,16.5,16.875,196000,17.0,16.875,14.138151168823242
18-07-1995,16.25,16.875,131800,16.875,16.375,13.719242095947266
19-07-1995,15.875,16.5,46000,16.5,15.875,13.30034065246582
20-07-1995,16.0,16.0,103800,16.375,16.375,13.719242095947266
21-07-1995,16.25,16.375,50900,16.5,16.25,13.614516258239746
24-07-1995,16.0,16.375,83800,16.375,16.0,13.405058860778809
25-07-1995,15.875,16.125,52000,16.125,15.875,13.30034065246582
26-07-1995,15.75,15.875,42300,15.875,15.75,13.19560718536377
27-07-1995,15.75,15.875,469400,16.0,15.75,13.19560718536377
28-07-1995,15.75,15.75,134300,15.875,15.875,13.30034065246582
31-07-1995,15.75,15.75,60000,15.875,15.75,13.19560718536377
01-08-1995,15.5,15.5,68300,15.625,15.5,12.986148834228516
02-08-1995,15.5,15.75,135300,15.75,15.5,12.986148834228516
03-08-1995,15.0,15.25,105400,15.5,15.375,12.881426811218262
04-08-1995,15.25,15.375,50200,15.375,15.25,12.77669906616211
07-08-1995,15.25,15.625,65200,15.625,15.25,12.77669906616211
08-08-1995,15.375,15.5,32400,15.875,15.5,12.986148834228516
09-08-1995,15.0,15.5,89200,15.5,15.0,12.567246437072754
10-08-1995,14.875,14.875,51000,15.0,15.0,12.599164962768555
11-08-1995,14.75,15.0,17300,15.0,14.75,12.389178276062012
14-08-1995,14.625,15.0,41800,15.125,15.125,12.704155921936035
15-08-1995,15.0,15.125,141100,15.375,15.25,12.809149742126465
16-08-1995,14.875,15.0,54800,15.125,15.0,12.599164962768555
17-08-1995,15.0,15.125,105100,15.375,15.25,12.809149742126465
18-08-1995,15.25,15.375,167900,15.625,15.5,13.019129753112793
21-08-1995,15.375,15.625,283300,15.75,15.75,13.229120254516602
22-08-1995,15.375,15.75,53100,15.75,15.5,13.019129753112793
23-08-1995,15.0,15.5,141500,15.5,15.125,12.704155921936035
24-08-1995,15.0,15.125,73700,15.125,15.0,12.599164962768555
25-08-1995,15.0,15.125,68200,15.25,15.125,12.704155921936035
28-08-1995,15.0,15.125,19800,15.125,15.0,12.599164962768555
29-08-1995,14.375,15.25,123700,15.25,14.75,12.389178276062012
30-08-1995,14.5,14.75,45600,14.875,14.625,12.284189224243164
31-08-1995,14.5,14.625,37000,14.75,14.75,12.421028137207031
01-09-1995,14.375,14.875,33400,14.875,14.375,12.105242729187012
05-09-1995,14.25,14.375,57400,14.625,14.25,11.999974250793457
06-09-1995,14.25,14.5,85900,14.625,14.25,11.999974250793457
07-09-1995,14.125,14.375,133400,14.75,14.625,12.315770149230957
08-09-1995,14.0,14.0,136100,14.625,14.625,12.315770149230957
11-09-1995,14.5,14.625,132300,14.625,14.625,12.315770149230957
12-09-1995,14.5,14.625,80900,14.625,14.625,12.315770149230957
13-09-1995,14.25,14.5,41000,14.625,14.375,12.105242729187012
14-09-1995,11.5,11.5,2494000,12.25,11.75,9.894718170166016
15-09-1995,11.5,11.875,510400,11.875,11.625,9.78945541381836
18-09-1995,11.5,11.75,347200,11.75,11.5,9.68419075012207
19-09-1995,11.375,11.5,195200,11.625,11.625,9.78945541381836
20-09-1995,11.5,11.625,82300,12.0,12.0,10.105237007141113
21-09-1995,11.75,12.0,97300,12.25,12.0,10.105237007141113
22-09-1995,11.875,11.875,78200,12.125,12.125,10.210502624511719
25-09-1995,11.5,12.0,118700,12.125,11.5,9.68419075012207
26-09-1995,11.5,11.625,115900,11.875,11.75,9.894718170166016
27-09-1995,11.625,11.75,41500,11.875,11.75,9.894718170166016
28-09-1995,11.625,11.875,69200,11.875,11.625,9.78945541381836
29-09-1995,11.375,11.75,143700,11.75,11.5,9.68419075012207
02-10-1995,11.0,11.5,56600,11.5,11.0,9.263138771057129
03-10-1995,11.0,11.125,85300,11.125,11.125,9.368398666381836
04-10-1995,10.125,11.125,55800,11.125,10.5,8.842085838317871
05-10-1995,10.125,10.25,64000,10.75,10.75,9.0526123046875
06-10-1995,10.375,10.625,28000,10.75,10.5,8.842085838317871
09-10-1995,10.25,10.5,45800,10.5,10.5,8.842085838317871
10-10-1995,10.25,10.5,55200,10.5,10.375,8.73681640625
11-10-1995,10.25,10.375,66900,10.5,10.375,8.73681640625
12-10-1995,10.5,10.5,81600,10.875,10.75,9.0526123046875
13-10-1995,10.875,10.875,105600,11.25,11.0,9.263138771057129
16-10-1995,11.0,11.125,84800,11.375,11.0,9.263138771057129
17-10-1995,10.75,11.125,83400,11.125,11.0,9.263138771057129
18-10-1995,10.625,10.875,84100,11.125,10.625,8.94735050201416
19-10-1995,10.375,10.75,48300,10.75,10.375,8.73681640625
20-10-1995,9.875,10.375,117100,10.375,10.125,8.52629566192627
23-10-1995,10.0,10.125,55800,10.25,10.125,8.52629566192627
24-10-1995,9.625,10.125,118300,10.25,9.875,8.31577205657959
25-10-1995,9.125,10.0,224600,10.0,9.625,8.105244636535645
26-10-1995,9.5,9.625,262500,9.875,9.875,8.31577205657959
27-10-1995,9.625,9.625,275200,10.375,10.375,8.73681640625
30-10-1995,10.375,10.375,165500,10.5,10.375,8.73681640625
31-10-1995,10.125,10.5,70500,10.5,10.125,8.52629566192627
01-11-1995,10.0,10.25,48800,10.25,10.25,8.631559371948242
02-11-1995,10.125,10.375,58400,10.875,10.625,8.94735050201416
03-11-1995,10.5,10.625,31600,10.75,10.75,9.0526123046875
06-11-1995,10.625,10.625,74300,11.25,11.0,9.263138771057129
07-11-1995,10.875,11.125,26100,11.125,10.875,9.157875061035156
08-11-1995,10.75,10.75,31400,11.25,11.25,9.506882667541504
09-11-1995,11.125,11.25,61400,11.375,11.25,9.538679122924805
10-11-1995,11.0,11.125,41300,11.375,11.0,9.326706886291504
13-11-1995,11.0,11.0,16400,11.375,11.0,9.326706886291504
14-11-1995,10.875,11.375,79100,11.75,10.875,9.220723152160645
15-11-1995,10.875,11.0,21300,11.125,11.125,9.432693481445312
16-11-1995,11.125,11.25,30400,11.375,11.375,9.644665718078613
17-11-1995,11.25,11.25,58200,11.375,11.375,9.644665718078613
20-11-1995,11.0,11.25,49900,11.25,11.0,9.326706886291504
21-11-1995,10.875,11.0,51100,11.125,11.0,9.326706886291504
22-11-1995,10.625,10.875,59300,11.0,10.75,9.114739418029785
24-11-1995,10.75,10.875,6700,10.875,10.875,9.220723152160645
27-11-1995,10.5,10.875,77200,10.875,10.625,9.00875186920166
28-11-1995,10.125,10.625,95500,10.75,10.125,8.584805488586426
29-11-1995,10.125,10.25,43600,10.5,10.375,8.796775817871094
30-11-1995,10.125,10.375,80300,10.5,10.375,8.796775817871094
01-12-1995,10.0,10.25,107000,10.625,10.5,8.9027681350708
04-12-1995,10.25,10.375,57900,10.5,10.25,8.690799713134766
05-12-1995,10.0,10.25,72500,10.375,10.125,8.584805488586426
06-12-1995,10.0,10.375,95400,10.375,10.125,8.584805488586426
07-12-1995,9.875,10.0,111200,10.125,10.0,8.478829383850098
08-12-1995,9.875,9.875,217100,10.0,9.875,8.372842788696289
11-12-1995,9.75,10.0,135100,10.25,10.125,8.584805488586426
12-12-1995,10.0,10.25,42100,10.25,10.25,8.690799713134766
13-12-1995,10.0,10.125,123900,10.25,10.125,8.584805488586426
14-12-1995,10.0,10.125,39500,10.25,10.125,8.584805488586426
15-12-1995,9.75,10.125,67100,10.125,9.75,8.266855239868164
18-12-1995,9.5,9.75,40300,9.75,9.625,8.160869598388672
19-12-1995,9.25,9.5,262400,9.625,9.5,8.054882049560547
20-12-1995,9.375,9.5,190500,10.125,10.0,8.478829383850098
21-12-1995,9.5,9.875,77500,9.875,9.625,8.160869598388672
22-12-1995,9.5,9.625,53200,9.875,9.75,8.266855239868164
26-12-1995,9.625,9.625,59900,9.875,9.875,8.372842788696289
27-12-1995,9.625,9.75,65600,9.875,9.625,8.160869598388672
28-12-1995,9.75,9.75,172900,10.25,10.0,8.478829383850098
29-12-1995,9.5,10.0,177700,10.0,9.875,8.372842788696289
02-01-1996,9.5,9.75,38800,9.75,9.5,8.054882049560547
03-01-1996,9.625,9.625,35900,10.0,9.875,8.372842788696289
04-01-1996,9.875,9.875,397900,11.125,10.875,9.220723152160645
05-01-1996,10.0,10.75,74200,10.75,10.0,8.478829383850098
08-01-1996,10.125,10.125,17100,10.25,10.25,8.690799713134766
09-01-1996,9.875,10.125,32200,10.25,10.0,8.478829383850098
10-01-1996,9.875,10.0,30400,10.25,10.25,8.690799713134766
11-01-1996,10.0,10.125,20800,10.125,10.0,8.478829383850098
12-01-1996,9.9375,10.0,22200,10.0,10.0,8.478829383850098
15-01-1996,9.75,9.875,229000,10.0,9.875,8.372842788696289
16-01-1996,9.875,10.0,128400,10.125,10.125,8.584805488586426
17-01-1996,9.875,10.125,75400,10.125,10.0,8.478829383850098
18-01-1996,9.875,10.0,36200,10.125,10.125,8.584805488586426
19-01-1996,10.125,10.125,109600,10.375,10.375,8.796775817871094
22-01-1996,10.5,11.0,154200,11.0,10.625,9.00875186920166
23-01-1996,10.375,10.5,124400,10.75,10.375,8.796775817871094
24-01-1996,9.875,10.375,83300,10.375,10.0,8.478829383850098
25-01-1996,9.875,9.875,127500,10.25,10.25,8.690799713134766
26-01-1996,10.0,10.25,144800,10.25,10.0,8.478829383850098
29-01-1996,10.0,10.0,204100,10.375,10.25,8.690799713134766
30-01-1996,10.125,10.125,54000,10.375,10.375,8.796775817871094
31-01-1996,10.25,10.375,46100,10.5,10.5,8.9027681350708
01-02-1996,10.375,10.625,95800,10.625,10.5,8.9027681350708
02-02-1996,10.375,10.5,32200,10.75,10.5,8.9027681350708
05-02-1996,10.375,10.5,25100,10.5,10.375,8.796775817871094
06-02-1996,10.375,10.375,30900,10.625,10.625,9.00875186920166
07-02-1996,10.5,10.75,47500,10.75,10.5,8.934297561645508
08-02-1996,10.5,10.75,22700,10.75,10.625,9.040655136108398
09-02-1996,10.5,10.5,373700,11.125,10.75,9.14702033996582
12-02-1996,10.5,10.875,56100,10.875,10.5,8.934297561645508
13-02-1996,10.375,10.625,46100,10.625,10.5,8.934297561645508
14-02-1996,10.375,10.375,29200,10.5,10.375,8.827939987182617
15-02-1996,10.25,10.5,131700,10.5,10.25,8.721573829650879
16-02-1996,10.0,10.125,42900,10.25,10.125,8.615215301513672
20-02-1996,10.0,10.0,18300,10.125,10.125,8.615215301513672
21-02-1996,9.875,10.0,111300,10.125,10.0,8.508859634399414
22-02-1996,10.0,10.0,200400,10.375,10.125,8.615215301513672
23-02-1996,10.125,10.125,48500,10.625,10.5,8.934297561645508
26-02-1996,10.5,10.5,40000,10.5,10.5,8.934297561645508
27-02-1996,10.25,10.5,29700,10.5,10.375,8.827939987182617
28-02-1996,10.25,10.5,14300,10.625,10.25,8.721573829650879
29-02-1996,9.625,10.25,71300,10.375,9.875,8.402494430541992
01-03-1996,9.5,10.0,53100,10.0,9.625,8.189776420593262
04-03-1996,9.75,9.75,24900,10.125,10.125,8.615215301513672
05-03-1996,10.0,10.125,75800,10.75,10.75,9.14702033996582
06-03-1996,10.75,10.75,145900,11.25,11.0,9.359742164611816
07-03-1996,11.0,11.0,55200,11.625,11.375,9.678826332092285
08-03-1996,10.625,11.375,44000,11.375,10.625,9.040655136108398
11-03-1996,10.25,10.75,38000,10.75,10.75,9.14702033996582
12-03-1996,10.625,10.875,17600,10.875,10.75,9.14702033996582
13-03-1996,10.375,10.625,13500,10.75,10.75,9.179471015930176
14-03-1996,10.625,10.875,36500,10.875,10.625,9.072725296020508
15-03-1996,10.625,10.625,47500,11.125,11.125,9.499686241149902
18-03-1996,11.0,11.0,33700,11.25,11.25,9.60642147064209
19-03-1996,10.875,11.125,17900,11.375,11.125,9.499686241149902
20-03-1996,11.0,11.25,26800,11.25,11.125,9.499686241149902
21-03-1996,11.125,11.125,41900,11.25,11.125,9.499686241149902
22-03-1996,11.125,11.375,42100,11.375,11.125,9.499686241149902
25-03-1996,11.125,11.25,37800,11.375,11.25,9.60642147064209
26-03-1996,11.125,11.25,55600,11.375,11.125,9.499686241149902
27-03-1996,11.125,11.125,20500,11.375,11.375,9.71316146850586
28-03-1996,11.25,11.375,12300,11.375,11.375,9.71316146850586
29-03-1996,11.25,11.25,89200,11.875,11.75,10.033376693725586
01-04-1996,11.875,11.875,42100,12.25,12.125,10.353584289550781
02-04-1996,12.0,12.0,103900,13.5,12.875,10.994016647338867
03-04-1996,12.75,12.875,44500,13.0,12.875,10.994016647338867
04-04-1996,12.875,12.875,73700,13.625,13.375,11.420967102050781
08-04-1996,12.875,13.125,51400,13.125,12.875,10.994016647338867
09-04-1996,12.75,12.875,27300,13.5,13.125,11.207493782043457
10-04-1996,12.5,13.0,42400,13.0,12.5,10.67380142211914
11-04-1996,12.5,12.625,29300,13.25,13.25,11.314229011535645
12-04-1996,13.0,13.25,25700,13.375,13.0,11.100753784179688
15-04-1996,12.75,12.875,21400,13.125,13.125,11.207493782043457
16-04-1996,12.875,13.125,7500,13.125,12.875,10.994016647338867
17-04-1996,12.5,13.0,43000,13.125,12.5,10.67380142211914
18-04-1996,12.375,12.625,37900,12.625,12.5,10.67380142211914
19-04-1996,12.5,12.5,50700,12.75,12.75,10.887279510498047
22-04-1996,12.75,12.875,7200,12.875,12.75,10.887279510498047
23-04-1996,12.625,12.75,20200,12.75,12.625,10.780537605285645
24-04-1996,12.625,12.625,15000,12.75,12.625,10.780537605285645
25-04-1996,12.75,12.75,78400,13.0,13.0,11.100753784179688
26-04-1996,13.0,13.125,16700,13.25,13.125,11.207493782043457
29-04-1996,13.0,13.125,13700,13.125,13.0,11.100753784179688
30-04-1996,13.0,13.0,17500,13.375,13.25,11.314229011535645
01-05-1996,13.25,13.25,17400,13.625,13.5,11.527708053588867
02-05-1996,13.125,13.5,8700,13.5,13.125,11.207493782043457
03-05-1996,12.875,13.125,18900,13.125,13.0,11.100753784179688
06-05-1996,13.0,13.0,23300,13.0,13.0,11.100753784179688
07-05-1996,12.75,13.0,11900,13.0,12.875,10.994016647338867
08-05-1996,12.625,12.625,24800,12.875,12.875,10.994016647338867
09-05-1996,12.875,12.875,28400,13.125,13.0,11.100753784179688
10-05-1996,13.125,13.125,58200,13.875,13.875,11.847923278808594
13-05-1996,13.75,13.75,31600,14.0,13.875,11.847923278808594
14-05-1996,13.875,13.875,127700,14.5,14.5,12.381612777709961
15-05-1996,13.75,14.125,101100,14.125,13.875,11.847923278808594
16-05-1996,13.75,14.0,24600,14.0,13.75,11.741181373596191
17-05-1996,13.5,13.5,14800,13.625,13.625,11.634444236755371
20-05-1996,13.0,13.5,41700,13.5,13.25,11.314229011535645
21-05-1996,13.125,13.125,38200,13.375,13.25,11.314229011535645
22-05-1996,12.625,13.0,81600,13.125,12.625,10.780537605285645
23-05-1996,12.75,12.75,24500,13.0,13.0,11.100753784179688
24-05-1996,13.125,13.125,21100,13.375,13.125,11.207493782043457
28-05-1996,13.125,13.125,8000,13.375,13.375,11.420967102050781
29-05-1996,13.125,13.125,94700,13.375,13.25,11.314229011535645
30-05-1996,13.25,13.25,40200,13.5,13.375,11.420967102050781
31-05-1996,13.375,13.375,46800,13.5,13.375,11.420967102050781
03-06-1996,13.0,13.25,18900,13.25,13.125,11.207493782043457
04-06-1996,13.0,13.125,26800,13.375,13.375,11.45412826538086
05-06-1996,13.25,13.25,34500,13.625,13.625,11.66822624206543
06-06-1996,13.625,13.875,18700,14.0,13.75,11.775273323059082
07-06-1996,13.5,13.625,3300,13.625,13.625,11.66822624206543
10-06-1996,12.75,13.5,35700,13.5,12.875,11.02593994140625
11-06-1996,12.875,13.0,9200,13.0,13.0,11.132986068725586
12-06-1996,12.75,12.75,35000,13.0,12.875,11.02593994140625
13-06-1996,12.5,12.875,19500,13.0,13.0,11.132986068725586
14-06-1996,12.625,12.875,10500,13.125,12.625,10.811844825744629
17-06-1996,12.75,12.75,18700,13.125,13.125,11.240036964416504
18-06-1996,13.125,13.375,24300,13.375,13.125,11.240036964416504
19-06-1996,12.625,13.125,12200,13.25,12.75,10.918890953063965
20-06-1996,12.5,12.75,37400,12.75,12.625,10.811844825744629
21-06-1996,12.625,12.75,22600,12.75,12.75,10.918890953063965
24-06-1996,12.625,12.625,20500,13.0,12.875,11.02593994140625
25-06-1996,12.625,12.875,11300,13.0,12.625,10.811844825744629
26-06-1996,12.5,12.75,10200,12.875,12.5,10.704793930053711
27-06-1996,12.25,12.25,35300,12.5,12.375,10.597745895385742
28-06-1996,12.625,12.75,45000,12.875,12.75,10.918890953063965
01-07-1996,12.75,12.75,13000,13.125,13.0,11.132986068725586
02-07-1996,13.0,13.0,19400,13.125,13.0,11.132986068725586
03-07-1996,12.875,13.0,101100,13.0,13.0,11.132986068725586
05-07-1996,12.25,12.625,17700,12.625,12.25,10.490700721740723
08-07-1996,12.25,12.25,6500,12.625,12.625,10.811844825744629
09-07-1996,12.25,12.5,17100,12.625,12.25,10.490700721740723
10-07-1996,12.1875,12.25,36600,12.375,12.25,10.490700721740723
11-07-1996,11.25,12.25,72600,12.25,11.625,9.955458641052246
12-07-1996,11.625,11.75,45900,12.0,11.75,10.06251049041748
15-07-1996,11.25,11.875,24600,11.875,11.375,9.741365432739258
16-07-1996,11.0,11.25,13000,11.375,11.375,9.741365432739258
17-07-1996,11.0,11.25,29200,11.375,11.125,9.527266502380371
18-07-1996,11.125,11.125,17000,11.375,11.25,9.634317398071289
19-07-1996,11.125,11.25,34200,11.25,11.125,9.527266502380371
22-07-1996,11.0,11.25,41500,11.25,11.0,9.42021656036377
23-07-1996,11.125,11.125,17100,11.25,11.125,9.527266502380371
24-07-1996,11.0,11.0,28200,11.125,11.0,9.42021656036377
25-07-1996,11.0,11.0,29200,11.125,11.0,9.42021656036377
26-07-1996,11.0,11.0,27500,11.25,11.125,9.527266502380371
29-07-1996,11.0,11.125,22300,11.25,11.125,9.527266502380371
30-07-1996,10.875,11.125,27200,11.125,11.0,9.42021656036377
31-07-1996,10.75,10.875,28100,11.0,10.75,9.206124305725098
01-08-1996,11.0,11.0,10500,11.25,11.125,9.527266502380371
02-08-1996,10.75,11.125,158900,11.125,11.0,9.42021656036377
05-08-1996,10.75,10.875,11800,10.875,10.75,9.206124305725098
06-08-1996,10.625,10.75,18100,10.75,10.75,9.206124305725098
07-08-1996,10.625,10.875,21100,11.0,10.625,9.09907341003418
08-08-1996,10.5,10.5,28000,10.625,10.625,9.131732940673828
09-08-1996,10.375,10.625,18600,10.625,10.375,8.9168701171875
12-08-1996,10.25,10.375,22000,10.5,10.5,9.024299621582031
13-08-1996,10.5,10.5,64000,10.625,10.5,9.024299621582031
14-08-1996,10.375,10.4375,59600,10.625,10.625,9.131732940673828
15-08-1996,10.5,10.5,20500,10.75,10.75,9.239168167114258
16-08-1996,10.625,10.75,8300,10.875,10.875,9.346604347229004
19-08-1996,10.5,10.625,85200,10.75,10.75,9.239168167114258
20-08-1996,10.5,10.875,26500,10.875,10.625,9.131732940673828
21-08-1996,10.5,10.5,166900,10.75,10.625,9.131732940673828
22-08-1996,10.5,10.75,26100,10.875,10.875,9.346604347229004
23-08-1996,10.75,10.875,13200,10.875,10.875,9.346604347229004
26-08-1996,10.625,10.625,5100,10.75,10.75,9.239168167114258
27-08-1996,10.5,10.625,12900,10.75,10.75,9.239168167114258
28-08-1996,10.5,10.625,4100,10.75,10.75,9.239168167114258
29-08-1996,10.625,10.625,4500,10.75,10.75,9.239168167114258
30-08-1996,10.625,10.75,1300,10.75,10.625,9.131732940673828
03-09-1996,10.5,10.625,13900,10.75,10.625,9.131732940673828
04-09-1996,10.5,10.5,23800,10.875,10.75,9.239168167114258
05-09-1996,10.75,10.75,786500,11.875,11.5,9.883763313293457
06-09-1996,11.5,11.625,49600,11.75,11.625,9.991193771362305
09-09-1996,11.5,11.625,22500,11.75,11.5,9.883763313293457
10-09-1996,10.875,11.375,22700,11.375,10.875,9.346604347229004
11-09-1996,10.875,10.875,16200,11.25,11.25,9.668898582458496
12-09-1996,11.0,11.125,9600,11.25,11.25,9.668898582458496
13-09-1996,11.125,11.125,55400,11.75,11.75,10.098627090454102
16-09-1996,11.5,11.75,19900,11.75,11.625,9.991193771362305
17-09-1996,11.375,11.375,8700,11.5,11.5,9.883763313293457
18-09-1996,11.0,11.375,28700,11.375,11.125,9.561463356018066
19-09-1996,11.0,11.25,19400,11.25,11.125,9.561463356018066
20-09-1996,11.0,11.0,35400,11.5,11.5,9.883763313293457
23-09-1996,11.125,11.375,10800,11.375,11.25,9.668898582458496
24-09-1996,11.0,11.125,25400,11.375,11.125,9.561463356018066
25-09-1996,11.0,11.0,18400,11.375,11.25,9.668898582458496
26-09-1996,11.0,11.25,31000,11.25,11.125,9.561463356018066
27-09-1996,11.0,11.0,261000,11.25,11.25,9.668898582458496
30-09-1996,11.0,11.125,34000,11.25,11.125,9.561463356018066
01-10-1996,11.125,11.25,16200,11.375,11.25,9.668898582458496
02-10-1996,11.0,11.25,33600,11.25,11.125,9.561463356018066
03-10-1996,11.0,11.0,14800,11.25,11.125,9.561463356018066
04-10-1996,11.125,11.125,29600,11.625,11.5,9.883763313293457
07-10-1996,11.375,11.375,37800,11.75,11.5,9.883763313293457
08-10-1996,11.5,11.5,104200,11.625,11.625,9.991193771362305
09-10-1996,11.25,11.375,57000,11.75,11.5,9.883763313293457
10-10-1996,11.25,11.375,15700,11.5,11.25,9.668898582458496
11-10-1996,11.125,11.25,21900,11.375,11.125,9.561463356018066
14-10-1996,11.125,11.25,12200,11.375,11.25,9.668898582458496
15-10-1996,11.375,11.375,48200,11.625,11.375,9.776325225830078
16-10-1996,11.375,11.5,15200,11.625,11.375,9.776325225830078
17-10-1996,11.375,11.5,5500,11.5,11.5,9.883763313293457
18-10-1996,11.375,11.5,18100,11.5,11.5,9.883763313293457
21-10-1996,11.25,11.5,12200,11.5,11.25,9.668898582458496
22-10-1996,10.8125,11.25,331800,11.25,11.125,9.561463356018066
23-10-1996,11.0,11.25,75900,11.375,11.0,9.454031944274902
24-10-1996,11.0,11.0,14300,11.0,11.0,9.454031944274902
25-10-1996,10.875,11.0,10300,11.0,11.0,9.454031944274902
28-10-1996,10.875,10.875,139200,11.25,11.125,9.561463356018066
29-10-1996,10.75,11.0,96500,11.0,10.75,9.239168167114258
30-10-1996,10.75,10.75,11900,11.0,10.875,9.346604347229004
31-10-1996,10.875,10.875,133200,11.0,11.0,9.454031944274902
01-11-1996,10.875,10.875,116600,11.0,10.875,9.346604347229004
04-11-1996,10.875,10.875,211000,11.375,11.25,9.668898582458496
05-11-1996,11.125,11.375,55300,11.375,11.375,9.776325225830078
06-11-1996,11.25,11.375,64700,11.375,11.375,9.776325225830078
07-11-1996,11.0,11.0,41900,11.375,11.375,9.80909538269043
08-11-1996,11.25,11.25,20800,11.5,11.375,9.80909538269043
11-11-1996,11.375,11.5,51800,11.875,11.875,10.240270614624023
12-11-1996,11.875,11.875,82600,12.5,12.5,10.779228210449219
13-11-1996,12.375,12.5,37000,12.5,12.375,10.671432495117188
14-11-1996,12.25,12.375,78700,12.625,12.5,10.779228210449219
15-11-1996,12.375,12.375,95600,12.75,12.625,10.887019157409668
18-11-1996,12.5,12.5,39900,13.125,13.125,11.352362632751465
19-11-1996,13.0,13.0,46000,13.125,13.125,11.352362632751465
20-11-1996,13.0,13.0,47700,13.25,13.125,11.352362632751465
21-11-1996,13.125,13.125,100800,13.375,13.125,11.352362632751465
22-11-1996,12.875,13.0,15900,13.125,12.875,11.136126518249512
25-11-1996,12.875,13.0,39300,13.0,12.875,11.136126518249512
26-11-1996,12.875,12.875,13600,13.0,12.875,11.136126518249512
27-11-1996,12.875,12.875,11200,13.0,13.0,11.244243621826172
29-11-1996,12.875,12.875,33600,13.0,12.875,11.136126518249512
02-12-1996,12.75,12.75,20300,13.25,13.25,11.460476875305176
03-12-1996,13.0,13.125,20500,13.25,13.125,11.352362632751465
04-12-1996,13.0,13.25,27900,13.5,13.375,11.568595886230469
05-12-1996,13.375,13.5,20000,13.875,13.875,12.00106430053711
06-12-1996,13.5,13.625,59800,13.875,13.875,12.00106430053711
09-12-1996,13.75,13.875,45400,14.125,14.125,12.217301368713379
10-12-1996,13.75,14.125,66900,14.125,14.125,12.217301368713379
11-12-1996,14.0,14.0,73800,14.375,14.375,12.4335355758667
12-12-1996,14.375,14.5,123000,14.875,14.75,12.757894515991211
13-12-1996,14.125,14.625,118800,14.75,14.375,12.4335355758667
16-12-1996,13.625,14.125,101400,14.25,13.875,12.00106430053711
17-12-1996,13.625,14.0,39200,14.0,13.75,11.89294719696045
18-12-1996,13.875,13.875,106900,14.125,14.125,12.217301368713379
19-12-1996,14.0,14.0,91400,14.625,14.625,12.649772644042969
20-12-1996,14.125,14.625,157500,15.125,15.125,13.08224105834961
23-12-1996,14.5,15.0,42100,15.0,14.75,12.757894515991211
24-12-1996,14.125,14.625,14900,14.625,14.5,12.541655540466309
26-12-1996,14.125,14.375,18800,14.625,14.5,12.541655540466309
27-12-1996,14.25,14.375,19000,14.5,14.5,12.541655540466309
30-12-1996,14.125,14.375,40400,14.375,14.25,12.325420379638672
31-12-1996,14.0,14.0,29700,14.75,14.375,12.4335355758667
02-01-1997,14.125,14.25,17900,14.75,14.75,12.757894515991211
03-01-1997,14.375,14.625,49600,14.875,14.75,12.757894515991211
06-01-1997,14.25,14.5,38700,14.875,14.75,12.757894515991211
07-01-1997,14.375,14.75,20500,14.875,14.5,12.541655540466309
08-01-1997,14.25,14.375,12400,14.5,14.5,12.541655540466309
09-01-1997,14.125,14.25,13000,14.375,14.25,12.325420379638672
10-01-1997,13.625,14.0,48500,14.0,13.875,12.00106430053711
13-01-1997,13.125,13.625,36100,13.625,13.5,11.676712036132812
14-01-1997,13.5,13.625,34000,13.625,13.5,11.676712036132812
15-01-1997,13.25,13.375,10300,13.375,13.375,11.568595886230469
16-01-1997,12.875,13.125,55700,13.125,13.0,11.244243621826172
17-01-1997,12.75,12.75,10000,13.0,13.0,11.244243621826172
20-01-1997,12.875,13.0,54900,13.125,13.125,11.352362632751465
21-01-1997,12.75,13.0,54500,13.0,13.0,11.244243621826172
22-01-1997,12.875,13.0,18200,13.0,12.875,11.136126518249512
23-01-1997,12.875,13.0,125100,13.875,13.875,12.00106430053711
24-01-1997,13.5,13.875,62600,14.0,13.75,11.89294719696045
27-01-1997,13.5,13.625,28600,13.75,13.625,11.784831047058105
28-01-1997,13.375,13.625,33000,13.75,13.625,11.784831047058105
29-01-1997,13.5,13.5,19700,13.75,13.625,11.784831047058105
30-01-1997,13.375,13.625,37700,13.625,13.5,11.676712036132812
31-01-1997,13.25,13.5,9600,13.5,13.5,11.676712036132812
03-02-1997,13.375,13.5,27700,13.625,13.5,11.676712036132812
04-02-1997,13.125,13.375,24200,13.5,13.25,11.460476875305176
05-02-1997,13.125,13.375,49100,13.375,13.375,11.568595886230469
06-02-1997,12.875,13.375,58300,13.375,13.0,11.244243621826172
07-02-1997,12.625,12.75,36300,13.125,13.0,11.244243621826172
10-02-1997,12.75,12.75,37500,12.875,12.875,11.136126518249512
11-02-1997,12.75,12.75,12700,12.875,12.875,11.136126518249512
12-02-1997,12.625,12.625,27700,13.0,13.0,11.244243621826172
13-02-1997,12.75,12.75,30700,13.0,13.0,11.244243621826172
14-02-1997,13.0,13.0,54600,13.375,13.25,11.460476875305176
18-02-1997,12.875,12.875,23500,13.125,13.0,11.244243621826172
19-02-1997,12.625,12.75,28900,13.0,12.75,11.02800464630127
20-02-1997,12.625,12.625,29600,12.875,12.75,11.02800464630127
21-02-1997,12.625,12.75,11600,12.75,12.75,11.02800464630127
24-02-1997,12.5,12.625,22900,12.75,12.75,11.02800464630127
25-02-1997,12.5,12.625,26000,12.625,12.625,10.91988754272461
26-02-1997,12.375,12.5,36900,12.625,12.5,10.811771392822266
27-02-1997,12.375,12.75,11700,13.0,12.75,11.02800464630127
28-02-1997,12.625,12.875,3600,12.875,12.75,11.02800464630127
03-03-1997,12.5,12.625,54300,12.75,12.5,10.811771392822266
04-03-1997,12.25,12.5,40000,12.5,12.5,10.811771392822266
05-03-1997,12.625,12.625,59200,13.25,13.25,11.460476875305176
06-03-1997,13.25,13.25,34000,13.625,13.625,11.784831047058105
07-03-1997,13.625,13.625,53700,14.125,14.0,12.109184265136719
10-03-1997,14.0,14.0,65900,14.625,14.375,12.4335355758667
11-03-1997,13.625,14.5,49700,14.625,13.75,11.89294719696045
12-03-1997,13.25,13.625,33100,13.875,13.375,11.600652694702148
13-03-1997,13.125,13.125,18400,13.25,13.125,11.383818626403809
14-03-1997,13.0,13.125,19600,13.25,13.0,11.275404930114746
17-03-1997,12.75,12.875,17600,13.25,13.0,11.275404930114746
18-03-1997,12.75,13.0,11000,13.0,12.875,11.166984558105469
19-03-1997,12.375,12.75,54000,13.125,12.5,10.841732025146484
20-03-1997,12.375,12.625,68600,12.875,12.75,11.058568000793457
21-03-1997,12.625,12.875,22600,12.875,12.625,10.950148582458496
24-03-1997,12.125,12.625,44900,12.625,12.375,10.733318328857422
25-03-1997,12.25,12.375,21100,12.375,12.25,10.624893188476562
26-03-1997,12.125,12.25,15100,12.375,12.25,10.624893188476562
27-03-1997,11.875,12.25,44100,12.25,11.875,10.299644470214844
31-03-1997,11.75,12.0,38000,12.0,11.875,10.299644470214844
01-04-1997,11.875,11.875,15600,12.125,12.0,10.408061981201172
02-04-1997,11.75,11.875,9400,12.0,11.75,10.191229820251465
03-04-1997,11.625,11.875,16700,11.875,11.75,10.191229820251465
04-04-1997,11.625,11.625,38700,11.875,11.875,10.299644470214844
07-04-1997,11.75,11.875,84800,12.0,11.875,10.299644470214844
08-04-1997,11.875,11.875,7800,12.125,12.125,10.5164794921875
09-04-1997,11.875,12.125,18900,12.125,12.0,10.408061981201172
10-04-1997,12.0,12.0,13600,12.125,12.0,10.408061981201172
11-04-1997,11.875,12.0,91000,12.375,12.375,10.733318328857422
14-04-1997,12.0,12.375,6600,12.375,12.125,10.5164794921875
15-04-1997,12.0,12.125,2500,12.125,12.0,10.408061981201172
16-04-1997,11.75,12.0,45700,12.125,12.0,10.408061981201172
17-04-1997,11.75,11.875,10200,12.0,11.875,10.299644470214844
18-04-1997,11.75,12.0,16800,12.0,12.0,10.408061981201172
21-04-1997,11.875,12.0,2800,12.125,11.875,10.299644470214844
22-04-1997,11.75,11.875,21700,12.125,12.125,10.5164794921875
23-04-1997,11.75,12.0,6500,12.0,11.875,10.299644470214844
24-04-1997,11.625,11.75,8800,11.75,11.75,10.191229820251465
25-04-1997,11.625,11.625,3700,11.75,11.75,10.191229820251465
28-04-1997,11.5,11.75,25200,11.75,11.625,10.082810401916504
29-04-1997,11.625,11.75,21000,12.125,12.0,10.408061981201172
30-04-1997,12.125,12.125,34300,13.125,13.125,11.383818626403809
01-05-1997,12.75,13.0,41200,13.25,12.75,11.058568000793457
02-05-1997,12.875,12.875,32000,13.75,13.75,11.925905227661133
05-05-1997,13.0,13.625,85000,13.75,13.125,11.383818626403809
06-05-1997,12.875,13.125,9000,13.125,12.875,11.166984558105469
07-05-1997,12.375,12.75,70500,12.75,12.75,11.058568000793457
08-05-1997,12.5,12.5,28000,12.875,12.75,11.058568000793457
09-05-1997,13.0,13.0,30200,13.25,13.25,11.492237091064453
12-05-1997,12.75,13.125,9400,13.25,12.75,11.058568000793457
13-05-1997,12.75,12.875,19200,13.125,12.875,11.166984558105469
14-05-1997,12.75,12.75,12200,13.25,13.0,11.275404930114746
15-05-1997,13.0,13.0,14400,13.5,13.5,11.709070205688477
16-05-1997,12.875,13.125,19200,13.25,13.0,11.275404930114746
19-05-1997,13.0,13.125,6400,13.375,13.0,11.275404930114746
20-05-1997,12.75,12.75,57100,13.75,13.5,11.709070205688477
21-05-1997,13.125,13.375,10100,13.5,13.25,11.492237091064453
22-05-1997,13.375,13.375,30300,13.875,13.875,12.034323692321777
23-05-1997,13.5,13.875,155700,13.875,13.5,11.709070205688477
27-05-1997,13.5,13.5,107900,14.125,13.875,12.034323692321777
28-05-1997,13.875,14.0,102100,14.375,14.125,12.2511568069458
29-05-1997,14.0,14.0,36500,14.125,14.125,12.2511568069458
30-05-1997,13.875,14.125,298400,14.125,14.0,12.142744064331055
02-06-1997,13.875,14.0,22000,14.375,14.375,12.467988967895508
03-06-1997,14.25,14.375,14200,14.375,14.375,12.467988967895508
04-06-1997,14.0,14.375,35200,14.4375,14.125,12.2511568069458
05-06-1997,14.0,14.125,60400,14.125,14.0,12.142744064331055
06-06-1997,13.75,13.875,15900,14.0,13.75,11.925905227661133
09-06-1997,13.75,13.75,52800,14.25,14.25,12.359577178955078
10-06-1997,14.25,14.25,26600,14.5,14.375,12.501328468322754
11-06-1997,14.0,14.5,63100,14.5,14.125,12.283916473388672
12-06-1997,14.125,14.25,13900,14.5,14.25,12.392621994018555
13-06-1997,14.125,14.25,31400,14.375,14.25,12.392621994018555
16-06-1997,14.125,14.125,15600,14.5,14.25,12.392621994018555
17-06-1997,14.125,14.125,29100,14.375,14.25,12.392621994018555
18-06-1997,14.125,14.125,23200,14.5,14.375,12.501328468322754
19-06-1997,14.375,14.625,130500,14.875,14.625,12.718743324279785
20-06-1997,13.875,13.875,93300,14.75,14.25,12.392621994018555
23-06-1997,13.625,14.125,18500,14.25,13.625,11.849085807800293
24-06-1997,13.625,13.75,53000,14.0,14.0,12.175209045410156
25-06-1997,14.0,14.0,57900,14.3125,14.3125,12.446972846984863
26-06-1997,14.125,14.3125,30900,14.3125,14.25,12.392621994018555
27-06-1997,14.0,14.0,20900,14.5,14.5,12.610036849975586
30-06-1997,14.375,14.375,58500,15.0,15.0,13.044865608215332
01-07-1997,14.875,14.875,184200,15.75,15.5,13.479695320129395
02-07-1997,14.5,15.375,120900,15.375,14.5625,12.664393424987793
03-07-1997,14.125,14.5625,53600,14.5625,14.125,12.283916473388672
07-07-1997,14.125,14.125,44600,14.5,14.375,12.501328468322754
08-07-1997,14.125,14.375,19500,14.625,14.125,12.283916473388672
09-07-1997,14.0,14.0,12900,14.25,14.125,12.283916473388672
10-07-1997,14.0,14.25,9400,14.25,14.25,12.392621994018555
11-07-1997,14.25,14.25,22200,14.5,14.5,12.610036849975586
14-07-1997,14.0625,14.5,42100,14.625,14.125,12.283916473388672
15-07-1997,13.9375,14.0625,51100,14.1875,14.1875,12.338266372680664
16-07-1997,14.125,14.1875,18600,14.25,14.25,12.392621994018555
17-07-1997,14.0625,14.1875,17800,14.25,14.0625,12.229562759399414
18-07-1997,13.875,14.0,25000,14.125,14.125,12.283916473388672
21-07-1997,13.875,14.0,44000,14.125,14.0625,12.229562759399414
22-07-1997,13.875,14.0,59300,14.0,13.9375,12.120859146118164
23-07-1997,13.75,13.875,117700,14.0,13.875,12.066502571105957
24-07-1997,13.8125,13.9375,51700,14.0625,14.0,12.175209045410156
25-07-1997,14.0,14.0,24000,14.125,14.0625,12.229562759399414
28-07-1997,14.0,14.0625,8900,14.0625,14.0,12.175209045410156
29-07-1997,14.0,14.0,11800,14.0625,14.0625,12.229562759399414
30-07-1997,13.9375,14.1875,64900,14.1875,14.0,12.175209045410156
31-07-1997,14.0,14.125,25300,14.1875,14.0,12.175209045410156
01-08-1997,13.8125,14.0625,93300,14.3125,14.25,12.392621994018555
04-08-1997,13.9375,14.125,113900,14.1875,14.0,12.175209045410156
05-08-1997,13.6875,14.0,26800,14.0,14.0,12.175209045410156
06-08-1997,13.5625,13.875,428000,13.9375,13.9375,12.120859146118164
07-08-1997,13.75,13.75,18900,14.0625,14.0,12.20849609375
08-08-1997,13.5625,13.8125,50100,13.8125,13.8125,12.044986724853516
11-08-1997,13.5,13.875,16000,13.875,13.6875,11.935981750488281
12-08-1997,13.5625,13.6875,17900,13.9375,13.8125,12.044986724853516
13-08-1997,13.625,13.6875,8100,13.9375,13.9375,12.153995513916016
14-08-1997,13.8125,13.8125,6300,13.9375,13.9375,12.153995513916016
15-08-1997,13.75,13.8125,13200,13.9375,13.875,12.099489212036133
18-08-1997,13.75,13.9375,11700,13.9375,13.8125,12.044986724853516
19-08-1997,13.5625,13.8125,65000,13.8125,13.8125,12.044986724853516
20-08-1997,13.8125,13.8125,60400,13.875,13.8125,12.044986724853516
21-08-1997,13.8125,13.8125,258700,14.0,14.0,12.20849609375
22-08-1997,13.6875,14.0,56500,14.0625,13.9375,12.153995513916016
25-08-1997,13.8125,14.0,69000,14.0,14.0,12.20849609375
26-08-1997,13.875,13.875,11500,14.125,14.0625,12.262995719909668
27-08-1997,13.8125,13.9375,20700,14.0,13.8125,12.044986724853516
28-08-1997,13.75,13.75,41100,14.0625,14.0,12.20849609375
29-08-1997,14.0,14.0,19700,14.375,14.375,12.535507202148438
02-09-1997,14.3125,14.375,33000,14.5,14.5,12.644513130187988
03-09-1997,14.0,14.5,36400,14.5,14.375,12.535507202148438
04-09-1997,14.4375,14.4375,209300,15.1875,15.125,13.189534187316895
05-09-1997,14.5625,15.0,161700,15.0,14.9375,13.026022911071777
08-09-1997,14.875,14.875,35500,15.0,15.0,13.080528259277344
09-09-1997,14.875,14.9375,29500,15.0,14.875,12.971528053283691
10-09-1997,14.625,15.0,68600,15.0,14.8125,12.917022705078125
11-09-1997,14.5,14.6875,18000,14.75,14.6875,12.80801773071289
12-09-1997,14.625,14.625,13500,14.8125,14.75,12.862520217895508
15-09-1997,14.5625,14.625,35300,14.875,14.6875,12.80801773071289
16-09-1997,14.6875,14.6875,84900,15.0625,15.0625,13.135027885437012
17-09-1997,15.1875,15.25,114000,15.3125,15.3125,13.35304069519043
18-09-1997,15.1875,15.3125,36500,15.4375,15.375,13.407543182373047
19-09-1997,15.25,15.25,45400,15.5625,15.3125,13.35304069519043
22-09-1997,14.8125,15.25,78600,15.375,14.8125,12.917022705078125
23-09-1997,14.8125,14.8125,35800,15.125,15.125,13.189534187316895
24-09-1997,14.625,14.9375,13600,15.0625,15.0,13.080528259277344
25-09-1997,14.9375,15.1875,9500,15.1875,15.0,13.080528259277344
26-09-1997,15.0,15.0,16900,15.1875,15.125,13.189534187316895
29-09-1997,15.125,15.125,10500,15.25,15.1875,13.244030952453613
30-09-1997,15.1875,15.1875,269300,15.875,15.8125,13.789055824279785
01-10-1997,15.5625,15.8125,16500,15.8125,15.625,13.625551223754883
02-10-1997,15.3125,15.625,37100,15.6875,15.3125,13.35304069519043
03-10-1997,15.375,15.375,72500,15.8125,15.6875,13.680051803588867
06-10-1997,15.3125,15.6875,26400,15.6875,15.3125,13.35304069519043
07-10-1997,14.0,15.1875,165500,15.25,14.875,12.971528053283691
08-10-1997,14.5625,14.75,21000,14.875,14.75,12.862520217895508
09-10-1997,14.625,14.6875,13200,14.9375,14.8125,12.917022705078125
10-10-1997,14.6875,14.8125,28400,15.0,14.875,12.971528053283691
13-10-1997,14.75,14.875,53000,15.125,15.125,13.189534187316895
14-10-1997,14.875,14.9375,103100,15.4375,15.0,13.080528259277344
15-10-1997,14.875,15.0,403400,15.0,14.875,12.971528053283691
16-10-1997,14.0,14.8125,59400,14.8125,14.25,12.426497459411621
17-10-1997,13.5625,14.125,51400,14.1875,14.0625,12.262995719909668
20-10-1997,14.125,14.125,14200,14.875,14.875,12.971528053283691
21-10-1997,14.4375,14.9375,13300,14.9375,14.5,12.644513130187988
22-10-1997,14.4375,14.75,13800,14.9375,14.4375,12.590006828308105
23-10-1997,14.25,14.5,28500,14.5625,14.5625,12.699014663696289
24-10-1997,14.4375,14.625,7300,14.625,14.4375,12.590006828308105
27-10-1997,14.125,14.4375,13600,14.4375,14.125,12.317496299743652
28-10-1997,13.625,13.875,62100,14.25,14.25,12.426497459411621
29-10-1997,14.375,14.375,33000,14.5625,14.5,12.644513130187988
30-10-1997,14.25,14.375,43800,14.4375,14.3125,12.481002807617188
31-10-1997,13.9375,14.1875,39000,14.375,14.25,12.426497459411621
03-11-1997,14.1875,14.25,41900,14.5,14.5,12.644513130187988
04-11-1997,14.25,14.375,6300,14.375,14.375,12.535507202148438
05-11-1997,14.3125,14.3125,17300,14.4375,14.4375,12.590006828308105
06-11-1997,14.3125,14.375,32100,14.5,14.5,12.644513130187988
07-11-1997,14.3125,14.5,19100,14.5,14.375,12.535507202148438
10-11-1997,14.125,14.3125,5400,14.375,14.1875,12.372001647949219
11-11-1997,13.8125,14.125,19500,14.125,14.125,12.317496299743652
12-11-1997,13.9375,14.0,11500,14.125,14.0,12.20849609375
13-11-1997,13.375,13.9375,32700,14.0,14.0,12.20849609375
14-11-1997,13.8125,14.0,14800,14.0,13.9375,12.187074661254883
17-11-1997,13.625,14.0625,64100,14.1875,13.8125,12.077767372131348
18-11-1997,13.8125,13.9375,12600,13.9375,13.9375,12.187074661254883
19-11-1997,13.5625,13.8125,12700,13.8125,13.5625,11.859167098999023
20-11-1997,13.5,13.5625,53700,13.875,13.875,12.132421493530273
21-11-1997,13.5625,14.0,24300,14.0,13.625,11.913816452026367
24-11-1997,13.4375,13.5,24000,13.625,13.625,11.913816452026367
25-11-1997,13.125,13.5625,123500,13.625,13.25,11.585914611816406
26-11-1997,13.25,13.25,185800,13.5625,13.5625,11.859167098999023
28-11-1997,13.5625,13.5625,2600,13.75,13.75,12.023116111755371
01-12-1997,13.8125,13.8125,36100,14.5,14.375,12.569623947143555
02-12-1997,13.8125,14.1875,17400,14.1875,13.8125,12.077767372131348
03-12-1997,13.75,13.75,17900,14.1875,14.1875,12.405669212341309
04-12-1997,13.6875,14.0625,37700,14.1875,13.6875,11.968463897705078
05-12-1997,13.6875,13.6875,11200,13.9375,13.9375,12.187074661254883
08-12-1997,13.875,13.9375,12000,14.3125,14.0625,12.296369552612305
09-12-1997,14.0625,14.125,40900,14.3125,14.0625,12.296369552612305
10-12-1997,13.8125,14.0,59300,14.0625,13.8125,12.077767372131348
11-12-1997,13.5,13.75,47000,13.8125,13.625,11.913816452026367
12-12-1997,13.5,13.5625,10200,13.875,13.875,12.132421493530273
15-12-1997,13.6875,13.875,28900,13.875,13.75,12.023116111755371
16-12-1997,13.1875,13.875,20300,13.875,13.3125,11.640567779541016
17-12-1997,13.0,13.0,108700,13.25,13.0,11.367313385009766
18-12-1997,12.1875,13.0,34200,13.0,12.25,10.711507797241211
19-12-1997,11.5,12.125,287400,12.125,11.6875,10.219648361206055
22-12-1997,11.75,11.75,50100,12.4375,12.375,10.820806503295898
23-12-1997,12.25,12.375,16800,12.6875,12.625,11.039406776428223
24-12-1997,12.5625,12.5625,36800,13.375,13.375,11.69521427154541
26-12-1997,13.25,13.25,15600,13.4375,13.3125,11.640567779541016
29-12-1997,13.1875,13.1875,96900,13.375,13.375,11.69521427154541
30-12-1997,13.0625,13.375,129700,14.0,13.75,12.023116111755371
31-12-1997,13.625,13.625,241500,14.3125,14.25,12.460323333740234
02-01-1998,13.875,14.375,38900,14.375,14.0625,12.296369552612305
05-01-1998,13.8125,14.0625,95700,14.0625,13.875,12.132421493530273
06-01-1998,13.8125,14.0,55700,14.0,13.875,12.132421493530273
07-01-1998,13.5625,14.0,35000,14.0,13.6875,11.968463897705078
08-01-1998,13.25,13.6875,8300,13.6875,13.25,11.585914611816406
09-01-1998,12.5,13.125,34500,13.125,12.5625,10.984757423400879
12-01-1998,12.5625,12.6875,27400,12.8125,12.8125,11.203359603881836
13-01-1998,12.375,12.875,17800,12.875,12.5625,10.984757423400879
14-01-1998,12.5,12.5,8700,12.6875,12.625,11.039406776428223
15-01-1998,11.8125,12.75,41200,12.75,11.875,10.383599281311035
16-01-1998,11.75,11.75,76900,12.3125,12.3125,10.766155242919922
20-01-1998,11.5625,12.1875,35800,12.1875,11.6875,10.219648361206055
21-01-1998,11.6875,11.6875,29500,11.875,11.875,10.383599281311035
22-01-1998,11.875,11.875,67900,12.375,11.9375,10.438257217407227
23-01-1998,11.875,11.875,12300,12.0,12.0,10.492903709411621
26-01-1998,11.5625,11.875,12200,12.0,11.75,10.274300575256348
27-01-1998,11.8125,11.875,8900,12.0,11.8125,10.328950881958008
28-01-1998,11.9375,11.9375,85100,12.3125,12.25,10.711507797241211
29-01-1998,12.125,12.25,28100,12.5,12.125,10.602201461791992
30-01-1998,11.9375,12.125,18800,12.1875,12.0625,10.547552108764648
02-02-1998,11.6875,12.1875,38000,12.25,11.6875,10.219648361206055
03-02-1998,11.5,11.5625,128800,12.5,12.5,10.9301118850708
04-02-1998,12.0625,12.375,48900,12.375,12.0625,10.547552108764648
05-02-1998,12.0,12.0,62500,12.3125,12.25,10.711507797241211
06-02-1998,12.125,12.125,30800,12.3125,12.25,10.711507797241211
09-02-1998,12.3125,12.375,46800,12.5,12.4375,10.87545394897461
10-02-1998,11.875,12.4375,399900,12.4375,12.25,10.711507797241211
11-02-1998,12.1875,12.25,45000,12.5625,12.5625,10.984757423400879
12-02-1998,12.5,12.5,44600,12.875,12.8125,11.203359603881836
13-02-1998,12.5625,12.8125,19500,12.8125,12.6875,11.094058990478516
17-02-1998,12.375,12.75,40800,12.75,12.75,11.148706436157227
18-02-1998,12.6875,12.875,24900,13.0,12.9375,11.312664031982422
19-02-1998,12.8125,12.8125,19400,13.375,13.375,11.69521427154541
20-02-1998,12.8125,13.25,159400,13.25,12.8125,11.203359603881836
23-02-1998,12.5,12.75,17300,13.0,13.0,11.367313385009766
24-02-1998,12.5,12.875,21500,12.875,12.875,11.258009910583496
25-02-1998,12.6875,12.875,13900,13.0625,12.875,11.258009910583496
26-02-1998,12.6875,12.8125,15200,13.0625,13.0625,11.42196273803711
27-02-1998,12.875,13.0625,42900,13.25,13.0,11.367313385009766
02-03-1998,12.625,13.125,39800,13.125,12.875,11.258009910583496
03-03-1998,12.75,12.8125,39700,13.0,12.9375,11.312664031982422
04-03-1998,12.4375,12.9375,43100,12.9375,12.75,11.148706436157227
05-03-1998,12.375,12.625,223800,12.75,12.6875,11.094058990478516
06-03-1998,12.5,12.6875,82900,12.6875,12.5625,10.984757423400879
09-03-1998,12.25,12.5,47100,12.5,12.375,10.820806503295898
10-03-1998,12.25,12.375,46800,12.4375,12.375,10.820806503295898
11-03-1998,11.625,12.25,38000,12.3125,11.8125,10.328950881958008
12-03-1998,11.75,11.8125,20500,12.0,11.8125,10.362288475036621
13-03-1998,11.625,11.75,29600,11.75,11.625,10.197810173034668
16-03-1998,11.625,11.75,33900,11.875,11.75,10.30746078491211
17-03-1998,11.625,11.75,20200,11.75,11.625,10.197810173034668
18-03-1998,11.1875,11.625,113300,11.75,11.25,9.868844032287598
19-03-1998,11.1875,11.25,86100,11.5,11.5,10.088157653808594
20-03-1998,11.3125,11.375,114600,11.6875,11.625,10.197810173034668
23-03-1998,11.6875,11.75,27100,12.0,12.0,10.526764869689941
24-03-1998,11.9375,12.125,13100,12.1875,12.1875,10.691248893737793
25-03-1998,12.25,12.25,39700,13.0,12.9375,11.34917163848877
26-03-1998,12.8125,12.9375,39300,12.9375,12.875,11.29434585571289
27-03-1998,12.5625,12.9375,20700,13.0,12.5625,11.020208358764648
30-03-1998,12.3125,12.625,10800,12.625,12.4375,10.910554885864258
31-03-1998,12.3125,12.4375,22300,12.5,12.3125,10.80090045928955
01-04-1998,12.375,12.4375,66600,12.9375,12.625,11.07503604888916
02-04-1998,12.6875,12.875,17700,12.9375,12.75,11.184691429138184
03-04-1998,12.5625,12.875,25000,12.9375,12.875,11.29434585571289
06-04-1998,12.6875,12.9375,27700,13.0,12.9375,11.34917163848877
07-04-1998,12.875,12.9375,30700,13.125,13.125,11.513650894165039
08-04-1998,12.5625,13.0625,41500,13.0625,12.6875,11.129864692687988
09-04-1998,12.375,12.75,32100,13.0,12.5,10.965381622314453
13-04-1998,12.3125,12.5,6600,12.5,12.375,10.855731010437012
14-04-1998,11.75,12.375,35400,12.375,11.9375,10.471940994262695
15-04-1998,11.6875,11.6875,261600,12.1875,11.875,10.417113304138184
16-04-1998,11.6875,11.75,25700,12.0,12.0,10.526764869689941
17-04-1998,11.75,11.875,40100,11.9375,11.9375,10.471940994262695
20-04-1998,11.75,11.9375,7400,11.9375,11.75,10.30746078491211
21-04-1998,11.625,11.75,25700,11.875,11.75,10.30746078491211
22-04-1998,11.625,11.75,26100,11.75,11.6875,10.2526273727417
23-04-1998,11.625,11.6875,14600,11.75,11.6875,10.2526273727417
24-04-1998,11.625,11.625,22000,11.75,11.625,10.197810173034668
27-04-1998,11.375,11.75,27500,11.75,11.625,10.197810173034668
28-04-1998,11.625,11.625,57900,11.875,11.75,10.30746078491211
29-04-1998,11.75,11.75,75000,12.0,11.9375,10.471940994262695
30-04-1998,11.5,12.0,51400,12.0625,11.6875,10.2526273727417
01-05-1998,11.625,11.625,359400,12.625,12.5,10.965381622314453
04-05-1998,12.5,12.5625,279800,12.6875,12.625,11.07503604888916
05-05-1998,12.375,12.75,124600,12.75,12.375,10.855731010437012
06-05-1998,12.3125,12.3125,66400,12.75,12.6875,11.129864692687988
07-05-1998,12.5,12.6875,78700,12.875,12.6875,11.129864692687988
08-05-1998,12.125,12.625,219000,12.9375,12.3125,10.80090045928955
11-05-1998,12.0,12.4375,282900,12.625,12.25,10.746074676513672
12-05-1998,12.0,12.3125,415700,12.375,12.25,10.746074676513672
13-05-1998,12.21875,12.25,90700,12.5,12.5,10.965381622314453
14-05-1998,12.4375,12.5,18100,12.5,12.5,10.965381622314453
15-05-1998,12.4375,12.4375,43200,12.75,12.6875,11.129864692687988
18-05-1998,12.6875,12.8125,47500,12.9375,12.8125,11.239516258239746
19-05-1998,12.9375,12.9375,23900,13.1875,13.1875,11.5684814453125
20-05-1998,13.1875,13.1875,57400,13.5,13.5,11.842612266540527
21-05-1998,13.375,13.5,100300,14.0,13.75,12.061923027038574
22-05-1998,13.625,13.75,52000,14.0,14.0,12.281229972839355
26-05-1998,13.5,13.9375,563400,14.125,13.5,11.842612266540527
27-05-1998,13.3125,13.4375,13600,13.5,13.375,11.73295783996582
28-05-1998,12.9375,13.1875,31600,13.1875,13.0,11.403999328613281
29-05-1998,12.875,12.9375,113200,13.125,13.0,11.403999328613281
01-06-1998,12.875,13.0,18300,13.0,12.9375,11.34917163848877
02-06-1998,12.8125,12.9375,22700,13.0625,13.0,11.403999328613281
03-06-1998,13.0,13.0,15600,13.25,13.25,11.657383918762207
04-06-1998,13.1875,13.1875,8200,13.375,13.375,11.76735782623291
05-06-1998,13.0625,13.4375,10800,13.4375,13.1875,11.602395057678223
08-06-1998,13.1875,13.1875,21100,13.5,13.5,11.877327919006348
09-06-1998,13.375,13.5,35200,13.6875,13.625,11.987302780151367
10-06-1998,13.25,13.5,25700,13.5,13.3125,11.712368965148926
11-06-1998,13.0625,13.25,34600,13.25,13.25,11.657383918762207
12-06-1998,13.0,13.0,49400,13.125,13.0,11.437432289123535
15-06-1998,12.8125,12.875,45200,13.125,13.0,11.437432289123535
16-06-1998,12.9375,13.0,25900,13.25,13.125,11.547406196594238
17-06-1998,13.0,13.25,54000,13.25,13.0625,11.492419242858887
18-06-1998,12.8125,13.0625,13800,13.1875,13.0,11.437432289123535
19-06-1998,12.875,13.125,26000,13.1875,12.875,11.327457427978516
22-06-1998,13.0,13.0,16900,13.1875,13.1875,11.602395057678223
23-06-1998,13.125,13.125,21500,13.5,13.5,11.877327919006348
24-06-1998,13.5,13.5,137700,14.875,14.6875,12.922101020812988
25-06-1998,14.5,14.5,73500,14.875,14.625,12.867111206054688
26-06-1998,14.5625,14.5625,63000,14.75,14.75,12.977087020874023
29-06-1998,14.125,14.75,60800,15.0,14.375,12.647161483764648
30-06-1998,14.25,14.25,180500,14.75,14.75,12.977087020874023
01-07-1998,14.125,14.625,669000,14.625,14.125,12.427206039428711
02-07-1998,14.125,14.125,44500,14.625,14.4375,12.7021484375
06-07-1998,14.125,14.3125,26900,14.3125,14.25,12.537182807922363
07-07-1998,13.9375,14.125,26500,14.125,14.0625,12.372222900390625
08-07-1998,13.9375,13.9375,17300,14.125,13.9375,12.262247085571289
09-07-1998,14.0,14.0625,10900,14.25,14.1875,12.482195854187012
10-07-1998,14.0625,14.0625,41300,14.375,14.125,12.427206039428711
13-07-1998,14.0625,14.1875,45600,14.1875,14.1875,12.482195854187012
14-07-1998,14.0625,14.0625,36900,14.3125,14.1875,12.482195854187012
15-07-1998,14.1875,14.3125,29400,14.5,14.4375,12.7021484375
16-07-1998,14.3125,14.4375,264900,14.5,14.5,12.757132530212402
17-07-1998,14.5,14.5,186200,15.0,14.5625,12.812121391296387
20-07-1998,14.4375,14.4375,110700,15.125,15.0,13.197030067443848
21-07-1998,14.625,14.875,50400,15.0,14.75,12.977087020874023
22-07-1998,14.25,14.6875,147300,14.6875,14.25,12.537182807922363
23-07-1998,13.5,14.3125,43400,14.3125,13.5,11.877327919006348
24-07-1998,12.9375,13.5,133200,13.5,12.9375,11.3824462890625
27-07-1998,12.5625,12.9375,113000,13.0,12.875,11.327457427978516
28-07-1998,12.875,12.9375,32600,13.0625,12.9375,11.3824462890625
29-07-1998,13.0,13.0,103900,13.4375,13.375,11.76735782623291
30-07-1998,13.4375,13.4375,197100,14.25,14.25,12.537182807922363
31-07-1998,13.75,14.25,96500,14.3125,13.75,12.097281455993652
03-08-1998,13.375,13.75,16400,13.75,13.375,11.76735782623291
04-08-1998,12.875,13.375,34600,13.375,12.9375,11.3824462890625
05-08-1998,12.75,13.0625,56200,13.1875,12.9375,11.3824462890625
06-08-1998,12.625,12.9375,63400,12.9375,12.75,11.217479705810547
07-08-1998,12.6875,12.75,32600,12.8125,12.6875,11.162493705749512
10-08-1998,12.5625,12.8125,39900,12.8125,12.5625,11.05251407623291
11-08-1998,11.875,12.4375,117400,12.4375,12.0,10.557625770568848
12-08-1998,12.125,12.125,18600,12.25,12.25,10.77757740020752
13-08-1998,12.1875,12.25,21700,12.375,12.3125,10.832564353942871
14-08-1998,12.25,12.375,61100,12.4375,12.375,10.887557983398438
17-08-1998,12.25,12.5,225800,12.5625,12.4375,10.94253921508789
18-08-1998,12.375,12.375,50200,13.5,13.0625,11.492419242858887
19-08-1998,12.4375,13.0,256900,13.0,12.5,10.997528076171875
20-08-1998,12.25,12.5,110600,12.5625,12.25,10.77757740020752
21-08-1998,11.75,12.375,28100,12.375,11.875,10.447651863098145
24-08-1998,11.9375,12.0,74600,12.125,12.0,10.557625770568848
25-08-1998,11.8125,12.0,280100,12.25,12.0,10.557625770568848
26-08-1998,11.8125,12.0,50000,12.25,11.8125,10.425683975219727
27-08-1998,10.875,11.6875,36700,11.6875,11.0,9.708571434020996
28-08-1998,10.5625,11.0,26100,11.0,10.875,9.598245620727539
31-08-1998,9.4375,10.9375,42900,10.9375,9.4375,8.329509735107422
01-09-1998,8.9375,9.625,72900,9.6875,9.0,7.9433746337890625
02-09-1998,9.0,9.0,42100,9.9375,9.8125,8.660487174987793
03-09-1998,9.625,9.6875,33900,10.125,9.8125,8.660487174987793
04-09-1998,9.6875,9.75,24600,9.875,9.75,8.605320930480957
08-09-1998,9.875,9.875,13900,10.125,9.9375,8.7708101272583
09-09-1998,9.9375,10.0625,33700,10.125,10.0,8.825973510742188
10-09-1998,9.625,9.75,34400,10.0,9.625,8.4949951171875
11-09-1998,9.5,9.625,36300,9.9375,9.9375,8.7708101272583
14-09-1998,9.875,10.0,49500,10.1875,10.1875,8.991458892822266
15-09-1998,10.0625,10.0625,35200,10.5,10.3125,9.101783752441406
16-09-1998,10.3125,10.3125,106300,10.5625,10.375,9.156943321228027
17-09-1998,10.0,10.25,89400,10.25,10.1875,8.991458892822266
18-09-1998,10.3125,10.4375,24100,10.6875,10.6875,9.432754516601562
21-09-1998,10.625,10.6875,16700,10.6875,10.6875,9.432754516601562
22-09-1998,10.375,10.75,34500,11.0,10.75,9.487921714782715
23-09-1998,10.375,10.875,25900,10.875,10.375,9.156943321228027
24-09-1998,10.0,10.375,42900,10.5,10.3125,9.101783752441406
25-09-1998,9.75,10.1875,45300,10.25,9.9375,8.7708101272583
28-09-1998,9.875,10.0625,30200,10.125,10.0,8.825973510742188
29-09-1998,9.75,10.125,53700,10.1875,9.75,8.605320930480957
30-09-1998,9.375,9.625,34700,9.625,9.5,8.384673118591309
01-10-1998,8.875,9.375,181600,9.5,8.875,7.833050727844238
02-10-1998,8.875,8.875,47800,9.1875,8.875,7.833050727844238
05-10-1998,7.75,8.625,177400,8.75,7.875,6.950451850891113
06-10-1998,7.8125,8.0,85000,8.1875,7.8125,6.895289897918701
07-10-1998,7.25,7.75,43900,7.75,7.3125,6.453991889953613
08-10-1998,6.75,7.25,134300,7.375,6.75,5.9575324058532715
09-10-1998,6.5,6.875,194000,7.0,7.0,6.1781816482543945
12-10-1998,6.875,7.0,198100,7.1875,6.875,6.06785774230957
13-10-1998,6.875,7.0,115000,7.4375,7.375,6.509154319763184
14-10-1998,7.3125,7.3125,14200,7.75,7.6875,6.784965991973877
15-10-1998,7.5,7.625,70900,8.125,8.0,7.06077766418457
16-10-1998,8.1875,8.1875,65400,8.5625,8.5,7.502079486846924
19-10-1998,8.5,8.5,31800,8.9375,8.75,7.7227277755737305
20-10-1998,8.625,8.625,125100,9.875,9.875,8.715652465820312
21-10-1998,9.875,9.9375,30900,10.25,10.1875,8.991458892822266
22-10-1998,10.125,10.3125,103100,10.375,10.125,8.936295509338379
23-10-1998,10.125,10.125,49900,10.5,10.25,9.046619415283203
26-10-1998,10.375,10.375,23400,10.75,10.4375,9.212108612060547
27-10-1998,10.375,10.4375,47400,10.6875,10.375,9.156943321228027
28-10-1998,9.4375,10.25,45300,10.25,9.5625,8.439836502075195
29-10-1998,9.3125,9.3125,44400,9.625,9.625,8.4949951171875
30-10-1998,8.8125,9.5,48800,9.5625,9.1875,8.10886287689209
02-11-1998,9.25,9.25,21900,9.75,9.6875,8.55016040802002
03-11-1998,9.5625,9.8125,43600,9.8125,9.6875,8.55016040802002
04-11-1998,9.75,9.75,36200,10.125,10.125,8.936295509338379
05-11-1998,10.0,10.0,28200,10.25,10.125,8.936295509338379
06-11-1998,9.875,10.1875,37700,10.625,10.5625,9.32243537902832
09-11-1998,10.4375,10.4375,36800,11.3125,11.1875,9.87405776977539
10-11-1998,10.3125,11.0625,36300,11.0625,10.5,9.267271995544434
11-11-1998,9.75,10.4375,47800,10.4375,9.75,8.605320930480957
12-11-1998,9.625,9.75,26600,9.75,9.625,8.4949951171875
13-11-1998,9.125,9.5,39900,9.5,9.125,8.053699493408203
16-11-1998,9.0,9.25,35300,9.375,9.0,7.9433746337890625
17-11-1998,8.3125,8.875,69700,9.125,9.125,8.053699493408203
18-11-1998,7.8125,9.0,205400,9.0,8.25,7.311878204345703
19-11-1998,8.0,8.375,284900,8.4375,8.125,7.201090335845947
20-11-1998,8.0,8.0,91700,8.125,8.0,7.090304374694824
23-11-1998,7.8125,8.0,141100,8.0,7.875,6.979518890380859
24-11-1998,7.25,7.875,166200,7.875,7.375,6.536374092102051
25-11-1998,7.0625,7.375,62900,7.375,7.125,6.314803600311279
27-11-1998,7.0625,7.0625,53400,7.375,7.25,6.425588130950928
30-11-1998,7.0,7.375,258600,7.375,7.0,6.204016208648682
01-12-1998,6.75,6.875,869600,7.0625,7.0625,6.2594075202941895
02-12-1998,7.1875,7.1875,244000,8.0,7.75,6.868732452392578
03-12-1998,7.5,7.625,155100,7.9375,7.5,6.647159099578857
04-12-1998,7.5,7.5,461600,8.125,8.0,7.090304374694824
07-12-1998,7.9375,7.9375,203600,8.125,8.0625,7.145697116851807
08-12-1998,7.6875,8.0,77600,8.125,7.6875,6.813338756561279
09-12-1998,7.125,7.625,62800,7.6875,7.25,6.425588130950928
10-12-1998,6.875,7.375,46400,7.375,6.875,6.093233108520508
11-12-1998,6.875,6.875,64600,7.25,7.125,6.314803600311279
14-12-1998,6.875,7.0,34500,7.125,6.9375,6.148626327514648
15-12-1998,6.875,7.0625,115700,7.0625,6.875,6.093233108520508
16-12-1998,6.75,6.875,43100,6.9375,6.8125,6.037837028503418
17-12-1998,6.625,6.875,99400,7.0,6.625,5.871660232543945
18-12-1998,6.5625,6.6875,100600,6.75,6.6875,5.9270524978637695
21-12-1998,6.625,6.6875,70400,6.75,6.75,5.98244571685791
22-12-1998,6.625,6.6875,24200,6.75,6.6875,5.9270524978637695
23-12-1998,6.5,6.6875,31300,6.75,6.6875,5.9270524978637695
24-12-1998,6.5,6.625,44000,6.75,6.625,5.871660232543945
28-12-1998,6.5,6.5625,166100,7.3125,7.3125,6.480981349945068
29-12-1998,7.0625,7.1875,87400,7.3125,7.125,6.314803600311279
30-12-1998,6.875,7.0,52600,7.0625,6.9375,6.148626327514648
31-12-1998,6.9375,6.9375,119300,7.1875,7.1875,6.370197296142578
04-01-1999,7.0625,7.3125,76600,7.375,7.0625,6.2594075202941895
05-01-1999,7.0625,7.1875,51100,7.1875,7.0625,6.2594075202941895
06-01-1999,7.0,7.125,89200,7.3125,7.1875,6.370197296142578
07-01-1999,7.0625,7.1875,72000,7.375,7.25,6.425588130950928
08-01-1999,7.125,7.1875,104000,7.5,7.4375,6.591767311096191
11-01-1999,7.3125,7.5625,102900,7.75,7.375,6.536374092102051
12-01-1999,7.25,7.375,30200,7.5625,7.3125,6.480981349945068
13-01-1999,6.875,7.1875,67000,7.1875,6.9375,6.148626327514648
14-01-1999,6.5,6.8125,79900,6.875,6.75,5.98244571685791
15-01-1999,6.625,6.625,15700,7.25,7.1875,6.370197296142578
19-01-1999,7.125,7.3125,30000,7.3125,7.125,6.314803600311279
20-01-1999,6.9375,7.0,51400,7.125,7.0,6.204016208648682
21-01-1999,6.4375,6.875,161100,7.0,6.5625,5.81626558303833
22-01-1999,6.5,6.5625,92000,6.75,6.625,5.871660232543945
25-01-1999,6.25,6.625,88700,6.625,6.3125,5.594692230224609
26-01-1999,6.0625,6.3125,64700,6.3125,6.3125,5.594692230224609
27-01-1999,6.1875,6.1875,28300,6.5,6.4375,5.705482006072998
28-01-1999,6.3125,6.5,55700,6.75,6.4375,5.705482006072998
29-01-1999,6.0625,6.5,78800,6.5,6.3125,5.594692230224609
01-02-1999,6.0,6.375,45900,6.375,6.0625,5.3731207847595215
02-02-1999,6.0,6.0,61200,6.25,6.25,5.539301872253418
03-02-1999,6.25,6.25,122100,6.5625,6.25,5.539301872253418
04-02-1999,6.125,6.25,448100,6.625,6.4375,5.705482006072998
05-02-1999,6.125,6.3125,57200,6.375,6.25,5.539301872253418
08-02-1999,6.25,6.625,93200,6.75,6.4375,5.705482006072998
09-02-1999,6.125,6.4375,38900,6.4375,6.3125,5.594692230224609
10-02-1999,6.0625,6.125,57900,6.25,6.1875,5.4839091300964355
11-02-1999,6.125,6.3125,14900,6.3125,6.25,5.539301872253418
12-02-1999,5.875,6.3125,119000,6.3125,5.875,5.206942558288574
16-02-1999,5.8125,5.9375,50000,5.9375,5.9375,5.262336254119873
17-02-1999,5.5625,5.9375,45600,5.9375,5.625,4.98537015914917
18-02-1999,5.5625,5.625,95400,5.9375,5.625,4.98537015914917
19-02-1999,5.6875,5.6875,185700,6.0,5.9375,5.262336254119873
22-02-1999,5.625,5.9375,218100,6.0,5.9375,5.262336254119873
23-02-1999,5.6875,5.8125,163200,5.9375,5.75,5.096158027648926
24-02-1999,5.875,5.875,397400,6.25,6.0,5.317728042602539
25-02-1999,5.875,6.125,103000,6.125,5.9375,5.262336254119873
26-02-1999,5.6875,5.9375,175400,6.125,6.0625,5.3731207847595215
01-03-1999,5.9375,6.0625,26900,6.0625,6.0,5.317728042602539
02-03-1999,5.375,6.0,61000,6.0,5.5,4.874584674835205
03-03-1999,5.5625,5.5625,152200,5.75,5.75,5.096158027648926
04-03-1999,5.75,5.875,70500,6.25,6.0625,5.3731207847595215
05-03-1999,5.8125,6.0,25400,6.0,5.8125,5.151552200317383
08-03-1999,5.875,5.9375,32900,6.0,5.875,5.206942558288574
09-03-1999,5.75,5.875,57100,5.875,5.875,5.206942558288574
10-03-1999,5.875,5.875,67900,6.375,6.25,5.539301872253418
11-03-1999,6.125,6.3125,132300,6.6875,6.5,5.796113967895508
12-03-1999,6.5,6.625,33900,6.625,6.5,5.796113967895508
15-03-1999,6.375,6.5,27600,6.625,6.5,5.796113967895508
16-03-1999,6.3125,6.375,91200,6.5,6.375,5.6846489906311035
17-03-1999,6.125,6.25,165300,6.3125,6.25,5.573185920715332
18-03-1999,6.125,6.125,86500,6.5,6.375,5.6846489906311035
19-03-1999,6.25,6.25,113300,6.625,6.5,5.796113967895508
22-03-1999,6.5,6.5625,18700,6.5625,6.5,5.796113967895508
23-03-1999,6.5,6.5,24200,6.5625,6.5,5.796113967895508
24-03-1999,6.4375,6.5,42600,6.5625,6.5625,5.851843357086182
25-03-1999,6.5,6.5,72700,6.625,6.625,5.907577037811279
26-03-1999,6.5625,6.625,73500,6.9375,6.875,6.13050651550293
29-03-1999,6.5,7.0,79200,7.0625,6.5625,5.851843357086182
30-03-1999,6.5,6.5,73400,6.9375,6.9375,6.1862382888793945
31-03-1999,6.5,7.0625,88400,7.0625,6.75,6.019040584564209
01-04-1999,6.875,7.0,63300,7.125,6.875,6.13050651550293
05-04-1999,6.9375,7.0,49100,7.375,7.375,6.576357364654541
06-04-1999,7.25,7.375,50100,7.375,7.375,6.576357364654541
07-04-1999,7.125,7.375,335700,7.5,7.3125,6.520625114440918
08-04-1999,7.1875,7.1875,422500,7.25,7.25,6.4648942947387695
09-04-1999,7.0625,7.125,31100,7.3125,7.25,6.4648942947387695
12-04-1999,7.0,7.25,57100,7.25,7.0,6.241968154907227
13-04-1999,7.0,7.0,78000,7.25,7.0,6.241968154907227
14-04-1999,7.0,7.0625,172300,7.5,7.3125,6.520625114440918
15-04-1999,7.1875,7.25,40300,7.5,7.25,6.4648942947387695
16-04-1999,7.1875,7.1875,43000,7.5625,7.5625,6.74355411529541
19-04-1999,7.6875,7.6875,355000,8.0625,8.0625,7.189409255981445
20-04-1999,7.5,8.0,32100,8.0,7.6875,6.85501766204834
21-04-1999,7.625,7.6875,58600,7.875,7.625,6.799285888671875
22-04-1999,7.5,7.625,38500,7.75,7.5,6.687822341918945
23-04-1999,7.125,7.625,160400,7.625,7.25,6.4648942947387695
26-04-1999,7.0,7.25,63300,7.3125,7.125,6.353433609008789
27-04-1999,6.5625,7.0,109800,7.0625,6.6875,5.963308334350586
28-04-1999,7.0,7.0,540300,8.75,8.4375,7.523800373077393
29-04-1999,8.375,8.5,117800,8.9375,8.875,7.9139204025268555
30-04-1999,8.75,9.0,103400,9.125,8.75,7.802460670471191
03-05-1999,8.625,9.125,74200,9.125,8.625,7.690998554229736
04-05-1999,8.5625,8.6875,38700,8.75,8.625,7.690998554229736
05-05-1999,8.5625,8.75,141600,8.8125,8.8125,7.858188629150391
06-05-1999,8.5625,8.6875,38200,8.875,8.875,7.9139204025268555
07-05-1999,8.625,8.75,11100,8.8125,8.6875,7.74672794342041
10-05-1999,8.625,8.75,54500,9.25,9.0,8.025386810302734
11-05-1999,9.0,9.0625,25300,9.3125,9.1875,8.192583084106445
12-05-1999,9.0625,9.3125,22500,9.3125,9.0625,8.081123352050781
13-05-1999,8.625,9.1875,48600,9.3125,8.8125,7.858188629150391
14-05-1999,8.5,8.5625,65800,8.9375,8.75,7.802460670471191
17-05-1999,8.375,8.875,47400,8.875,8.4375,7.523800373077393
18-05-1999,8.4375,8.4375,39500,8.625,8.625,7.690998554229736
19-05-1999,8.5,8.75,27900,8.75,8.625,7.690998554229736
20-05-1999,8.625,8.75,47000,9.0,9.0,8.025386810302734
21-05-1999,9.0625,9.0625,55100,9.75,9.75,8.694167137145996
24-05-1999,9.6875,9.875,76600,10.125,9.6875,8.638431549072266
25-05-1999,9.25,9.5625,17500,9.625,9.3125,8.304048538208008
26-05-1999,8.875,9.4375,55200,9.4375,8.9375,7.9696550369262695
27-05-1999,8.875,9.0,58400,9.0,8.9375,7.9696550369262695
28-05-1999,8.75,8.8125,63000,8.8125,8.75,7.802460670471191
01-06-1999,8.625,8.875,129900,8.9375,8.9375,7.9696550369262695
02-06-1999,8.6875,8.75,357600,9.5,9.3125,8.339506149291992
03-06-1999,8.875,9.1875,118800,9.9375,9.8125,8.787261962890625
04-06-1999,9.75,9.75,260900,10.375,10.0625,9.011140823364258
07-06-1999,10.0,10.0,73100,10.25,10.125,9.067111015319824
08-06-1999,9.875,10.0,92300,10.0,9.9375,8.899203300476074
09-06-1999,9.875,10.0,41400,10.0,9.9375,8.899203300476074
10-06-1999,9.875,9.9375,23900,9.9375,9.9375,8.899203300476074
11-06-1999,9.875,9.875,20100,9.9375,9.875,8.843234062194824
14-06-1999,9.8125,9.8125,77600,10.125,10.0,8.955168724060059
15-06-1999,9.375,10.0,39200,10.0,9.375,8.395469665527344
16-06-1999,9.375,9.375,53400,10.0,9.9375,8.899203300476074
17-06-1999,9.9375,10.0,19800,10.0,10.0,8.955168724060059
18-06-1999,9.875,10.0625,59100,10.0625,9.9375,8.899203300476074
21-06-1999,9.9375,10.0,49400,10.1875,10.125,9.067111015319824
22-06-1999,9.875,10.125,46100,10.125,10.0,8.955168724060059
23-06-1999,9.8125,9.875,101400,9.9375,9.9375,8.899203300476074
24-06-1999,9.625,9.8125,38300,9.9375,9.9375,8.899203300476074
25-06-1999,9.75,9.9375,16700,9.9375,9.875,8.843234062194824
28-06-1999,9.75,9.75,42100,10.0,10.0,8.955168724060059
29-06-1999,10.125,10.25,90700,10.5,10.5,9.402929306030273
30-06-1999,9.875,10.5,204100,10.625,10.0,8.955168724060059
01-07-1999,9.875,9.875,33300,10.1875,10.0,8.955168724060059
02-07-1999,9.875,10.0,25200,10.1875,10.0,8.955168724060059
06-07-1999,9.875,10.0,67100,10.0625,10.0625,9.011140823364258
07-07-1999,9.6875,9.9375,37400,10.0625,9.875,8.843234062194824
08-07-1999,9.625,9.75,34000,9.8125,9.8125,8.787261962890625
09-07-1999,9.6875,9.6875,10500,9.9375,9.9375,8.899203300476074
12-07-1999,9.75,10.0,34800,10.0,9.8125,8.787261962890625
13-07-1999,9.625,9.75,11300,9.875,9.75,8.731289863586426
14-07-1999,9.625,9.6875,20000,9.8125,9.625,8.619351387023926
15-07-1999,9.0,9.5,74800,9.5,9.3125,8.339506149291992
16-07-1999,9.125,9.375,13600,9.375,9.25,8.283529281616211
19-07-1999,9.125,9.25,47300,9.25,9.1875,8.227563858032227
20-07-1999,9.0,9.125,16800,9.125,9.0625,8.115629196166992
21-07-1999,8.875,9.0625,19700,9.1875,9.1875,8.227563858032227
22-07-1999,8.8125,9.25,10000,9.25,8.875,7.94771146774292
23-07-1999,8.875,8.875,25900,9.125,8.9375,8.003684043884277
26-07-1999,8.75,8.9375,7600,9.0,8.75,7.835776329040527
27-07-1999,8.625,8.75,9200,8.75,8.6875,7.7798051834106445
28-07-1999,8.5,8.75,11400,8.75,8.5625,7.667864799499512
29-07-1999,8.3125,8.5625,65000,8.75,8.375,7.499954700469971
30-07-1999,8.4375,8.5625,57100,8.5625,8.5,7.611896991729736
02-08-1999,8.0,8.375,38000,8.625,8.3125,7.443986415863037
03-08-1999,8.0,8.1875,41800,8.25,8.1875,7.332047462463379
04-08-1999,7.5,8.1875,66300,8.1875,7.5,6.716378211975098
05-08-1999,7.3125,7.625,79800,7.75,7.5,6.716378211975098
06-08-1999,7.625,7.625,13000,7.9375,7.9375,7.108168125152588
09-08-1999,7.625,7.8125,10200,7.8125,7.6875,6.884287357330322
10-08-1999,7.5,7.625,7900,7.6875,7.625,6.828317165374756
11-08-1999,7.375,7.5,18500,7.75,7.5,6.716378211975098
12-08-1999,7.5,7.5,21700,7.75,7.6875,6.884287357330322
13-08-1999,7.5625,7.6875,40700,7.8125,7.8125,6.996226787567139
16-08-1999,7.75,7.75,35800,8.0,8.0,7.164139270782471
17-08-1999,8.0,8.0,60900,8.5,8.4375,7.555926322937012
18-08-1999,8.375,8.4375,34200,8.5,8.4375,7.555926322937012
19-08-1999,8.25,8.5,202600,9.125,8.9375,8.003684043884277
20-08-1999,9.0,9.0,53700,9.25,9.25,8.283529281616211
23-08-1999,9.0625,9.1875,47500,9.25,9.1875,8.261507034301758
24-08-1999,9.0,9.0625,19600,9.25,9.1875,8.261507034301758
25-08-1999,9.0,9.1875,12400,9.25,9.1875,8.261507034301758
26-08-1999,8.5,9.0625,30100,9.0625,8.5,7.643299579620361
27-08-1999,8.625,8.625,40800,8.875,8.75,7.868102073669434
30-08-1999,8.625,8.6875,20600,8.8125,8.8125,7.924297332763672
31-08-1999,8.5,8.6875,21600,8.75,8.5,7.643299579620361
01-09-1999,8.5,8.5,74300,9.25,9.25,8.31769847869873
02-09-1999,9.0625,9.125,71900,9.4375,9.25,8.31769847869873
03-09-1999,9.375,9.375,55000,9.6875,9.5,8.542506217956543
07-09-1999,9.25,9.375,64400,9.625,9.5625,8.598706245422363
08-09-1999,9.4375,9.5625,19300,9.625,9.625,8.6549072265625
09-09-1999,9.8125,9.8125,246100,10.125,9.875,8.879714965820312
10-09-1999,9.75,10.0,36200,10.0,9.875,8.879714965820312
13-09-1999,9.625,9.6875,25900,10.0,9.875,8.879714965820312
14-09-1999,9.625,9.875,42500,9.875,9.6875,8.71110725402832
15-09-1999,9.5625,9.5625,70800,10.0,9.875,8.879714965820312
16-09-1999,9.5,9.875,7600,9.875,9.5,8.542506217956543
17-09-1999,9.5,9.5,10900,9.6875,9.5,8.542506217956543
20-09-1999,9.375,9.375,13800,9.5,9.4375,8.486307144165039
21-09-1999,9.25,9.4375,19100,9.4375,9.25,8.31769847869873
22-09-1999,9.25,9.375,93900,9.5625,9.3125,8.37390422821045
23-09-1999,9.0,9.1875,33400,9.3125,9.0,8.092901229858398
24-09-1999,8.6875,9.0,11100,9.0625,8.75,7.868102073669434
27-09-1999,8.5625,8.75,78000,8.8125,8.625,7.75570011138916
28-09-1999,8.625,8.6875,43600,8.75,8.6875,7.811901569366455
29-09-1999,8.625,8.625,36800,8.875,8.75,7.868102073669434
30-09-1999,8.6875,8.75,16800,8.9375,8.875,7.980501651763916
01-10-1999,8.5,8.75,71400,8.875,8.6875,7.811901569366455
04-10-1999,8.6875,8.6875,40100,9.0,9.0,8.092901229858398
05-10-1999,9.0,9.0,19900,9.25,9.1875,8.261507034301758
06-10-1999,9.0,9.1875,74100,9.25,9.125,8.205303192138672
07-10-1999,8.96875,9.0625,22200,9.25,9.1875,8.261507034301758
08-10-1999,9.25,9.25,57400,9.5,9.375,8.430103302001953
11-10-1999,9.0,9.375,25300,9.375,9.0,8.092901229858398
12-10-1999,8.625,9.125,36200,9.125,8.8125,7.924297332763672
13-10-1999,8.8125,8.9375,16200,9.0,8.9375,8.036697387695312
14-10-1999,8.875,8.9375,19300,9.125,9.0625,8.149099349975586
15-10-1999,8.8125,9.125,16700,9.1875,9.0,8.092901229858398
18-10-1999,8.5625,8.875,27000,9.0,8.8125,7.924297332763672
19-10-1999,8.8125,8.8125,28800,9.0,8.875,7.980501651763916
20-10-1999,8.875,8.875,500,8.9375,8.9375,8.036697387695312
21-10-1999,8.6875,8.8125,21700,8.875,8.8125,7.924297332763672
22-10-1999,8.25,8.6875,34800,8.8125,8.5,7.643299579620361
25-10-1999,8.5,8.5,12200,8.6875,8.5,7.643299579620361
26-10-1999,8.5625,8.6875,8700,8.875,8.625,7.75570011138916
27-10-1999,8.0,8.625,35900,8.625,8.0625,7.249890327453613
28-10-1999,7.5625,8.0625,73000,8.1875,7.625,6.856484889984131
29-10-1999,7.4375,7.5625,64400,8.0,8.0,7.193690299987793
01-11-1999,7.9375,7.9375,32900,8.1875,8.125,7.306092739105225
02-11-1999,7.6875,8.125,9400,8.125,7.75,6.968885898590088
03-11-1999,7.5,7.75,14700,7.75,7.75,6.968885898590088
04-11-1999,7.625,7.875,50600,8.0,7.625,6.856484889984131
05-11-1999,7.625,7.625,75000,8.0,7.75,6.968885898590088
08-11-1999,7.625,7.75,22200,7.75,7.6875,6.912688732147217
09-11-1999,7.5625,7.5625,129800,7.875,7.8125,7.025087356567383
10-11-1999,7.8125,7.9375,28300,7.9375,7.875,7.081286907196045
11-11-1999,7.8125,7.8125,7900,7.9375,7.8125,7.025087356567383
12-11-1999,7.8125,7.8125,14800,7.9375,7.8125,7.025087356567383
15-11-1999,7.8125,7.8125,57500,7.9375,7.8125,7.025087356567383
16-11-1999,7.8125,7.8125,47100,8.1875,8.125,7.306092739105225
17-11-1999,8.0625,8.125,34800,8.375,8.375,7.566280841827393
18-11-1999,8.0,8.3125,64300,8.3125,8.1875,7.396887302398682
19-11-1999,7.8125,8.1875,57300,8.5625,8.5625,7.735676288604736
22-11-1999,8.0,8.5,78400,8.5625,8.4375,7.622745513916016
23-11-1999,8.4375,8.4375,27300,8.5,8.4375,7.622745513916016
24-11-1999,8.3125,8.5,69000,8.5,8.5,7.679213523864746
26-11-1999,8.4375,8.4375,7800,8.5625,8.5625,7.735676288604736
29-11-1999,8.375,8.4375,31300,8.5625,8.5625,7.735676288604736
30-11-1999,8.375,8.5,19500,8.5625,8.5,7.679213523864746
01-12-1999,8.125,8.375,12800,8.375,8.3125,7.509814262390137
02-12-1999,8.3125,8.3125,6300,8.4375,8.3125,7.509814262390137
03-12-1999,8.125,8.375,14000,8.375,8.1875,7.396887302398682
06-12-1999,8.0,8.3125,24400,8.3125,8.0,7.22749137878418
07-12-1999,7.9375,8.0,31800,8.125,8.0,7.22749137878418
08-12-1999,7.75,8.0,21500,8.0625,7.8125,7.058097839355469
09-12-1999,7.625,7.8125,22500,7.9375,7.6875,6.9451704025268555
10-12-1999,7.5,7.625,29300,7.625,7.5,6.7757720947265625
13-12-1999,7.375,7.5,9300,7.625,7.5,6.7757720947265625
14-12-1999,7.4375,7.4375,86300,7.875,7.875,7.114561080932617
15-12-1999,7.375,8.0,62900,8.0,7.5625,6.832240104675293
16-12-1999,7.5,7.5625,33700,7.6875,7.5,6.7757720947265625
17-12-1999,7.1875,7.5,34400,7.5,7.25,6.549915313720703
20-12-1999,7.3125,7.375,92200,7.6875,7.625,6.888702869415283
21-12-1999,7.625,7.625,46500,8.0,8.0,7.22749137878418
22-12-1999,7.875,8.0,29500,8.0,8.0,7.22749137878418
23-12-1999,7.9375,7.9375,102200,8.1875,8.125,7.340423107147217
27-12-1999,7.9375,8.125,23600,8.1875,7.9375,7.171027183532715
28-12-1999,7.5625,7.875,35300,7.875,7.703125,6.959283351898193
29-12-1999,7.6875,7.6875,33100,8.125,8.125,7.340423107147217
30-12-1999,7.875,8.0,39200,8.125,7.9375,7.171027183532715
31-12-1999,7.9375,7.9375,24000,8.3125,8.3125,7.509814262390137
03-01-2000,7.75,8.1875,30100,8.1875,7.8125,7.058097839355469
04-01-2000,7.4375,7.75,17500,7.875,7.5,6.7757720947265625
05-01-2000,7.375,7.5,26800,7.5625,7.375,6.662845134735107
06-01-2000,7.25,7.375,48400,7.6875,7.5625,6.832240104675293
07-01-2000,7.375,7.5625,20900,7.875,7.375,6.662845134735107
10-01-2000,7.0,7.5,84300,7.5,7.0625,6.380520820617676
11-01-2000,6.8125,7.1875,31500,7.25,6.875,6.211128234863281
12-01-2000,6.8125,7.0,28200,7.125,7.125,6.436985492706299
13-01-2000,7.125,7.25,17900,7.25,7.125,6.436985492706299
14-01-2000,6.9375,7.1875,29100,7.1875,6.9375,6.267590522766113
18-01-2000,7.0625,7.0625,50100,7.25,7.25,6.549915313720703
19-01-2000,7.25,7.25,12800,7.375,7.375,6.662845134735107
20-01-2000,7.3125,7.3125,27200,7.625,7.625,6.888702869415283
21-01-2000,7.4375,7.5,43000,7.75,7.75,7.0016326904296875
24-01-2000,7.4375,7.8125,88400,7.875,7.4375,6.719308376312256
25-01-2000,7.0,7.375,969200,7.375,7.1875,6.493450164794922
26-01-2000,7.125,7.25,9200,7.25,7.125,6.436985492706299
27-01-2000,7.0625,7.125,9600,7.1875,7.0625,6.380520820617676
28-01-2000,7.0,7.125,26300,7.125,7.0,6.324054718017578
31-01-2000,6.75,7.0,16400,7.0625,6.75,6.098196029663086
01-02-2000,6.625,6.8125,43900,6.8125,6.625,5.985266208648682
02-02-2000,6.6875,6.75,40500,6.8125,6.8125,6.154659748077393
03-02-2000,6.75,6.75,34500,7.0,7.0,6.324054718017578
04-02-2000,6.6875,7.0,70400,7.0,6.6875,6.041732311248779
07-02-2000,6.4375,6.6875,20100,6.6875,6.4375,5.815872669219971
08-02-2000,6.0,6.375,39000,6.4375,6.0,5.420619487762451
09-02-2000,5.8125,5.875,128200,5.9375,5.875,5.307689189910889
10-02-2000,5.9375,6.0,132800,6.5,6.4375,5.815872669219971
11-02-2000,6.3125,6.5,19500,6.5,6.375,5.759407997131348
14-02-2000,6.25,6.25,19900,6.5625,6.4375,5.815872669219971
15-02-2000,6.125,6.5,66900,6.5,6.375,5.759407997131348
16-02-2000,6.25,6.375,40600,6.6875,6.6875,6.041732311248779
17-02-2000,6.75,6.75,68600,7.3125,6.9375,6.267590522766113
18-02-2000,6.9375,7.0,31400,7.125,7.0,6.324054718017578
22-02-2000,6.9375,7.0,24500,7.1875,7.0,6.324054718017578
23-02-2000,7.0,7.0,12700,7.0625,7.0,6.324054718017578
24-02-2000,6.9375,7.0,24800,7.0,6.9375,6.267590522766113
25-02-2000,6.9375,7.0,17000,7.125,6.9375,6.267590522766113
28-02-2000,6.75,6.9375,97300,7.0,7.0,6.324054718017578
29-02-2000,6.8125,7.0,29000,7.0625,6.9375,6.267590522766113
01-03-2000,6.75,6.875,83800,7.0,6.9375,6.267590522766113
02-03-2000,6.75,6.9375,52400,7.0,6.875,6.211128234863281
03-03-2000,6.625,6.75,81000,6.8125,6.8125,6.154659748077393
06-03-2000,6.875,6.875,76500,7.0625,7.0625,6.380520820617676
07-03-2000,6.875,7.1875,32700,7.1875,7.125,6.436985492706299
08-03-2000,6.625,7.125,32000,7.125,6.875,6.211128234863281
09-03-2000,6.875,6.875,45200,7.25,7.125,6.472761631011963
10-03-2000,6.6875,7.125,16600,7.125,6.875,6.245650291442871
13-03-2000,6.8125,6.8125,11400,6.9375,6.9375,6.302426815032959
14-03-2000,6.75,6.8125,71200,6.9375,6.75,6.132088661193848
15-03-2000,6.5625,6.75,36900,6.75,6.625,6.018532752990723
16-03-2000,6.625,6.625,27200,6.6875,6.625,6.018532752990723
17-03-2000,6.5625,6.5625,39100,6.75,6.6875,6.075311660766602
20-03-2000,6.6875,6.8125,94400,7.0625,7.0,6.35920524597168
21-03-2000,6.875,7.0,105500,7.375,7.3125,6.643096923828125
22-03-2000,7.3125,7.3125,60900,7.5625,7.4375,6.756653785705566
23-03-2000,7.375,7.375,17100,7.5,7.375,6.6998772621154785
24-03-2000,6.8125,7.375,55200,7.375,6.9375,6.302426815032959
27-03-2000,6.9375,6.9375,90600,7.3125,7.0,6.35920524597168
28-03-2000,6.9375,7.0,84900,7.1875,7.0625,6.4159836769104
29-03-2000,7.0,7.0,70900,7.5,7.4375,6.756653785705566
30-03-2000,7.375,7.5,19300,7.5,7.375,6.6998772621154785
31-03-2000,7.4375,7.5,72700,7.9375,7.6875,6.983770370483398
03-04-2000,7.625,7.75,43600,7.8125,7.8125,7.097326278686523
04-04-2000,7.5625,7.6875,86100,7.75,7.625,6.926990509033203
05-04-2000,7.3125,7.5,52500,7.5625,7.4375,6.756653785705566
06-04-2000,7.4375,7.4375,31400,7.6875,7.625,6.926990509033203
07-04-2000,7.5625,7.625,96900,7.9375,7.75,7.0405473709106445
10-04-2000,7.625,7.6875,79100,8.125,8.125,7.38122034072876
11-04-2000,7.8125,8.25,100300,8.25,8.125,7.38122034072876
12-04-2000,7.75,8.125,50800,8.125,7.8125,7.097326278686523
13-04-2000,7.75,7.875,45800,8.0625,8.0,7.267662048339844
14-04-2000,7.25,8.0625,90600,8.25,7.25,6.586320877075195
17-04-2000,7.25,7.25,26600,7.625,7.3125,6.643096923828125
18-04-2000,7.3125,7.4375,25500,7.4375,7.375,6.6998772621154785
19-04-2000,7.25,7.25,17500,7.625,7.625,6.926990509033203
20-04-2000,7.625,7.625,12900,7.8125,7.75,7.0405473709106445
24-04-2000,7.5625,7.875,7700,7.9375,7.5625,6.870212078094482
25-04-2000,7.5625,7.625,7100,7.6875,7.625,6.926990509033203
26-04-2000,7.6875,7.6875,66500,8.3125,8.25,7.494780540466309
27-04-2000,8.0,8.125,28500,8.1875,8.0,7.267662048339844
28-04-2000,7.9375,8.0,32400,8.4375,8.4375,7.665112018585205
01-05-2000,8.0625,8.375,20400,8.375,8.25,7.494780540466309
02-05-2000,8.25,8.25,59800,8.4375,8.3125,7.551554203033447
03-05-2000,7.9375,8.3125,118400,8.3125,8.125,7.38122034072876
04-05-2000,8.0625,8.1875,63200,8.375,8.125,7.38122034072876
05-05-2000,8.125,8.125,45900,8.3125,8.3125,7.551554203033447
08-05-2000,8.1875,8.3125,21600,8.375,8.3125,7.551554203033447
09-05-2000,8.125,8.3125,38700,8.3125,8.1875,7.437999725341797
10-05-2000,7.75,8.125,47900,8.125,7.875,7.154104232788086
11-05-2000,7.75,7.9375,12500,8.0,7.875,7.154104232788086
12-05-2000,7.6875,7.875,18300,7.9375,7.6875,6.983770370483398
15-05-2000,7.5,7.625,69000,7.9375,7.875,7.154104232788086
16-05-2000,7.625,7.9375,27100,7.9375,7.8125,7.097326278686523
17-05-2000,7.625,7.75,43100,7.9375,7.6875,6.983770370483398
18-05-2000,7.875,7.875,65800,8.125,8.125,7.38122034072876
19-05-2000,8.0625,8.0625,103900,8.75,8.75,7.949011325836182
22-05-2000,8.75,8.9375,84500,8.9375,8.875,8.062564849853516
23-05-2000,8.1875,8.875,62800,8.875,8.1875,7.437999725341797
24-05-2000,7.9375,7.9375,114300,8.1875,8.0,7.267662048339844
25-05-2000,7.9375,7.9375,62600,8.625,8.1875,7.437999725341797
26-05-2000,8.0625,8.125,49700,8.375,8.125,7.38122034072876
30-05-2000,8.0625,8.1875,40200,8.4375,8.3125,7.551554203033447
31-05-2000,8.3125,8.3125,61600,8.875,8.6875,7.928473949432373
01-06-2000,8.625,8.625,34900,8.8125,8.75,7.985515594482422
02-06-2000,8.6875,8.75,76200,8.9375,8.9375,8.156624794006348
05-06-2000,8.8125,8.8125,83600,9.125,9.0625,8.270703315734863
06-06-2000,9.0,9.125,31400,9.125,9.125,8.327750205993652
07-06-2000,9.125,9.125,120300,9.875,9.625,8.78406047821045
08-06-2000,9.25,9.75,100800,9.75,9.375,8.555902481079102
09-06-2000,9.25,9.3125,13600,9.375,9.3125,8.498865127563477
12-06-2000,9.3125,9.4375,38200,9.5625,9.375,8.555902481079102
13-06-2000,9.25,9.4375,45900,9.625,9.625,8.78406047821045
14-06-2000,9.625,9.625,283000,9.875,9.75,8.898140907287598
15-06-2000,9.75,9.875,154500,10.375,10.375,9.468531608581543
16-06-2000,10.0625,10.3125,120700,10.5,10.125,9.240377426147461
19-06-2000,9.8125,10.125,60100,10.125,9.9375,9.069260597229004
20-06-2000,9.625,9.75,219200,9.8125,9.75,8.898140907287598
21-06-2000,9.5,9.6875,168000,9.8125,9.5625,8.727021217346191
22-06-2000,9.25,9.625,55600,9.625,9.25,8.441821098327637
23-06-2000,8.125,9.25,144700,9.4375,9.1875,8.384793281555176
26-06-2000,9.125,9.125,81200,9.3125,9.1875,8.384793281555176
27-06-2000,9.0625,9.1875,117000,9.25,9.125,8.327750205993652
28-06-2000,8.875,9.0625,54000,9.0625,9.0,8.213667869567871
29-06-2000,8.875,8.9375,158200,9.125,9.125,8.327750205993652
30-06-2000,9.0625,9.0625,187700,9.5,9.5,8.669983863830566
03-07-2000,9.375,9.4375,88800,9.5,9.4375,8.612945556640625
05-07-2000,8.9375,9.4375,135700,9.5,9.0,8.213667869567871
06-07-2000,8.9375,9.0,35300,9.25,9.25,8.441821098327637
07-07-2000,8.8125,9.25,76000,9.25,8.8125,8.042549133300781
10-07-2000,8.875,8.9375,103000,9.5625,9.5625,8.727021217346191
11-07-2000,9.375,9.5,87200,9.5,9.5,8.669983863830566
12-07-2000,9.5,9.5,186100,9.875,9.875,9.01222038269043
13-07-2000,9.5625,9.9375,103400,10.125,9.6875,8.84110164642334
14-07-2000,9.375,9.625,84200,9.75,9.4375,8.612945556640625
17-07-2000,9.375,9.5,73700,9.5,9.5,8.669983863830566
18-07-2000,9.25,9.4375,95000,9.4375,9.4375,8.612945556640625
19-07-2000,9.0,9.3125,87900,9.375,9.3125,8.498865127563477
20-07-2000,8.875,9.25,69700,9.25,9.0,8.213667869567871
21-07-2000,8.75,9.0,350500,9.125,9.125,8.327750205993652
24-07-2000,9.125,9.25,78800,9.3125,9.25,8.441821098327637
25-07-2000,9.25,9.3125,71500,9.375,9.3125,8.498865127563477
26-07-2000,9.25,9.3125,57800,9.6875,9.5625,8.727021217346191
27-07-2000,9.25,9.5,12600,9.5,9.25,8.441821098327637
28-07-2000,9.125,9.1875,25100,9.3125,9.1875,8.384793281555176
31-07-2000,8.9375,9.125,21700,9.1875,9.0,8.213667869567871
01-08-2000,9.0625,9.0625,25400,9.25,9.25,8.441821098327637
02-08-2000,9.25,9.25,12600,9.3125,9.3125,8.498865127563477
03-08-2000,8.9375,9.1875,125300,9.4375,9.0,8.213667869567871
04-08-2000,8.875,9.0625,30900,9.1875,9.125,8.327750205993652
07-08-2000,9.0625,9.0625,36300,9.3125,9.125,8.327750205993652
08-08-2000,9.0,9.0625,13300,9.1875,9.0,8.213667869567871
09-08-2000,8.875,9.0,27000,9.125,8.9375,8.156624794006348
10-08-2000,8.75,8.875,100000,8.9375,8.75,7.985515594482422
11-08-2000,8.75,8.75,27000,8.9375,8.9375,8.156624794006348
14-08-2000,8.8125,9.0,57900,9.0625,8.8125,8.042549133300781
15-08-2000,8.6875,8.8125,33100,8.875,8.6875,7.928473949432373
16-08-2000,8.625,8.75,27700,8.875,8.875,8.099592208862305
17-08-2000,8.8125,8.9375,138700,9.125,8.8125,8.042549133300781
18-08-2000,8.6875,8.75,36200,8.8125,8.6875,7.928473949432373
21-08-2000,8.6875,8.6875,20900,8.8125,8.6875,7.928473949432373
22-08-2000,8.625,8.625,11300,8.75,8.6875,7.928473949432373
23-08-2000,8.4375,8.625,130200,8.6875,8.4375,7.734143257141113
24-08-2000,8.375,8.375,54000,8.5,8.4375,7.734143257141113
25-08-2000,8.4375,8.4375,12400,8.875,8.875,8.135175704956055
28-08-2000,8.9375,8.9375,34100,9.5,8.9375,8.192463874816895
29-08-2000,8.875,9.0625,21600,9.1875,9.0625,8.307042121887207
30-08-2000,9.0625,9.0625,37600,9.5,9.375,8.593489646911621
31-08-2000,9.0,9.375,39200,9.5625,9.125,8.364336013793945
01-09-2000,9.0,9.0,110100,9.125,9.0,8.249753952026367
05-09-2000,8.875,9.0,36800,9.0,8.9375,8.192463874816895
06-09-2000,8.875,9.0,43800,9.3125,9.1875,8.421627044677734
07-09-2000,9.125,9.1875,68900,9.75,9.75,8.93723201751709
08-09-2000,9.75,9.75,89300,10.0625,10.0625,9.223682403564453
11-09-2000,9.875,10.25,315400,10.3125,9.9375,9.109105110168457
12-09-2000,10.0,10.0,81600,10.25,10.1875,9.33825969696045
13-09-2000,10.1875,10.1875,344800,11.0625,11.0625,10.140320777893066
14-09-2000,11.125,11.125,122400,12.25,11.5625,10.59864616394043
15-09-2000,11.5,11.5,124400,11.6875,11.5625,10.59864616394043
18-09-2000,11.0,11.5625,39500,11.5625,11.0,10.083027839660645
19-09-2000,11.0,11.0,111000,11.5,11.5,10.54135513305664
20-09-2000,11.5,11.5,53500,11.6875,11.5625,10.59864616394043
21-09-2000,11.25,11.625,21300,11.625,11.3125,10.369483947753906
22-09-2000,11.1875,11.1875,64700,11.3125,11.1875,10.254904747009277
25-09-2000,10.6875,11.125,28400,11.125,10.8125,9.911162376403809
26-09-2000,10.75,10.75,368800,11.3125,11.3125,10.369483947753906
27-09-2000,10.9375,11.375,56100,11.375,10.9375,10.025739669799805
28-09-2000,10.625,10.9375,352500,11.125,10.875,9.968450546264648
29-09-2000,10.3125,10.625,43500,10.8125,10.3125,9.452842712402344
02-10-2000,10.5625,10.5625,203900,11.625,11.5,10.54135513305664
03-10-2000,11.25,11.5,24900,11.75,11.3125,10.369483947753906
04-10-2000,11.125,11.3125,67200,11.3125,11.1875,10.254904747009277
05-10-2000,11.0,11.1875,47300,11.25,11.0625,10.140320777893066
06-10-2000,10.8125,11.0,113600,11.375,11.375,10.426773071289062
09-10-2000,11.1875,11.25,43900,11.4375,11.4375,10.484065055847168
10-10-2000,11.3125,11.3125,48600,11.5,11.375,10.426773071289062
11-10-2000,11.0,11.34375,84000,11.34375,11.0,10.083027839660645
12-10-2000,10.5,10.8125,32800,10.8125,10.5625,9.682003021240234
13-10-2000,10.375,10.5,121300,10.5625,10.5625,9.682003021240234
16-10-2000,10.5,10.5,38300,10.8125,10.8125,9.911162376403809
17-10-2000,10.625,10.75,13300,10.75,10.6875,9.796581268310547
18-10-2000,10.5,10.625,38400,10.625,10.625,9.739291191101074
19-10-2000,10.5,10.625,51800,10.75,10.75,9.853873252868652
20-10-2000,10.6875,10.75,16700,10.8125,10.8125,9.911162376403809
23-10-2000,10.75,10.75,24300,10.9375,10.9375,10.025739669799805
24-10-2000,10.875,10.9375,29500,11.0,10.875,9.968450546264648
25-10-2000,11.0,11.0625,235800,11.1875,11.125,10.197611808776855
26-10-2000,11.0625,11.0625,126300,11.1875,11.125,10.197611808776855
27-10-2000,11.25,11.25,131600,11.625,11.625,10.655939102172852
30-10-2000,11.5,11.5,242800,11.75,11.5,10.54135513305664
31-10-2000,11.5,11.625,126000,11.875,11.875,10.885087966918945
01-11-2000,11.375,11.875,24600,11.875,11.5,10.54135513305664
02-11-2000,11.25,11.5625,148900,11.5625,11.375,10.426773071289062
03-11-2000,11.4375,11.5,379500,11.75,11.75,10.770512580871582
06-11-2000,11.8125,11.8125,114400,12.0,12.0,10.999670028686523
07-11-2000,11.875,11.9375,55000,12.25,12.25,11.228830337524414
08-11-2000,12.3125,12.3125,43300,12.5,12.5,11.457993507385254
09-11-2000,11.875,12.625,17500,12.625,12.1875,11.17154312133789
10-11-2000,11.6875,12.0625,27800,12.0625,11.9375,10.9423828125
13-11-2000,11.6875,11.8125,10300,12.0,12.0,10.999670028686523
14-11-2000,11.625,12.0625,90400,12.0625,11.8125,10.827800750732422
15-11-2000,11.625,11.625,56000,11.8125,11.75,10.805268287658691
16-11-2000,12.0,12.0,514200,13.0,12.8125,11.782342910766602
17-11-2000,12.5,12.75,106500,13.0,12.625,11.609916687011719
20-11-2000,12.6875,12.6875,51100,12.8125,12.6875,11.66739559173584
21-11-2000,12.6875,12.75,146300,13.0625,12.9375,11.89729118347168
22-11-2000,12.75,13.0,19100,13.0,12.75,11.724870681762695
24-11-2000,12.75,12.75,14800,12.875,12.8125,11.782342910766602
27-11-2000,12.75,12.75,63700,13.25,13.25,12.184662818908691
28-11-2000,13.375,13.375,161600,13.875,13.8125,12.701944351196289
29-11-2000,13.25,13.875,25100,13.875,13.25,12.184662818908691
30-11-2000,12.875,13.25,52900,13.25,12.875,11.839822769165039
01-12-2000,12.875,12.875,208900,13.25,13.1875,12.127198219299316
04-12-2000,13.3125,13.3125,107100,13.625,13.625,12.529520034790039
05-12-2000,13.25,13.5625,247300,13.625,13.625,12.529520034790039
06-12-2000,13.0625,13.5,39000,13.75,13.1875,12.127198219299316
07-12-2000,12.875,13.0625,153200,13.125,12.875,11.839822769165039
08-12-2000,12.9375,13.0,43900,13.3125,13.25,12.184662818908691
11-12-2000,13.0,13.125,90200,13.5,13.5,12.414566040039062
12-12-2000,13.375,13.375,45100,13.8125,13.5,12.414566040039062
13-12-2000,13.375,13.375,259600,13.875,13.75,12.644466400146484
14-12-2000,13.125,13.5625,122800,13.625,13.625,12.529520034790039
15-12-2000,13.3125,13.625,72900,13.6875,13.375,12.299615859985352
18-12-2000,12.25,13.125,187400,13.125,12.3125,11.322548866271973
19-12-2000,12.3125,12.3125,37100,12.5,12.5,11.494975090026855
20-12-2000,12.3125,12.375,98000,12.875,12.5,11.494975090026855
21-12-2000,12.125,12.46875,128000,12.46875,12.25,11.265071868896484
22-12-2000,12.125,12.1875,108900,12.25,12.1875,11.20759391784668
26-12-2000,11.8125,11.9375,98800,12.0625,11.9375,10.977697372436523
27-12-2000,12.0,12.0,33500,12.75,12.75,11.724870681762695
28-12-2000,12.75,12.8125,58200,13.0,12.9375,11.89729118347168
29-12-2000,12.875,13.0,63100,13.0,13.0,11.954774856567383
02-01-2001,11.5,12.9375,80200,12.9375,11.5625,10.63284683227539
03-01-2001,11.25,11.4375,107900,12.375,12.1875,11.20759391784668
04-01-2001,11.4375,12.125,249700,12.125,11.625,10.69032096862793
05-01-2001,11.5625,11.625,57200,11.8125,11.5625,10.63284683227539
08-01-2001,11.1875,11.6875,118600,11.8125,11.3125,10.402946472167969
09-01-2001,11.3125,11.3125,118500,12.0,12.0,11.035174369812012
10-01-2001,11.5,12.0,107400,12.0,11.625,10.69032096862793
11-01-2001,11.25,11.625,48000,11.625,11.4375,10.517901420593262
12-01-2001,11.0,11.4375,79300,11.9375,11.9375,10.977697372436523
16-01-2001,11.8125,11.9375,270600,12.1875,12.0625,11.092646598815918
17-01-2001,11.6875,12.0625,56900,12.0625,12.0,11.035174369812012
18-01-2001,11.875,11.9375,19300,11.9375,11.9375,10.977697372436523
19-01-2001,11.6875,11.875,24600,11.9375,11.8125,10.862743377685547
22-01-2001,12.0,12.125,242600,12.3125,12.25,11.265071868896484
23-01-2001,12.6875,12.875,340100,13.0625,12.875,11.839822769165039
24-01-2001,12.875,12.875,73500,13.4375,13.0,11.954774856567383
25-01-2001,12.8125,13.0625,75900,13.125,13.0,11.954774856567383
26-01-2001,13.0,13.0,54400,13.1875,13.0625,12.012247085571289
29-01-2001,12.100000381469727,13.09000015258789,79800,13.100000381469727,12.180000305175781,11.200701713562012
30-01-2001,12.550000190734863,12.550000190734863,120600,13.4399995803833,13.260000228881836,12.193864822387695
31-01-2001,12.819999694824219,13.359999656677246,71600,13.470000267028809,12.90999984741211,11.872004508972168
01-02-2001,13.300000190734863,13.300000190734863,92700,14.0,13.800000190734863,12.690446853637695
02-02-2001,13.800000190734863,14.050000190734863,73800,14.069999694824219,14.050000190734863,12.9203462600708
05-02-2001,14.0,14.010000228881836,125600,15.0,14.899999618530273,13.702004432678223
06-02-2001,14.90999984741211,15.0,239100,15.479999542236328,15.25,14.0238618850708
07-02-2001,14.899999618530273,15.260000228881836,163000,15.75,15.260000228881836,14.033055305480957
08-02-2001,15.25,15.25,32600,15.319999694824219,15.25,14.0238618850708
09-02-2001,15.25,15.25,179600,15.699999809265137,15.699999809265137,14.437684059143066
12-02-2001,14.880000114440918,15.829999923706055,137100,15.84000015258789,15.0600004196167,13.849143981933594
13-02-2001,14.989999771118164,15.079999923706055,99800,15.100000381469727,15.050000190734863,13.839945793151855
14-02-2001,14.760000228881836,15.09000015258789,97800,15.100000381469727,14.9399995803833,13.738787651062012
15-02-2001,14.739999771118164,15.039999961853027,82300,15.09000015258789,14.859999656677246,13.665218353271484
16-02-2001,14.699999809265137,14.760000228881836,66800,15.100000381469727,14.779999732971191,13.591651916503906
20-02-2001,14.880000114440918,14.880000114440918,196800,15.25,15.069999694824219,13.85833740234375
21-02-2001,15.0,15.069999694824219,84800,15.350000381469727,15.010000228881836,13.8031644821167
22-02-2001,14.899999618530273,15.010000228881836,53200,15.319999694824219,15.039999961853027,13.830748558044434
23-02-2001,14.90999984741211,15.020000457763672,64900,15.25,15.25,14.0238618850708
26-02-2001,14.930000305175781,15.289999961853027,42000,15.289999961853027,15.25,14.0238618850708
27-02-2001,14.75,15.050000190734863,69900,15.100000381469727,14.949999809265137,13.74798583984375
28-02-2001,14.449999809265137,14.949999809265137,85100,15.050000190734863,14.899999618530273,13.702004432678223
01-03-2001,14.0,14.989999771118164,58600,14.989999771118164,14.800000190734863,13.610045433044434
02-03-2001,14.710000038146973,14.899999618530273,138800,15.199999809265137,15.0,13.793962478637695
05-03-2001,14.699999809265137,15.0,98300,15.300000190734863,15.25,14.0238618850708
06-03-2001,15.149999618530273,15.25,242400,16.450000762939453,15.960000038146973,14.676777839660645
07-03-2001,16.049999237060547,16.049999237060547,310900,16.399999618530273,16.209999084472656,14.906678199768066
08-03-2001,15.75,16.209999084472656,95200,16.209999084472656,16.170000076293945,14.869894981384277
09-03-2001,16.010000228881836,16.170000076293945,47800,16.389999389648438,16.299999237060547,14.9894437789917
12-03-2001,15.0,16.3799991607666,92400,16.3799991607666,15.25,14.0238618850708
13-03-2001,15.25,15.25,77400,15.970000267028809,15.510000228881836,14.262958526611328
14-03-2001,14.699999809265137,15.399999618530273,85600,15.600000381469727,14.75,13.564066886901855
15-03-2001,14.470000267028809,14.609999656677246,80100,15.140000343322754,14.479999542236328,13.35016918182373
16-03-2001,14.0,14.470000267028809,73900,14.470000267028809,14.149999618530273,13.045917510986328
19-03-2001,14.050000190734863,14.050000190734863,173200,15.350000381469727,14.949999809265137,13.783495903015137
20-03-2001,14.5,14.5,75900,15.100000381469727,14.739999771118164,13.589877128601074
21-03-2001,14.510000228881836,14.84000015258789,28100,14.90999984741211,14.600000381469727,13.460805892944336
22-03-2001,13.5,14.600000381469727,58500,14.670000076293945,13.800000190734863,12.72323226928711
23-03-2001,12.699999809265137,13.899999618530273,124700,14.449999809265137,13.399999618530273,12.354433059692383
26-03-2001,13.300000190734863,13.300000190734863,90000,14.199999809265137,14.029999732971191,12.935280799865723
27-03-2001,13.90999984741211,13.930000305175781,73700,15.100000381469727,15.100000381469727,13.921788215637207
28-03-2001,14.279999732971191,15.050000190734863,87200,15.050000190734863,14.300000190734863,13.184209823608398
29-03-2001,14.050000190734863,14.399999618530273,77800,14.760000228881836,14.050000190734863,12.953718185424805
30-03-2001,14.149999618530273,14.149999618530273,96100,15.239999771118164,15.079999923706055,13.903352737426758
02-04-2001,14.850000381469727,15.199999809265137,105700,15.449999809265137,15.350000381469727,14.152288436889648
03-04-2001,15.079999923706055,15.449999809265137,128300,15.479999542236328,15.239999771118164,14.05086612701416
04-04-2001,14.800000190734863,15.239999771118164,97200,15.449999809265137,15.300000190734863,14.10618782043457
05-04-2001,15.399999618530273,15.470000267028809,103800,15.75,15.5,14.290578842163086
06-04-2001,15.25,15.5,58000,15.5,15.300000190734863,14.10618782043457
09-04-2001,15.300000190734863,15.300000190734863,76700,15.899999618530273,15.800000190734863,14.567172050476074
10-04-2001,15.359999656677246,15.800000190734863,89100,15.800000190734863,15.649999618530273,14.428874969482422
11-04-2001,15.25,15.699999809265137,38900,15.699999809265137,15.4399995803833,14.235260963439941
12-04-2001,14.720000267028809,15.399999618530273,68600,15.399999618530273,15.100000381469727,13.921788215637207
16-04-2001,15.100000381469727,15.100000381469727,71200,15.25,15.109999656677246,13.931010246276855
17-04-2001,15.100000381469727,15.149999618530273,60700,15.199999809265137,15.100000381469727,13.921788215637207
18-04-2001,15.100000381469727,15.300000190734863,228400,15.899999618530273,15.75,14.521074295043945
19-04-2001,15.25,15.75,72300,15.9399995803833,15.399999618530273,14.198381423950195
20-04-2001,14.569999694824219,15.25,105300,15.25,14.699999809265137,13.552998542785645
23-04-2001,14.0,14.600000381469727,119400,14.800000190734863,14.800000190734863,13.645203590393066
24-04-2001,14.829999923706055,14.899999618530273,30600,15.09000015258789,15.09000015258789,13.912569999694824
25-04-2001,14.800000190734863,15.09000015258789,52000,15.09000015258789,14.850000381469727,13.69129753112793
26-04-2001,14.800000190734863,14.949999809265137,62800,15.100000381469727,14.819999694824219,13.6636381149292
27-04-2001,14.699999809265137,14.720000267028809,31300,15.149999618530273,15.149999618530273,13.967887878417969
30-04-2001,15.0,15.149999618530273,201400,16.18000030517578,15.0,13.82959270477295
01-05-2001,15.25,15.399999618530273,465000,17.0,17.0,15.673538208007812
02-05-2001,15.079999923706055,16.75,180700,16.979999542236328,16.5,15.212553024291992
03-05-2001,16.020000457763672,16.5,50400,16.799999237060547,16.15999984741211,14.89908218383789
04-05-2001,15.920000076293945,16.100000381469727,69500,16.479999542236328,16.479999542236328,15.194111824035645
07-05-2001,16.25,16.479999542236328,189800,17.450000762939453,17.219999313354492,15.876371383666992
08-05-2001,16.950000762939453,17.149999618530273,42700,17.200000762939453,17.100000381469727,15.765731811523438
09-05-2001,16.950000762939453,17.0,58900,17.450000762939453,17.299999237060547,15.9501371383667
10-05-2001,16.549999237060547,17.25,194200,17.299999237060547,17.299999237060547,15.9501371383667
11-05-2001,17.149999618530273,17.25,49600,17.549999237060547,17.399999618530273,16.042335510253906
14-05-2001,17.020000457763672,17.649999618530273,73200,17.850000381469727,17.75,16.365020751953125
15-05-2001,17.350000381469727,17.75,228000,18.700000762939453,17.670000076293945,16.291261672973633
16-05-2001,17.299999237060547,17.920000076293945,84400,17.920000076293945,17.350000381469727,15.99622631072998
17-05-2001,17.309999465942383,17.5,75400,18.200000762939453,17.600000381469727,16.226720809936523
18-05-2001,17.649999618530273,17.649999618530273,160900,18.5,18.450000762939453,17.010391235351562
21-05-2001,18.25,18.399999618530273,96200,18.579999923706055,18.450000762939453,17.010391235351562
22-05-2001,18.399999618530273,18.450000762939453,231900,18.739999771118164,18.450000762939453,17.010391235351562
23-05-2001,17.649999618530273,18.399999618530273,115400,18.450000762939453,17.649999618530273,16.272815704345703
24-05-2001,14.800000190734863,17.799999237060547,350700,17.799999237060547,15.6899995803833,14.496967315673828
25-05-2001,15.739999771118164,15.75,78100,16.0,15.930000305175781,14.718717575073242
29-05-2001,15.859999656677246,16.0,139000,16.729999542236328,16.729999542236328,15.457890510559082
30-05-2001,16.25,16.729999542236328,107200,17.0,16.549999237060547,15.291574478149414
31-05-2001,15.5,16.799999237060547,161000,16.799999237060547,15.5,14.321414947509766
01-06-2001,15.569999694824219,15.569999694824219,128700,16.0,15.90999984741211,14.700235366821289
04-06-2001,15.850000381469727,15.949999809265137,74000,16.0,16.0,14.783392906188965
05-06-2001,15.899999618530273,16.0,166800,16.020000457763672,16.0,14.783392906188965
06-06-2001,15.649999618530273,15.949999809265137,58800,16.0,15.649999618530273,14.460000991821289
07-06-2001,15.149999618530273,15.75,69200,15.75,15.329999923706055,14.164339065551758
08-06-2001,14.100000381469727,15.25,188300,15.289999961853027,14.699999809265137,13.58223819732666
11-06-2001,13.800000190734863,14.600000381469727,130100,14.699999809265137,14.0,12.935471534729004
12-06-2001,13.760000228881836,14.050000190734863,140700,14.199999809265137,13.979999542236328,12.916993141174316
13-06-2001,13.890000343322754,14.100000381469727,108500,14.109999656677246,14.109999656677246,13.037103652954102
14-06-2001,13.760000228881836,13.800000190734863,77800,14.399999618530273,14.399999618530273,13.305051803588867
15-06-2001,14.1899995803833,14.350000381469727,152500,14.350000381469727,14.25,13.166460037231445
18-06-2001,14.149999618530273,14.479999542236328,156800,14.479999542236328,14.149999618530273,13.074066162109375
19-06-2001,14.199999809265137,14.699999809265137,91500,14.699999809265137,14.199999809265137,13.120260238647461
20-06-2001,14.210000038146973,14.210000038146973,102100,14.59000015258789,14.5,13.397454261779785
21-06-2001,14.220000267028809,14.550000190734863,101600,14.630000114440918,14.600000381469727,13.489849090576172
22-06-2001,13.9399995803833,14.5,48400,14.5,14.09000015258789,13.018625259399414
25-06-2001,13.800000190734863,14.180000305175781,45800,14.359999656677246,13.800000190734863,12.75067138671875
26-06-2001,13.699999809265137,13.699999809265137,143600,14.739999771118164,14.739999771118164,13.619197845458984
27-06-2001,14.0,14.84000015258789,104400,14.960000038146973,14.119999885559082,13.046341896057129
28-06-2001,14.149999618530273,14.199999809265137,84100,14.600000381469727,14.25,13.166460037231445
29-06-2001,14.220000267028809,14.350000381469727,115300,14.699999809265137,14.399999618530273,13.305051803588867
02-07-2001,14.149999618530273,14.300000190734863,76100,14.600000381469727,14.149999618530273,13.074066162109375
03-07-2001,14.210000038146973,14.25,18800,14.420000076293945,14.300000190734863,13.212656021118164
05-07-2001,13.800000190734863,14.25,69900,14.300000190734863,14.0600004196167,12.990912437438965
06-07-2001,13.050000190734863,14.0600004196167,165000,14.149999618530273,13.149999618530273,12.150106430053711
09-07-2001,12.199999809265137,13.0,332200,13.0,12.279999732971191,11.346254348754883
10-07-2001,11.699999809265137,11.699999809265137,515700,12.199999809265137,12.119999885559082,11.198418617248535
11-07-2001,12.220000267028809,12.220000267028809,354300,14.510000228881836,14.40999984741211,13.314291000366211
12-07-2001,13.800000190734863,14.75,68600,14.75,13.899999618530273,12.843073844909668
13-07-2001,13.949999809265137,13.949999809265137,63300,14.4399995803833,14.289999961853027,13.203418731689453
16-07-2001,14.100000381469727,14.390000343322754,55700,14.399999618530273,14.199999809265137,13.120260238647461
17-07-2001,14.020000457763672,14.180000305175781,61100,14.5,14.5,13.397454261779785
18-07-2001,14.300000190734863,14.399999618530273,42000,14.75,14.649999618530273,13.536048889160156
19-07-2001,14.630000114440918,14.699999809265137,103600,15.199999809265137,14.800000190734863,13.674641609191895
20-07-2001,14.649999618530273,14.760000228881836,36800,14.989999771118164,14.8100004196167,13.683876991271973
23-07-2001,14.729999542236328,14.819999694824219,77900,15.029999732971191,14.899999618530273,13.767038345336914
24-07-2001,14.350000381469727,14.949999809265137,70600,15.050000190734863,14.350000381469727,13.258859634399414
25-07-2001,14.25,14.350000381469727,113000,14.579999923706055,14.300000190734863,13.212656021118164
26-07-2001,13.800000190734863,14.300000190734863,109100,14.550000190734863,13.989999771118164,12.926229476928711
27-07-2001,13.199999809265137,13.989999771118164,133900,13.989999771118164,13.34000015258789,12.325654029846191
30-07-2001,13.199999809265137,13.399999618530273,127700,14.0,14.0,12.935471534729004
31-07-2001,13.5,14.0,101600,14.050000190734863,13.699999809265137,12.658282279968262
01-08-2001,12.850000381469727,13.649999618530273,91500,13.649999618530273,12.949999809265137,11.965309143066406
02-08-2001,11.699999809265137,12.850000381469727,515400,12.859999656677246,12.100000381469727,11.179946899414062
03-08-2001,12.079999923706055,12.079999923706055,48800,12.449999809265137,12.449999809265137,11.50333309173584
06-08-2001,11.890000343322754,12.449999809265137,33000,12.449999809265137,11.899999618530273,10.995148658752441
07-08-2001,11.649999618530273,12.0,58500,12.199999809265137,11.75,10.856555938720703
08-08-2001,11.5,11.800000190734863,79300,11.989999771118164,11.5,10.625566482543945
09-08-2001,11.600000381469727,11.600000381469727,185700,12.300000190734863,12.270000457763672,11.337014198303223
10-08-2001,12.149999618530273,12.369999885559082,92400,12.369999885559082,12.210000038146973,11.281578063964844
13-08-2001,12.149999618530273,12.149999618530273,103800,12.550000190734863,12.319999694824219,11.383214950561523
14-08-2001,12.350000381469727,12.399999618530273,79800,12.75,12.609999656677246,11.651165008544922
15-08-2001,12.600000381469727,12.600000381469727,85500,13.399999618530273,13.390000343322754,12.371850967407227
16-08-2001,12.869999885559082,13.300000190734863,87300,13.300000190734863,13.050000190734863,12.057706832885742
17-08-2001,13.0,13.029999732971191,21700,13.119999885559082,13.050000190734863,12.057706832885742
20-08-2001,13.0,13.020000457763672,14100,13.300000190734863,13.229999542236328,12.224018096923828
21-08-2001,13.0,13.329999923706055,81200,13.420000076293945,13.010000228881836,12.020750045776367
22-08-2001,12.850000381469727,12.970000267028809,77300,13.100000381469727,13.100000381469727,12.139358520507812
23-08-2001,13.100000381469727,13.449999809265137,154200,13.800000190734863,13.569999694824219,12.5748929977417
24-08-2001,13.579999923706055,13.579999923706055,108800,14.050000190734863,13.819999694824219,12.806561470031738
27-08-2001,13.829999923706055,13.829999923706055,84700,14.399999618530273,14.260000228881836,13.21429443359375
28-08-2001,14.050000190734863,14.260000228881836,114800,14.300000190734863,14.229999542236328,13.186494827270508
29-08-2001,14.0,14.229999542236328,145700,14.239999771118164,14.180000305175781,13.140164375305176
30-08-2001,14.119999885559082,14.149999618530273,97000,14.359999656677246,14.210000038146973,13.167960166931152
31-08-2001,14.1899995803833,14.220000267028809,68400,14.770000457763672,14.770000457763672,13.68690013885498
04-09-2001,14.0,14.869999885559082,71300,14.869999885559082,14.0,12.973365783691406
05-09-2001,14.020000457763672,14.100000381469727,37700,14.350000381469727,14.130000114440918,13.093832969665527
06-09-2001,14.0,14.140000343322754,158300,14.140000343322754,14.010000228881836,12.982626914978027
07-09-2001,13.3100004196167,14.0,178400,14.029999732971191,13.34000015258789,12.361760139465332
10-09-2001,12.5600004196167,13.239999771118164,156800,13.239999771118164,12.65999984741211,11.731626510620117
17-09-2001,11.199999809265137,12.65999984741211,29500,12.65999984741211,11.199999809265137,10.37868881225586
18-09-2001,10.600000381469727,11.300000190734863,59100,11.399999618530273,10.979999542236328,10.174823760986328
19-09-2001,10.399999618530273,10.979999542236328,32300,10.979999542236328,10.670000076293945,9.887553215026855
20-09-2001,9.520000457763672,10.569999694824219,47000,10.569999694824219,9.699999809265137,8.988685607910156
21-09-2001,9.0,9.100000381469727,341300,9.779999732971191,9.119999885559082,8.451217651367188
24-09-2001,9.149999618530273,9.149999618530273,110100,10.850000381469727,9.989999771118164,9.257420539855957
25-09-2001,9.300000190734863,9.600000381469727,156500,9.699999809265137,9.699999809265137,8.988685607910156
26-09-2001,9.399999618530273,9.75,54400,9.75,9.40999984741211,8.719955444335938
27-09-2001,9.010000228881836,9.40999984741211,51000,9.40999984741211,9.239999771118164,8.562423706054688
28-09-2001,9.25,9.5,119600,9.899999618530273,9.899999618530273,9.174018859863281
01-10-2001,9.319999694824219,9.880000114440918,108800,10.350000381469727,9.4399995803833,8.74775505065918
02-10-2001,9.149999618530273,9.5,124800,9.5,9.229999542236328,8.55315113067627
03-10-2001,9.119999885559082,9.260000228881836,215700,9.649999618530273,9.5,8.803351402282715
04-10-2001,9.600000381469727,9.600000381469727,94400,9.989999771118164,9.670000076293945,8.960887908935547
05-10-2001,9.199999809265137,9.75,45800,9.899999618530273,9.800000190734863,9.081355094909668
08-10-2001,9.5,9.800000190734863,14600,9.899999618530273,9.800000190734863,9.081355094909668
09-10-2001,9.300000190734863,9.699999809265137,12600,9.710000038146973,9.300000190734863,8.618020057678223
10-10-2001,9.25,9.300000190734863,47700,9.649999618530273,9.59000015258789,8.886752128601074
11-10-2001,9.5,9.5,160300,10.0,9.949999809265137,9.220355033874512
12-10-2001,9.619999885559082,9.850000381469727,25200,9.880000114440918,9.6899995803833,8.979418754577637
15-10-2001,9.710000038146973,9.75,47300,10.0,9.930000305175781,9.20181941986084
16-10-2001,9.920000076293945,9.930000305175781,27900,10.0,9.930000305175781,9.20181941986084
17-10-2001,9.600000381469727,9.979999542236328,56400,10.0,9.600000381469727,8.896017074584961
18-10-2001,9.399999618530273,9.600000381469727,103900,9.619999885559082,9.539999961853027,8.84041976928711
19-10-2001,9.550000190734863,9.550000190734863,47900,9.899999618530273,9.890000343322754,9.164749145507812
22-10-2001,9.84000015258789,9.949999809265137,45300,10.149999618530273,9.850000381469727,9.127687454223633
23-10-2001,9.75,9.800000190734863,53200,10.449999809265137,9.75,9.035019874572754
24-10-2001,9.4399995803833,9.75,41100,9.789999961853027,9.539999961853027,8.84041976928711
25-10-2001,9.0,9.199999809265137,111000,9.350000381469727,9.329999923706055,8.645816802978516
26-10-2001,9.260000228881836,9.329999923706055,83900,9.579999923706055,9.350000381469727,8.664352416992188
29-10-2001,8.850000381469727,9.25,98500,9.390000343322754,9.0,8.340022087097168
30-10-2001,8.399999618530273,9.0,116800,9.039999961853027,8.5,7.876683235168457
31-10-2001,8.5,8.520000457763672,236900,8.789999961853027,8.539999961853027,7.913751602172852
01-11-2001,8.319999694824219,8.550000190734863,62100,8.75,8.699999809265137,8.062020301818848
02-11-2001,8.5,8.710000038146973,72700,8.899999618530273,8.510000228881836,7.885948657989502
05-11-2001,8.449999809265137,8.449999809265137,40100,9.140000343322754,9.140000343322754,8.469751358032227
06-11-2001,8.5,9.039999961853027,58300,9.550000190734863,9.350000381469727,8.664352416992188
07-11-2001,9.149999618530273,9.149999618530273,123500,9.949999809265137,9.859999656677246,9.136957168579102
08-11-2001,9.550000190734863,9.899999618530273,86300,10.239999771118164,9.550000190734863,8.849685668945312
09-11-2001,9.550000190734863,9.550000190734863,345700,10.100000381469727,9.829999923706055,9.10915470123291
12-11-2001,9.479999542236328,9.899999618530273,71900,9.899999618530273,9.520000457763672,8.821887969970703
13-11-2001,9.489999771118164,9.5,199900,10.25,10.25,9.498351097106934
14-11-2001,10.229999542236328,10.25,150600,11.100000381469727,11.069999694824219,10.296392440795898
15-11-2001,11.25,11.25,220100,11.770000457763672,11.5,10.696344375610352
16-11-2001,11.260000228881836,11.5,167800,11.899999618530273,11.260000228881836,10.473116874694824
19-11-2001,11.260000228881836,11.260000228881836,38000,11.5,11.270000457763672,10.482418060302734
20-11-2001,10.899999618530273,11.25,49300,11.399999618530273,10.989999771118164,10.22198486328125
21-11-2001,10.5,10.899999618530273,89700,11.050000190734863,10.970000267028809,10.203381538391113
23-11-2001,11.0,11.0,30300,11.300000190734863,11.100000381469727,10.324295997619629
26-11-2001,10.960000038146973,11.130000114440918,105500,11.289999961853027,11.050000190734863,10.277792930603027
27-11-2001,10.920000076293945,11.100000381469727,48100,11.25,11.0,10.231287002563477
28-11-2001,10.800000190734863,11.0,70500,11.050000190734863,10.989999771118164,10.22198486328125
29-11-2001,10.960000038146973,11.010000228881836,52800,11.119999885559082,11.069999694824219,10.296392440795898
30-11-2001,10.600000381469727,11.149999618530273,116100,11.270000457763672,11.0,10.231287002563477
03-12-2001,10.520000457763672,10.949999809265137,57600,10.989999771118164,10.710000038146973,9.961552619934082
04-12-2001,10.710000038146973,10.710000038146973,62300,11.050000190734863,11.039999961853027,10.268491744995117
05-12-2001,10.979999542236328,11.0,88300,11.229999542236328,11.199999809265137,10.417311668395996
06-12-2001,10.970000267028809,11.100000381469727,91600,11.199999809265137,11.100000381469727,10.324295997619629
07-12-2001,11.020000457763672,11.020000457763672,81800,11.319999694824219,11.050000190734863,10.277792930603027
10-12-2001,10.819999694824219,11.010000228881836,89600,11.489999771118164,11.199999809265137,10.417311668395996
11-12-2001,10.760000228881836,11.199999809265137,42700,11.210000038146973,10.960000038146973,10.194080352783203
12-12-2001,10.800000190734863,10.960000038146973,236100,11.800000190734863,11.449999809265137,10.649840354919434
13-12-2001,11.399999618530273,11.420000076293945,107400,12.149999618530273,11.569999694824219,10.761452674865723
14-12-2001,11.270000457763672,11.520000457763672,144000,11.850000381469727,11.600000381469727,10.789358139038086
17-12-2001,11.329999923706055,11.6899995803833,93800,11.6899995803833,11.5,10.696344375610352
18-12-2001,11.210000038146973,11.40999984741211,93400,11.5,11.289999961853027,10.501022338867188
19-12-2001,11.0,11.300000190734863,156200,11.34000015258789,11.029999732971191,10.259191513061523
20-12-2001,10.760000228881836,11.039999961853027,88000,11.039999961853027,10.880000114440918,10.119672775268555
21-12-2001,10.579999923706055,10.979999542236328,166000,11.0,10.970000267028809,10.203381538391113
24-12-2001,10.75,10.890000343322754,27700,10.9399995803833,10.789999961853027,10.035962104797363
26-12-2001,10.65999984741211,10.8100004196167,52200,10.8100004196167,10.699999809265137,9.952251434326172
27-12-2001,10.600000381469727,10.720000267028809,98000,10.890000343322754,10.649999618530273,9.905746459960938
28-12-2001,10.449999809265137,10.649999618530273,114700,10.800000190734863,10.729999542236328,9.980155944824219
31-12-2001,10.529999732971191,10.760000228881836,202700,11.069999694824219,10.899999618530273,10.138274192810059
02-01-2002,10.75,11.0,81300,11.0,10.829999923706055,10.073164939880371
03-01-2002,10.829999923706055,10.829999923706055,134500,11.699999809265137,11.699999809265137,10.882365226745605
04-01-2002,11.699999809265137,11.800000190734863,109900,12.449999809265137,12.369999885559082,11.505547523498535
07-01-2002,12.010000228881836,12.25,70700,12.479999542236328,12.4399995803833,11.570655822753906
08-01-2002,12.229999542236328,12.350000381469727,84900,12.949999809265137,12.949999809265137,12.04501724243164
09-01-2002,12.5,12.949999809265137,96600,13.0,12.5,11.62646198272705
10-01-2002,12.25,12.449999809265137,41600,12.520000457763672,12.260000228881836,11.403234481811523
11-01-2002,12.149999618530273,12.270000457763672,20500,12.350000381469727,12.149999618530273,11.300922393798828
14-01-2002,10.899999618530273,12.050000190734863,155100,12.0600004196167,11.25,10.463814735412598
15-01-2002,11.199999809265137,11.199999809265137,51800,11.739999771118164,11.739999771118164,10.919574737548828
16-01-2002,11.5,11.739999771118164,32000,11.789999961853027,11.59000015258789,10.780058860778809
17-01-2002,11.350000381469727,11.59000015258789,26800,11.59000015258789,11.489999771118164,10.687040328979492
18-01-2002,11.300000190734863,11.489999771118164,26000,11.489999771118164,11.319999694824219,10.528924942016602
22-01-2002,11.050000190734863,11.329999923706055,60500,11.550000190734863,11.170000076293945,10.38940715789795
23-01-2002,10.930000305175781,11.199999809265137,43100,11.3100004196167,11.279999732971191,10.491717338562012
24-01-2002,11.109999656677246,11.270000457763672,22000,11.399999618530273,11.149999618530273,10.370807647705078
25-01-2002,11.0,11.050000190734863,24600,11.239999771118164,11.180000305175781,10.398709297180176
28-01-2002,11.279999732971191,11.279999732971191,73700,11.800000190734863,11.75,10.928872108459473
29-01-2002,11.350000381469727,11.699999809265137,51400,11.75,11.75,10.928872108459473
30-01-2002,11.380000114440918,11.850000381469727,83600,12.0,11.75,10.928872108459473
31-01-2002,11.550000190734863,11.75,62000,12.300000190734863,12.300000190734863,11.440441131591797
01-02-2002,11.449999809265137,12.239999771118164,81600,12.239999771118164,11.449999809265137,10.649840354919434
04-02-2002,11.300000190734863,11.529999732971191,46000,11.699999809265137,11.3100004196167,10.519623756408691
05-02-2002,10.850000381469727,11.210000038146973,24000,11.300000190734863,11.239999771118164,10.454519271850586
06-02-2002,10.520000457763672,11.1899995803833,43600,11.1899995803833,10.609999656677246,9.868539810180664
07-02-2002,10.350000381469727,10.649999618530273,130200,10.75,10.430000305175781,9.701119422912598
08-02-2002,10.75,10.75,143700,11.449999809265137,11.430000305175781,10.631237030029297
11-02-2002,11.529999732971191,11.529999732971191,240100,13.199999809265137,12.75,11.858988761901855
12-02-2002,12.399999618530273,12.699999809265137,55500,12.699999809265137,12.65999984741211,11.77528190612793
13-02-2002,12.020000457763672,12.65999984741211,133500,12.75,12.149999618530273,11.300922393798828
14-02-2002,12.029999732971191,12.100000381469727,113300,12.949999809265137,12.649999618530273,11.765979766845703
15-02-2002,12.649999618530273,12.649999618530273,83300,13.229999542236328,13.050000190734863,12.138026237487793
19-02-2002,13.149999618530273,13.399999618530273,94500,13.630000114440918,13.630000114440918,12.677495002746582
20-02-2002,13.100000381469727,13.600000381469727,68800,14.199999809265137,14.199999809265137,13.207656860351562
21-02-2002,13.300000190734863,14.149999618530273,55400,14.149999618530273,13.399999618530273,12.463566780090332
22-02-2002,13.25,13.350000381469727,49400,14.199999809265137,14.100000381469727,13.114648818969727
25-02-2002,13.649999618530273,14.149999618530273,24700,14.149999618530273,13.899999618530273,12.928627014160156
26-02-2002,13.399999618530273,13.989999771118164,35300,13.989999771118164,13.979999542236328,13.003035545349121
27-02-2002,13.640000343322754,13.989999771118164,44700,13.989999771118164,13.970000267028809,12.993738174438477
28-02-2002,13.920000076293945,13.989999771118164,78800,14.489999771118164,14.489999771118164,13.477395057678223
01-03-2002,14.0,14.59000015258789,102000,14.75,14.399999618530273,13.393682479858398
04-03-2002,14.199999809265137,14.399999618530273,85600,14.979999542236328,14.539999961853027,13.523903846740723
05-03-2002,13.399999618530273,14.5,183700,14.800000190734863,13.850000381469727,12.882121086120605
06-03-2002,13.579999923706055,13.75,163800,14.100000381469727,14.0,13.02164077758789
07-03-2002,13.949999809265137,13.949999809265137,162200,14.699999809265137,14.550000190734863,13.533202171325684
08-03-2002,14.350000381469727,14.550000190734863,53700,14.699999809265137,14.640000343322754,13.616912841796875
11-03-2002,14.220000267028809,14.640000343322754,53300,14.649999618530273,14.520000457763672,13.505300521850586
12-03-2002,14.350000381469727,14.350000381469727,35300,14.649999618530273,14.529999732971191,13.51459789276123
13-03-2002,14.399999618530273,14.449999809265137,88400,14.600000381469727,14.5,13.48669719696045
14-03-2002,14.5,14.550000190734863,91900,14.979999542236328,14.979999542236328,13.933147430419922
15-03-2002,14.529999732971191,14.649999618530273,106700,15.069999694824219,15.069999694824219,14.052507400512695
18-03-2002,14.630000114440918,14.949999809265137,52100,15.199999809265137,15.079999923706055,14.061838150024414
19-03-2002,14.800000190734863,15.199999809265137,44800,15.25,15.229999542236328,14.201703071594238
20-03-2002,14.5,15.239999771118164,59400,15.239999771118164,14.739999771118164,13.744790077209473
21-03-2002,14.75,14.75,119800,15.199999809265137,15.199999809265137,14.173731803894043
22-03-2002,14.699999809265137,15.239999771118164,133300,15.239999771118164,14.720000267028809,13.726140975952148
25-03-2002,14.119999885559082,14.649999618530273,42900,14.699999809265137,14.350000381469727,13.381119728088379
26-03-2002,14.130000114440918,14.300000190734863,104200,14.649999618530273,14.199999809265137,13.241251945495605
27-03-2002,14.199999809265137,14.199999809265137,76500,15.100000381469727,14.800000190734863,13.800741195678711
28-03-2002,14.109999656677246,14.699999809265137,54300,14.979999542236328,14.109999656677246,13.157322883605957
01-04-2002,14.069999694824219,14.199999809265137,51800,14.600000381469727,14.449999809265137,13.474370002746582
02-04-2002,14.449999809265137,14.460000038146973,34400,14.75,14.579999923706055,13.595593452453613
03-04-2002,14.430000305175781,14.630000114440918,41900,14.649999618530273,14.520000457763672,13.539644241333008
04-04-2002,14.5,14.619999885559082,52000,14.779999732971191,14.619999885559082,13.632890701293945
05-04-2002,14.25,14.550000190734863,36800,14.75,14.640000343322754,13.651541709899902
08-04-2002,14.479999542236328,14.550000190734863,39700,14.800000190734863,14.75,13.754117012023926
09-04-2002,14.699999809265137,14.699999809265137,53600,14.989999771118164,14.970000267028809,13.959261894226074
10-04-2002,14.760000228881836,14.989999771118164,61800,15.199999809265137,15.1899995803833,14.164409637451172
11-04-2002,14.899999618530273,15.199999809265137,125700,15.4399995803833,14.899999618530273,13.893987655639648
12-04-2002,14.770000457763672,14.899999618530273,54000,15.300000190734863,15.140000343322754,14.117783546447754
15-04-2002,14.550000190734863,15.100000381469727,82800,15.149999618530273,14.770000457763672,13.77276611328125
16-04-2002,14.829999923706055,14.850000381469727,71900,15.550000190734863,15.399999618530273,14.3602294921875
17-04-2002,14.949999809265137,15.319999694824219,66300,15.329999923706055,15.0600004196167,14.043184280395508
18-04-2002,14.569999694824219,15.079999923706055,33400,15.079999923706055,14.970000267028809,13.959261894226074
19-04-2002,14.869999885559082,14.970000267028809,17700,15.0600004196167,14.920000076293945,13.912640571594238
22-04-2002,14.609999656677246,14.819999694824219,45600,15.1899995803833,15.149999618530273,14.127111434936523
23-04-2002,15.010000228881836,15.239999771118164,67900,15.279999732971191,15.1899995803833,14.164409637451172
24-04-2002,14.75,15.229999542236328,42800,15.25,14.880000114440918,13.875335693359375
25-04-2002,14.789999961853027,14.920000076293945,42800,15.199999809265137,14.949999809265137,13.940614700317383
26-04-2002,14.65999984741211,14.800000190734863,27200,15.0,14.859999656677246,13.856688499450684
29-04-2002,14.420000076293945,14.960000038146973,93000,14.960000038146973,14.899999618530273,13.893987655639648
30-04-2002,14.800000190734863,14.949999809265137,80400,15.239999771118164,15.239999771118164,14.211033821105957
01-05-2002,14.930000305175781,15.25,72100,15.25,15.25,14.220355987548828
02-05-2002,15.229999542236328,15.25,107300,15.770000457763672,15.649999618530273,14.593347549438477
03-05-2002,15.420000076293945,15.850000381469727,62000,16.0,15.720000267028809,14.658621788024902
06-05-2002,15.5,15.819999694824219,61100,16.25,15.5,14.453474044799805
07-05-2002,15.279999732971191,15.5,33100,15.949999809265137,15.729999542236328,14.667946815490723
08-05-2002,15.40999984741211,15.75,40600,15.899999618530273,15.609999656677246,14.556047439575195
09-05-2002,15.25,15.649999618530273,38900,15.670000076293945,15.479999542236328,14.434828758239746
10-05-2002,14.699999809265137,15.399999618530273,67300,15.40999984741211,15.300000190734863,14.26697826385498
13-05-2002,15.0,15.25,39300,15.289999961853027,15.100000381469727,14.080482482910156
14-05-2002,14.899999618530273,15.0,46200,15.800000190734863,15.75,14.68659782409668
15-05-2002,15.470000267028809,15.699999809265137,42500,16.09000015258789,15.649999618530273,14.593347549438477
16-05-2002,14.800000190734863,15.600000381469727,76500,15.850000381469727,15.6899995803833,14.63065242767334
17-05-2002,15.359999656677246,15.760000228881836,50100,16.0,15.9399995803833,14.863768577575684
20-05-2002,15.609999656677246,16.0,130400,16.049999237060547,15.989999771118164,14.910392761230469
21-05-2002,15.199999809265137,15.880000114440918,73800,15.979999542236328,15.399999618530273,14.3602294921875
22-05-2002,15.130000114440918,15.300000190734863,52200,15.75,15.75,14.68659782409668
23-05-2002,15.899999618530273,15.960000038146973,227300,16.459999084472656,16.059999465942383,14.975666046142578
24-05-2002,16.010000228881836,16.200000762939453,80500,16.229999542236328,16.010000228881836,14.929043769836426
28-05-2002,15.279999732971191,15.970000267028809,39200,16.020000457763672,15.65999984741211,14.637417793273926
29-05-2002,15.5,15.600000381469727,74400,15.960000038146973,15.609999656677246,14.590677261352539
30-05-2002,15.199999809265137,15.59000015258789,60500,15.649999618530273,15.649999618530273,14.628069877624512
31-05-2002,15.449999809265137,15.600000381469727,157000,15.779999732971191,15.699999809265137,14.674802780151367
03-06-2002,15.479999542236328,15.710000038146973,98600,15.75,15.739999771118164,14.712189674377441
04-06-2002,14.970000267028809,15.699999809265137,43200,15.699999809265137,15.050000190734863,14.067249298095703
05-06-2002,15.0,15.029999732971191,61400,15.390000343322754,15.289999961853027,14.29157543182373
06-06-2002,14.550000190734863,15.050000190734863,86100,15.270000457763672,14.600000381469727,13.646636962890625
07-06-2002,14.279999732971191,14.5,132300,14.680000305175781,14.449999809265137,13.506429672241211
10-06-2002,14.069999694824219,14.479999542236328,162600,14.609999656677246,14.140000343322754,13.216678619384766
11-06-2002,14.149999618530273,14.149999618530273,83100,14.5600004196167,14.4399995803833,13.497079849243164
12-06-2002,14.109999656677246,14.5,89000,14.5,14.149999618530273,13.226019859313965
13-06-2002,14.130000114440918,14.149999618530273,87100,14.75,14.399999618530273,13.459697723388672
14-06-2002,14.210000038146973,14.350000381469727,74300,14.65999984741211,14.300000190734863,13.366222381591797
17-06-2002,14.319999694824219,14.319999694824219,121700,15.260000228881836,15.050000190734863,14.067249298095703
18-06-2002,15.050000190734863,15.050000190734863,71300,15.239999771118164,15.100000381469727,14.113985061645508
19-06-2002,15.0,15.050000190734863,109500,15.380000114440918,15.0,14.020511627197266
20-06-2002,14.989999771118164,15.050000190734863,100900,15.220000267028809,14.989999771118164,14.01116943359375
21-06-2002,14.149999618530273,15.100000381469727,104300,15.100000381469727,14.800000190734863,13.833579063415527
24-06-2002,14.199999809265137,14.699999809265137,104500,14.989999771118164,14.710000038146973,13.74945068359375
25-06-2002,14.40999984741211,14.850000381469727,162700,15.34000015258789,14.75,13.786840438842773
26-06-2002,14.760000228881836,14.850000381469727,162000,15.170000076293945,15.0,14.020511627197266
27-06-2002,15.170000076293945,15.170000076293945,189600,15.850000381469727,15.8100004196167,14.777623176574707
28-06-2002,15.449999809265137,15.739999771118164,221600,15.920000076293945,15.600000381469727,14.58133602142334
01-07-2002,15.600000381469727,15.75,141600,15.989999771118164,15.800000190734863,14.76827621459961
02-07-2002,15.130000114440918,15.75,52800,15.75,15.369999885559082,14.366352081298828
03-07-2002,13.949999809265137,15.25,86200,15.25,14.800000190734863,13.833579063415527
05-07-2002,14.800000190734863,14.800000190734863,31300,15.289999961853027,14.899999618530273,13.927044868469238
08-07-2002,14.649999618530273,15.0,104000,15.489999771118164,14.649999618530273,13.693365097045898
09-07-2002,14.720000267028809,14.720000267028809,153700,15.100000381469727,14.899999618530273,13.927044868469238
10-07-2002,14.40999984741211,14.899999618530273,125100,14.979999542236328,14.489999771118164,13.543815612792969
11-07-2002,14.079999923706055,14.449999809265137,119200,14.479999542236328,14.15999984741211,13.235365867614746
12-07-2002,13.279999732971191,14.199999809265137,122300,14.279999732971191,13.279999732971191,12.412827491760254
15-07-2002,12.399999618530273,13.220000267028809,276100,13.600000381469727,12.550000190734863,11.730493545532227
16-07-2002,12.210000038146973,12.449999809265137,229300,12.609999656677246,12.579999923706055,11.758536338806152
17-07-2002,12.630000114440918,12.649999618530273,294200,13.069999694824219,13.0,12.15111255645752
18-07-2002,12.239999771118164,13.0,109500,13.0,12.25,11.45008659362793
19-07-2002,12.149999618530273,12.210000038146973,186700,12.75,12.649999618530273,11.823970794677734
22-07-2002,11.65999984741211,12.550000190734863,85100,12.619999885559082,12.0,11.216412544250488
23-07-2002,11.25,12.050000190734863,189000,12.050000190734863,11.5,10.749059677124023
24-07-2002,11.0,11.4399995803833,123000,12.069999694824219,11.779999732971191,11.010780334472656
25-07-2002,11.760000228881836,11.800000190734863,123600,12.100000381469727,11.880000114440918,11.104247093200684
26-07-2002,11.949999809265137,11.949999809265137,39500,12.380000114440918,12.100000381469727,11.309882164001465
29-07-2002,12.010000228881836,12.149999618530273,112300,13.350000381469727,13.260000228881836,12.394133567810059
30-07-2002,12.420000076293945,13.300000190734863,85900,13.449999809265137,12.699999809265137,11.870698928833008
31-07-2002,11.800000190734863,12.670000076293945,131500,12.729999542236328,11.800000190734863,11.029470443725586
01-08-2002,11.800000190734863,11.800000190734863,158900,12.180000305175781,12.180000305175781,11.384657859802246
02-08-2002,11.75,12.199999809265137,113300,12.199999809265137,11.75,10.98273754119873
05-08-2002,11.5,11.760000228881836,85900,11.989999771118164,11.5,10.749059677124023
06-08-2002,11.600000381469727,11.600000381469727,31300,11.989999771118164,11.979999542236328,11.19771671295166
07-08-2002,11.75,12.0,44200,12.170000076293945,11.75,10.98273754119873
08-08-2002,11.649999618530273,11.649999618530273,52400,11.970000267028809,11.819999694824219,11.048163414001465
09-08-2002,11.5,11.779999732971191,68100,12.130000114440918,11.979999542236328,11.19771671295166
12-08-2002,11.800000190734863,11.899999618530273,64500,11.949999809265137,11.8100004196167,11.038817405700684
13-08-2002,11.5600004196167,11.8100004196167,71400,11.949999809265137,11.609999656677246,10.85187816619873
14-08-2002,11.619999885559082,11.619999885559082,62300,12.229999542236328,12.1899995803833,11.394003868103027
15-08-2002,12.100000381469727,12.210000038146973,69200,12.5,12.25,11.45008659362793
16-08-2002,12.180000305175781,12.229999542236328,110100,12.829999923706055,12.510000228881836,11.693110466003418
19-08-2002,12.40999984741211,12.40999984741211,111600,12.649999618530273,12.430000305175781,11.618335723876953
20-08-2002,12.399999618530273,12.399999618530273,123700,12.649999618530273,12.520000457763672,11.702451705932617
21-08-2002,12.59000015258789,12.619999885559082,127000,13.119999885559082,13.020000457763672,12.169807434082031
22-08-2002,12.699999809265137,13.699999809265137,216100,14.199999809265137,12.760000228881836,11.92678451538086
23-08-2002,12.350000381469727,12.720000267028809,87900,12.949999809265137,12.350000381469727,11.543556213378906
26-08-2002,12.350000381469727,12.399999618530273,66800,13.180000305175781,13.180000305175781,12.319360733032227
27-08-2002,12.550000190734863,13.279999732971191,70000,13.279999732971191,12.550000190734863,11.730493545532227
28-08-2002,12.319999694824219,12.5,53800,12.739999771118164,12.319999694824219,11.55048942565918
29-08-2002,12.199999809265137,12.380000114440918,93800,12.5,12.329999923706055,11.559863090515137
30-08-2002,12.3100004196167,12.3100004196167,61700,12.899999618530273,12.5,11.719244956970215
03-09-2002,12.539999961853027,12.600000381469727,92700,12.930000305175781,12.75,11.953630447387695
04-09-2002,12.75,12.75,62300,13.600000381469727,13.600000381469727,12.75053882598877
05-09-2002,13.050000190734863,13.600000381469727,101100,13.600000381469727,13.050000190734863,12.234891891479492
06-09-2002,13.050000190734863,13.050000190734863,60200,13.420000076293945,13.15999984741211,12.338020324707031
09-09-2002,13.229999542236328,13.739999771118164,140100,13.739999771118164,13.25,12.422401428222656
10-09-2002,13.300000190734863,13.300000190734863,204400,13.569999694824219,13.5,12.656785011291504
11-09-2002,13.529999732971191,13.699999809265137,60900,13.729999542236328,13.5600004196167,12.713038444519043
12-09-2002,13.479999542236328,13.5,100000,13.609999656677246,13.5,12.656785011291504
13-09-2002,13.449999809265137,13.5,125600,13.550000190734863,13.449999809265137,12.609905242919922
16-09-2002,13.430000305175781,13.430000305175781,60200,13.569999694824219,13.510000228881836,12.666158676147461
17-09-2002,12.600000381469727,13.199999809265137,132400,13.5,12.710000038146973,11.916131973266602
18-09-2002,12.649999618530273,12.680000305175781,126000,13.260000228881836,13.100000381469727,12.281768798828125
19-09-2002,12.390000343322754,13.100000381469727,58100,13.100000381469727,12.520000457763672,11.737997055053711
20-09-2002,12.369999885559082,12.619999885559082,113400,12.619999885559082,12.380000114440918,11.606741905212402
23-09-2002,12.210000038146973,12.300000190734863,159300,12.649999618530273,12.649999618530273,11.859875679016113
24-09-2002,12.100000381469727,12.600000381469727,54400,12.640000343322754,12.170000076293945,11.409854888916016
25-09-2002,12.220000267028809,12.229999542236328,71100,12.800000190734863,12.529999732971191,11.747373580932617
26-09-2002,12.600000381469727,12.600000381469727,101300,13.289999961853027,13.289999961853027,12.4599027633667
27-09-2002,12.880000114440918,13.25,52000,13.25,12.90999984741211,12.1036376953125
30-09-2002,12.550000190734863,12.90999984741211,137300,12.979999542236328,12.600000381469727,11.813003540039062
01-10-2002,12.25,12.670000076293945,99900,13.039999961853027,12.84000015258789,12.038010597229004
02-10-2002,12.449999809265137,12.84000015258789,162900,12.859999656677246,12.449999809265137,11.67236614227295
03-10-2002,12.350000381469727,12.399999618530273,112700,13.130000114440918,12.8100004196167,12.009881019592285
04-10-2002,12.0600004196167,12.84000015258789,79300,13.100000381469727,12.0600004196167,11.306731224060059
07-10-2002,11.100000381469727,12.0,271200,12.199999809265137,12.199999809265137,11.437984466552734
08-10-2002,11.890000343322754,12.25,76200,12.329999923706055,11.899999618530273,11.156721115112305
09-10-2002,11.319999694824219,11.899999618530273,99700,11.899999618530273,11.34000015258789,10.631699562072754
10-10-2002,10.800000190734863,11.300000190734863,150200,11.329999923706055,11.229999542236328,10.528573989868164
11-10-2002,11.289999961853027,11.300000190734863,170200,11.9399995803833,11.649999618530273,10.92233943939209
14-10-2002,11.399999618530273,11.600000381469727,86800,11.729999542236328,11.670000076293945,10.94109058380127
15-10-2002,11.729999542236328,11.729999542236328,122600,12.600000381469727,12.5,11.719244956970215
16-10-2002,12.09000015258789,12.5,61400,12.5,12.25,11.48486328125
17-10-2002,12.350000381469727,12.350000381469727,74700,13.300000190734863,13.25,12.422401428222656
18-10-2002,13.279999732971191,13.3100004196167,99100,13.449999809265137,13.350000381469727,12.516153335571289
21-10-2002,13.09000015258789,13.350000381469727,75400,13.350000381469727,13.220000267028809,12.394279479980469
22-10-2002,12.75,13.25,26800,13.3100004196167,12.9399995803833,12.131760597229004
23-10-2002,12.819999694824219,12.90999984741211,46400,13.270000457763672,13.25,12.422401428222656
24-10-2002,13.140000343322754,13.329999923706055,49800,13.529999732971191,13.350000381469727,12.516153335571289
25-10-2002,13.25,13.319999694824219,47000,13.699999809265137,13.699999809265137,12.844290733337402
28-10-2002,13.180000305175781,13.729999542236328,29000,13.789999961853027,13.319999694824219,12.488032341003418
29-10-2002,13.130000114440918,13.369999885559082,58300,13.59000015258789,13.59000015258789,12.741165161132812
30-10-2002,13.5,13.649999618530273,64700,13.949999809265137,13.75,12.8911714553833
31-10-2002,13.15999984741211,13.649999618530273,85000,13.649999618530273,13.520000457763672,12.675538063049316
01-11-2002,13.520000457763672,13.520000457763672,81900,14.0,14.0,13.125557899475098
04-11-2002,13.619999885559082,14.050000190734863,61800,14.199999809265137,13.819999694824219,12.956798553466797
05-11-2002,13.630000114440918,13.8100004196167,47000,13.9399995803833,13.84000015258789,12.975549697875977
06-11-2002,13.5,13.800000190734863,71700,13.989999771118164,13.600000381469727,12.75053882598877
07-11-2002,13.220000267028809,13.5,74100,13.550000190734863,13.350000381469727,12.516153335571289
08-11-2002,13.140000343322754,13.300000190734863,57400,13.460000038146973,13.460000038146973,12.619283676147461
11-11-2002,13.0600004196167,13.4399995803833,130700,13.600000381469727,13.130000114440918,12.309898376464844
12-11-2002,13.149999618530273,13.149999618530273,58400,13.699999809265137,13.149999618530273,12.328649520874023
13-11-2002,12.979999542236328,13.050000190734863,46100,13.449999809265137,13.319999694824219,12.524221420288086
14-11-2002,13.15999984741211,13.399999618530273,33700,13.5,13.420000076293945,12.618247985839844
15-11-2002,13.199999809265137,13.399999618530273,20800,13.600000381469727,13.199999809265137,12.411389350891113
18-11-2002,12.869999885559082,13.119999885559082,49600,13.1899995803833,13.119999885559082,12.336172103881836
19-11-2002,12.970000267028809,13.180000305175781,43800,13.34000015258789,13.0,12.22334098815918
20-11-2002,12.920000076293945,13.069999694824219,73000,13.1899995803833,13.0,12.22334098815918
21-11-2002,12.399999618530273,13.0,100200,13.0,12.649999618530273,11.894250869750977
22-11-2002,12.300000190734863,12.600000381469727,165700,12.720000267028809,12.369999885559082,11.630977630615234
25-11-2002,12.25,12.399999618530273,67800,12.550000190734863,12.5,11.753214836120605
26-11-2002,12.3100004196167,12.449999809265137,84300,12.5600004196167,12.5,11.753214836120605
27-11-2002,12.489999771118164,12.5,63700,13.100000381469727,13.100000381469727,12.317361831665039
29-11-2002,12.800000190734863,13.170000076293945,55500,13.270000457763672,13.149999618530273,12.36437702178955
02-12-2002,12.699999809265137,13.5,144800,13.649999618530273,12.800000190734863,12.03528881072998
03-12-2002,12.260000228881836,12.779999732971191,69200,12.779999732971191,12.399999618530273,11.65918254852295
04-12-2002,12.260000228881836,12.300000190734863,138600,12.890000343322754,12.850000381469727,12.082303047180176
05-12-2002,12.300000190734863,12.869999885559082,93600,12.869999885559082,12.5,11.753214836120605
06-12-2002,12.34000015258789,12.449999809265137,136600,12.779999732971191,12.720000267028809,11.960067749023438
09-12-2002,12.430000305175781,12.720000267028809,69900,12.720000267028809,12.510000228881836,11.762611389160156
10-12-2002,12.260000228881836,12.479999542236328,163400,12.789999961853027,12.579999923706055,11.828426361083984
11-12-2002,12.539999961853027,12.550000190734863,211300,12.789999961853027,12.729999542236328,11.969470024108887
12-12-2002,12.649999618530273,12.699999809265137,81000,12.970000267028809,12.869999885559082,12.101107597351074
13-12-2002,12.100000381469727,12.770000457763672,97000,12.770000457763672,12.109999656677246,11.386512756347656
16-12-2002,12.050000190734863,12.050000190734863,100000,12.680000305175781,12.680000305175781,11.922459602355957
17-12-2002,12.300000190734863,12.670000076293945,237200,12.949999809265137,12.539999961853027,11.790821075439453
18-12-2002,12.489999771118164,12.619999885559082,511500,12.949999809265137,12.489999771118164,11.74380874633789
19-12-2002,12.25,12.470000267028809,217900,12.720000267028809,12.550000190734863,11.800223350524902
20-12-2002,11.9399995803833,12.649999618530273,275900,12.649999618530273,11.970000267028809,11.254873275756836
23-12-2002,11.880000114440918,11.949999809265137,66800,12.170000076293945,11.880000114440918,11.17025089263916
24-12-2002,11.800000190734863,11.979999542236328,20300,12.0,11.8100004196167,11.104433059692383
26-12-2002,11.8100004196167,11.8100004196167,216200,12.0600004196167,12.0,11.2830810546875
27-12-2002,11.850000381469727,11.989999771118164,132500,12.0,11.899999618530273,11.189056396484375
30-12-2002,11.5,11.920000076293945,153200,11.920000076293945,11.5,10.812952995300293
31-12-2002,11.550000190734863,11.550000190734863,100100,11.739999771118164,11.5600004196167,10.869367599487305
02-01-2003,11.579999923706055,11.579999923706055,89100,12.399999618530273,12.380000114440918,11.640381813049316
03-01-2003,11.850000381469727,12.300000190734863,64800,12.300000190734863,11.880000114440918,11.17025089263916
06-01-2003,11.760000228881836,11.779999732971191,116000,12.25,12.130000114440918,11.405319213867188
07-01-2003,11.970000267028809,12.029999732971191,137600,12.25,12.149999618530273,11.424120903015137
08-01-2003,11.84000015258789,12.119999885559082,57900,12.119999885559082,12.119999885559082,11.39591121673584
09-01-2003,12.079999923706055,12.119999885559082,61500,12.390000343322754,12.079999923706055,11.358301162719727
10-01-2003,11.800000190734863,12.0,59500,12.109999656677246,11.800000190734863,11.09503173828125
13-01-2003,11.649999618530273,11.800000190734863,52100,11.880000114440918,11.84000015258789,11.13264274597168
14-01-2003,11.449999809265137,11.800000190734863,56800,11.819999694824219,11.819999694824219,11.113835334777832
15-01-2003,11.319999694824219,11.800000190734863,175700,11.829999923706055,11.5,10.812952995300293
16-01-2003,11.270000457763672,11.5,36600,11.539999961853027,11.319999694824219,10.643707275390625
17-01-2003,11.229999542236328,11.270000457763672,313000,11.569999694824219,11.5,10.812952995300293
21-01-2003,11.3100004196167,11.5,152200,11.59000015258789,11.550000190734863,10.859967231750488
22-01-2003,11.449999809265137,11.550000190734863,107700,11.600000381469727,11.5,10.812952995300293
23-01-2003,11.5,11.5,138000,12.100000381469727,12.100000381469727,11.377103805541992
24-01-2003,11.739999771118164,12.100000381469727,180700,12.220000267028809,11.890000343322754,11.179657936096191
27-01-2003,11.220000267028809,11.84000015258789,68700,11.930000305175781,11.220000267028809,10.549683570861816
28-01-2003,11.289999961853027,11.289999961853027,88800,11.869999885559082,11.75,11.04802131652832
29-01-2003,11.6899995803833,11.699999809265137,100500,12.079999923706055,12.050000190734863,11.330093383789062
30-01-2003,11.479999542236328,12.399999618530273,78500,12.399999618530273,11.619999885559082,10.925783157348633
31-01-2003,11.529999732971191,11.65999984741211,103100,12.0600004196167,11.850000381469727,11.142045021057129
03-02-2003,11.699999809265137,11.949999809265137,121800,12.199999809265137,11.779999732971191,11.076224327087402
04-02-2003,11.819999694824219,11.850000381469727,126100,12.149999618530273,12.069999694824219,11.348898887634277
05-02-2003,11.739999771118164,11.970000267028809,78500,12.039999961853027,11.75,11.04802131652832
06-02-2003,11.779999732971191,11.800000190734863,113900,12.0,11.970000267028809,11.254873275756836
07-02-2003,11.539999961853027,12.399999618530273,102200,12.399999618530273,11.539999961853027,10.850563049316406
10-02-2003,11.5,11.5,127300,12.119999885559082,11.9399995803833,11.226667404174805
11-02-2003,11.15999984741211,11.899999618530273,168600,11.899999618530273,11.199999809265137,10.530879020690918
12-02-2003,11.180000305175781,11.199999809265137,104600,11.5,11.34000015258789,10.66251277923584
13-02-2003,11.300000190734863,11.4399995803833,199000,11.550000190734863,11.420000076293945,10.737730979919434
14-02-2003,11.520000457763672,11.520000457763672,266300,11.84000015258789,11.779999732971191,11.076224327087402
18-02-2003,11.779999732971191,11.800000190734863,131700,12.0,11.800000190734863,11.130936622619629
19-02-2003,11.710000038146973,11.8100004196167,35800,11.8100004196167,11.720000267028809,11.055474281311035
20-02-2003,11.600000381469727,11.699999809265137,44100,11.729999542236328,11.710000038146973,11.046043395996094
21-02-2003,11.649999618530273,11.649999618530273,79500,11.9399995803833,11.800000190734863,11.130936622619629
24-02-2003,11.699999809265137,11.800000190734863,71200,11.800000190734863,11.699999809265137,11.036603927612305
25-02-2003,11.699999809265137,11.710000038146973,86500,12.149999618530273,12.020000457763672,11.338461875915527
26-02-2003,11.800000190734863,12.0,44800,12.039999961853027,11.800000190734863,11.130936622619629
27-02-2003,11.75,11.75,39300,12.0,11.949999809265137,11.272432327270508
28-02-2003,11.880000114440918,12.0,55000,12.069999694824219,11.949999809265137,11.272432327270508
03-03-2003,11.899999618530273,11.899999618530273,42500,12.1899995803833,12.1899995803833,11.498821258544922
04-03-2003,11.800000190734863,12.25,118500,12.699999809265137,12.0,11.319597244262695
05-03-2003,11.699999809265137,11.949999809265137,49200,12.069999694824219,11.869999885559082,11.196969032287598
06-03-2003,11.789999961853027,11.850000381469727,51900,12.0600004196167,11.869999885559082,11.196969032287598
07-03-2003,11.899999618530273,11.899999618530273,47000,12.300000190734863,12.25,11.555423736572266
10-03-2003,11.899999618530273,12.199999809265137,42700,12.25,11.949999809265137,11.272432327270508
11-03-2003,11.800000190734863,11.899999618530273,59900,12.100000381469727,11.859999656677246,11.187530517578125
12-03-2003,11.800000190734863,11.800000190734863,55100,12.199999809265137,11.859999656677246,11.187530517578125
13-03-2003,11.859999656677246,11.899999618530273,38500,12.229999542236328,12.180000305175781,11.489394187927246
14-03-2003,11.989999771118164,12.149999618530273,556600,12.229999542236328,11.989999771118164,11.345561027526855
17-03-2003,11.819999694824219,11.890000343322754,182200,12.0600004196167,12.0600004196167,11.411802291870117
18-03-2003,12.0600004196167,12.0600004196167,70200,12.210000038146973,12.1899995803833,11.53481388092041
19-03-2003,11.949999809265137,12.199999809265137,62400,12.220000267028809,12.130000114440918,11.478041648864746
20-03-2003,12.050000190734863,12.130000114440918,65700,12.4399995803833,12.329999923706055,11.66728401184082
21-03-2003,12.319999694824219,12.34000015258789,64000,12.680000305175781,12.5,11.828149795532227
24-03-2003,11.960000038146973,12.40999984741211,52600,12.40999984741211,12.180000305175781,11.525349617004395
25-03-2003,11.9399995803833,12.180000305175781,62300,12.25,12.109999656677246,11.459115028381348
26-03-2003,11.949999809265137,12.109999656677246,40400,12.170000076293945,12.020000457763672,11.373950004577637
27-03-2003,11.970000267028809,12.0,46000,12.4399995803833,12.319999694824219,11.657822608947754
28-03-2003,12.199999809265137,12.369999885559082,48100,12.369999885559082,12.319999694824219,11.657822608947754
31-03-2003,12.100000381469727,12.300000190734863,50400,12.350000381469727,12.350000381469727,11.686213493347168
01-04-2003,12.100000381469727,12.300000190734863,68200,12.449999809265137,12.34000015258789,11.676746368408203
02-04-2003,12.399999618530273,12.399999618530273,56300,12.84000015258789,12.640000343322754,11.960623741149902
03-04-2003,12.600000381469727,12.699999809265137,24900,12.720000267028809,12.640000343322754,11.960623741149902
04-04-2003,12.600000381469727,12.600000381469727,48200,12.779999732971191,12.65999984741211,11.979549407958984
07-04-2003,12.600000381469727,12.760000228881836,68700,12.859999656677246,12.609999656677246,11.932235717773438
08-04-2003,12.399999618530273,12.550000190734863,94800,12.729999542236328,12.699999809265137,12.017399787902832
09-04-2003,12.6899995803833,12.800000190734863,52300,13.069999694824219,12.699999809265137,12.017399787902832
10-04-2003,12.680000305175781,12.75,15200,12.829999923706055,12.710000038146973,12.026862144470215
11-04-2003,12.699999809265137,12.710000038146973,48100,12.890000343322754,12.8100004196167,12.121487617492676
14-04-2003,12.850000381469727,12.850000381469727,81800,13.270000457763672,13.140000343322754,12.433751106262207
15-04-2003,13.0,13.050000190734863,18100,13.149999618530273,13.149999618530273,12.443211555480957
16-04-2003,13.010000228881836,13.199999809265137,61800,13.199999809265137,13.09000015258789,12.386434555053711
17-04-2003,12.949999809265137,13.050000190734863,131000,13.170000076293945,13.15999984741211,12.452675819396973
21-04-2003,13.0,13.100000381469727,89400,13.239999771118164,13.180000305175781,12.471600532531738
22-04-2003,13.050000190734863,13.079999923706055,50500,13.399999618530273,13.149999618530273,12.443211555480957
23-04-2003,13.0,13.180000305175781,61500,13.449999809265137,13.350000381469727,12.632462501525879
24-04-2003,12.960000038146973,13.300000190734863,146900,13.34000015258789,13.079999923706055,12.376972198486328
25-04-2003,13.0,13.079999923706055,19200,13.149999618530273,13.0,12.301270484924316
28-04-2003,13.0600004196167,13.0600004196167,51000,13.25,13.180000305175781,12.471600532531738
29-04-2003,13.0,13.199999809265137,99500,13.350000381469727,13.210000038146973,12.49998950958252
30-04-2003,13.100000381469727,13.25,136600,13.329999923706055,13.279999732971191,12.5662260055542
01-05-2003,13.029999732971191,13.279999732971191,78500,13.550000190734863,13.199999809265137,12.490527153015137
02-05-2003,13.270000457763672,13.279999732971191,112200,13.739999771118164,13.569999694824219,12.840636253356934
05-05-2003,13.279999732971191,13.670000076293945,39500,13.739999771118164,13.34000015258789,12.622997283935547
06-05-2003,13.100000381469727,13.4399995803833,66000,13.470000267028809,13.289999961853027,12.575689315795898
07-05-2003,13.25,13.25,34500,13.4399995803833,13.319999694824219,12.604076385498047
08-05-2003,13.15999984741211,13.359999656677246,31100,13.479999542236328,13.180000305175781,12.471600532531738
09-05-2003,13.010000228881836,13.279999732971191,44200,13.369999885559082,13.329999923706055,12.613539695739746
12-05-2003,13.149999618530273,13.25,37200,13.430000305175781,13.390000343322754,12.670313835144043
13-05-2003,13.329999923706055,13.329999923706055,59600,13.75,13.609999656677246,12.87848949432373
14-05-2003,13.119999885559082,13.699999809265137,57200,13.699999809265137,13.130000114440918,12.424288749694824
15-05-2003,13.119999885559082,13.229999542236328,83000,13.4399995803833,13.4399995803833,12.717628479003906
16-05-2003,13.119999885559082,13.34000015258789,77900,13.34000015258789,13.119999885559082,12.414824485778809
19-05-2003,13.0600004196167,13.119999885559082,78300,13.25,13.0600004196167,12.358049392700195
20-05-2003,13.0,13.109999656677246,31200,13.380000114440918,13.199999809265137,12.490527153015137
21-05-2003,12.970000267028809,13.199999809265137,31000,13.260000228881836,12.989999771118164,12.291810035705566
22-05-2003,12.720000267028809,13.09000015258789,127900,13.430000305175781,13.300000190734863,12.585151672363281
23-05-2003,12.649999618530273,13.199999809265137,126800,13.270000457763672,13.260000228881836,12.547303199768066
27-05-2003,12.760000228881836,13.119999885559082,89500,13.199999809265137,13.119999885559082,12.450504302978516
28-05-2003,13.029999732971191,13.029999732971191,68100,13.520000457763672,13.5,12.811113357543945
29-05-2003,13.550000190734863,13.550000190734863,75200,13.979999542236328,13.979999542236328,13.266618728637695
30-05-2003,13.850000381469727,13.989999771118164,114300,14.279999732971191,14.109999656677246,13.389986038208008
02-06-2003,13.920000076293945,14.25,77300,14.390000343322754,14.0,13.285599708557129
03-06-2003,13.600000381469727,13.949999809265137,57000,13.970000267028809,13.850000381469727,13.143254280090332
04-06-2003,13.899999618530273,13.899999618530273,46900,14.390000343322754,14.239999771118164,13.513352394104004
05-06-2003,14.239999771118164,14.239999771118164,84900,14.800000190734863,14.710000038146973,13.959369659423828
06-06-2003,14.260000228881836,14.949999809265137,49300,15.0,14.270000457763672,13.54182243347168
09-06-2003,13.9399995803833,14.319999694824219,60800,14.350000381469727,14.0,13.285599708557129
10-06-2003,14.0,14.0,32700,14.34000015258789,14.319999694824219,13.589266777038574
11-06-2003,14.180000305175781,14.319999694824219,24700,14.40999984741211,14.279999732971191,13.551315307617188
12-06-2003,14.25,14.25,43200,14.720000267028809,14.550000190734863,13.807533264160156
13-06-2003,14.010000228881836,14.609999656677246,52100,14.630000114440918,14.140000343322754,13.41845989227295
16-06-2003,13.90999984741211,14.199999809265137,67800,14.350000381469727,14.3100004196167,13.579781532287598
17-06-2003,14.050000190734863,14.25,67800,14.260000228881836,14.229999542236328,13.503861427307129
18-06-2003,13.789999961853027,14.199999809265137,403800,14.199999809265137,13.989999771118164,13.276113510131836
19-06-2003,13.720000267028809,13.989999771118164,88400,14.0,13.729999542236328,13.029379844665527
20-06-2003,13.800000190734863,13.800000190734863,173500,14.09000015258789,14.010000228881836,13.295090675354004
23-06-2003,13.890000343322754,14.100000381469727,105800,14.100000381469727,13.899999618530273,13.190699577331543
24-06-2003,13.819999694824219,13.869999885559082,182400,14.079999923706055,14.050000190734863,13.333049774169922
25-06-2003,13.819999694824219,13.949999809265137,70000,14.029999732971191,13.960000038146973,13.24764633178711
26-06-2003,13.869999885559082,13.949999809265137,186100,14.079999923706055,13.989999771118164,13.276113510131836
27-06-2003,13.65999984741211,13.930000305175781,139100,14.140000343322754,13.789999961853027,13.086318969726562
30-06-2003,13.510000228881836,13.850000381469727,203900,13.859999656677246,13.630000114440918,12.934486389160156
01-07-2003,13.529999732971191,13.859999656677246,90200,13.960000038146973,13.960000038146973,13.24764633178711
02-07-2003,13.880000114440918,13.960000038146973,75600,14.34000015258789,14.34000015258789,13.60824966430664
03-07-2003,14.25,14.270000457763672,27700,14.699999809265137,14.270000457763672,13.54182243347168
07-07-2003,14.319999694824219,14.319999694824219,110700,14.859999656677246,14.65999984741211,13.911920547485352
08-07-2003,14.65999984741211,14.699999809265137,59000,15.0,14.9399995803833,14.177631378173828
09-07-2003,14.880000114440918,14.880000114440918,152000,15.199999809265137,15.100000381469727,14.329469680786133
10-07-2003,14.449999809265137,15.0,73200,15.0,14.5,13.760087013244629
11-07-2003,14.5,14.5,88300,14.899999618530273,14.899999618530273,14.13967514038086
14-07-2003,14.550000190734863,14.930000305175781,101600,14.979999542236328,14.720000267028809,13.968859672546387
15-07-2003,14.5,14.770000457763672,105300,15.0,14.739999771118164,13.987842559814453
16-07-2003,14.3100004196167,14.800000190734863,84700,14.800000190734863,14.359999656677246,13.627232551574707
17-07-2003,14.180000305175781,14.460000038146973,90700,14.470000267028809,14.289999961853027,13.560803413391113
18-07-2003,13.930000305175781,14.390000343322754,61500,14.390000343322754,14.149999618530273,13.427947044372559
21-07-2003,13.75,14.199999809265137,129100,14.25,14.130000114440918,13.40896224975586
22-07-2003,14.0,14.180000305175781,166700,14.25,14.029999732971191,13.314072608947754
23-07-2003,14.0,14.100000381469727,35900,14.210000038146973,14.050000190734863,13.333049774169922
24-07-2003,14.079999923706055,14.149999618530273,77800,14.59000015258789,14.300000190734863,13.570292472839355
25-07-2003,14.020000457763672,14.25,116800,14.550000190734863,14.279999732971191,13.551315307617188
28-07-2003,14.289999961853027,14.319999694824219,74900,14.609999656677246,14.550000190734863,13.807533264160156
29-07-2003,14.25,14.579999923706055,103100,14.579999923706055,14.399999618530273,13.665189743041992
30-07-2003,14.170000076293945,14.350000381469727,64800,14.550000190734863,14.420000076293945,13.68416976928711
31-07-2003,14.130000114440918,14.319999694824219,257400,14.449999809265137,14.380000114440918,13.646212577819824
01-08-2003,14.09000015258789,14.300000190734863,74900,14.550000190734863,14.399999618530273,13.665189743041992
04-08-2003,13.979999542236328,14.399999618530273,73200,14.399999618530273,14.09000015258789,13.371009826660156
05-08-2003,13.920000076293945,14.050000190734863,50700,14.229999542236328,13.970000267028809,13.257131576538086
06-08-2003,13.880000114440918,14.020000457763672,37000,14.199999809265137,14.0,13.285599708557129
07-08-2003,13.720000267028809,14.0,63500,14.100000381469727,14.0,13.285599708557129
08-08-2003,13.970000267028809,14.09000015258789,37600,14.279999732971191,14.100000381469727,13.380500793457031
11-08-2003,13.899999618530273,14.149999618530273,40900,14.149999618530273,14.109999656677246,13.389986038208008
12-08-2003,14.0,14.15999984741211,166400,14.449999809265137,14.4399995803833,13.703146934509277
13-08-2003,14.220000267028809,14.460000038146973,39800,14.529999732971191,14.5,13.760087013244629
14-08-2003,14.199999809265137,14.449999809265137,58000,14.649999618530273,14.649999618530273,13.902432441711426
15-08-2003,14.40999984741211,14.680000305175781,17900,14.6899995803833,14.40999984741211,13.674674987792969
18-08-2003,14.430000305175781,14.600000381469727,92900,14.670000076293945,14.489999771118164,13.750598907470703
19-08-2003,14.399999618530273,14.529999732971191,68000,14.65999984741211,14.600000381469727,13.854982376098633
20-08-2003,14.5,14.550000190734863,216300,15.149999618530273,15.020000457763672,14.253549575805664
21-08-2003,14.550000190734863,14.970000267028809,112700,15.5,15.079999923706055,14.310492515563965
22-08-2003,14.579999923706055,15.0,89200,15.199999809265137,14.579999923706055,13.8360013961792
25-08-2003,14.550000190734863,14.550000190734863,53100,14.8100004196167,14.789999961853027,14.03529167175293
26-08-2003,14.40999984741211,14.710000038146973,73900,14.789999961853027,14.710000038146973,13.995328903198242
27-08-2003,14.720000267028809,14.720000267028809,87900,15.149999618530273,15.029999732971191,14.29978084564209
28-08-2003,14.800000190734863,14.970000267028809,63300,15.380000114440918,15.300000190734863,14.556662559509277
29-08-2003,15.199999809265137,15.25,57000,15.420000076293945,15.199999809265137,14.461522102355957
02-09-2003,15.100000381469727,15.149999618530273,134400,15.489999771118164,15.420000076293945,14.670832633972168
03-09-2003,15.279999732971191,15.369999885559082,269200,15.600000381469727,15.300000190734863,14.556662559509277
04-09-2003,15.119999885559082,15.319999694824219,75700,15.470000267028809,15.390000343322754,14.642294883728027
05-09-2003,15.050000190734863,15.350000381469727,82400,15.479999542236328,15.050000190734863,14.318808555603027
08-09-2003,15.050000190734863,15.050000190734863,53200,15.359999656677246,15.319999694824219,14.575695037841797
09-09-2003,14.5,15.300000190734863,238800,15.329999923706055,14.920000076293945,14.195127487182617
10-09-2003,14.359999656677246,14.84000015258789,201100,14.84000015258789,14.449999809265137,13.74796199798584
11-09-2003,14.449999809265137,14.449999809265137,122800,14.729999542236328,14.489999771118164,13.786020278930664
12-09-2003,14.319999694824219,14.489999771118164,152800,14.729999542236328,14.699999809265137,13.985816955566406
15-09-2003,14.319999694824219,14.670000076293945,98400,14.789999961853027,14.460000038146973,13.757475852966309
16-09-2003,14.350000381469727,14.489999771118164,76800,14.649999618530273,14.390000343322754,13.690874099731445
17-09-2003,14.319999694824219,14.399999618530273,81500,14.670000076293945,14.600000381469727,13.89067268371582
18-09-2003,14.25,14.569999694824219,117600,14.569999694824219,14.430000305175781,13.728928565979004
19-09-2003,14.350000381469727,14.350000381469727,78700,14.880000114440918,14.600000381469727,13.89067268371582
22-09-2003,14.720000267028809,14.800000190734863,84800,14.949999809265137,14.850000381469727,14.128531455993652
23-09-2003,14.699999809265137,14.800000190734863,118200,15.069999694824219,14.920000076293945,14.195127487182617
24-09-2003,14.899999618530273,15.109999656677246,123200,15.180000305175781,14.90999984741211,14.185608863830566
25-09-2003,14.3100004196167,14.899999618530273,79300,14.949999809265137,14.3100004196167,13.614763259887695
26-09-2003,14.100000381469727,14.3100004196167,268300,15.069999694824219,14.949999809265137,14.223668098449707
29-09-2003,14.770000457763672,14.930000305175781,244900,15.100000381469727,15.0600004196167,14.328326225280762
30-09-2003,15.0,15.029999732971191,112900,15.1899995803833,15.010000228881836,14.280756950378418
01-10-2003,14.979999542236328,15.0,72300,15.630000114440918,15.40999984741211,14.661323547363281
02-10-2003,15.25,15.40999984741211,108600,15.569999694824219,15.25,14.509095191955566
03-10-2003,15.350000381469727,15.350000381469727,80800,15.75,15.539999961853027,14.785001754760742
06-10-2003,15.5600004196167,15.579999923706055,62200,15.920000076293945,15.920000076293945,15.146543502807617
07-10-2003,15.800000190734863,15.869999885559082,166600,16.1200008392334,15.989999771118164,15.213143348693848
08-10-2003,15.779999732971191,15.989999771118164,99300,16.040000915527344,15.819999694824219,15.051400184631348
09-10-2003,15.84000015258789,15.880000114440918,123000,16.059999465942383,16.0,15.222658157348633
10-10-2003,15.869999885559082,16.0,210000,16.079999923706055,16.06999969482422,15.289252281188965
13-10-2003,15.9399995803833,16.1200008392334,115800,16.479999542236328,16.479999542236328,15.67933464050293
14-10-2003,16.329999923706055,16.479999542236328,72000,16.610000610351562,16.600000381469727,15.793510437011719
15-10-2003,16.229999542236328,16.600000381469727,69400,16.68000030517578,16.229999542236328,15.441478729248047
16-10-2003,16.190000534057617,16.239999771118164,127900,16.729999542236328,16.68000030517578,15.869622230529785
17-10-2003,16.25,16.75,94000,16.75,16.260000228881836,15.4700288772583
20-10-2003,15.880000114440918,16.350000381469727,137200,16.420000076293945,16.049999237060547,15.270225524902344
21-10-2003,15.899999618530273,16.100000381469727,58400,16.149999618530273,16.0,15.222658157348633
22-10-2003,15.869999885559082,15.960000038146973,244800,16.06999969482422,15.869999885559082,15.098973274230957
23-10-2003,15.850000381469727,15.869999885559082,70900,16.059999465942383,15.859999656677246,15.089461326599121
24-10-2003,15.800000190734863,15.859999656677246,84400,15.920000076293945,15.800000190734863,15.03237247467041
27-10-2003,15.899999618530273,15.899999618530273,59500,16.219999313354492,16.1299991607666,15.34633731842041
28-10-2003,16.200000762939453,16.229999542236328,97500,16.709999084472656,16.65999984741211,15.850589752197266
29-10-2003,16.549999237060547,16.600000381469727,126300,17.100000381469727,17.09000015258789,16.25969886779785
30-10-2003,16.639999389648438,17.0,139500,17.190000534057617,17.149999618530273,16.316783905029297
31-10-2003,17.059999465942383,17.149999618530273,114000,17.229999542236328,17.139999389648438,16.30727195739746
03-11-2003,16.989999771118164,17.100000381469727,102900,17.450000762939453,17.030000686645508,16.202611923217773
04-11-2003,16.959999084472656,16.969999313354492,65300,17.329999923706055,17.149999618530273,16.316783905029297
05-11-2003,16.5,17.149999618530273,141100,17.149999618530273,16.690000534057617,15.879138946533203
06-11-2003,16.690000534057617,16.690000534057617,69200,16.959999084472656,16.809999465942383,15.993308067321777
07-11-2003,16.690000534057617,16.899999618530273,38300,17.010000228881836,16.700000762939453,15.88864803314209
10-11-2003,16.43000030517578,16.729999542236328,55500,16.729999542236328,16.440000534057617,15.676949501037598
11-11-2003,16.270000457763672,16.270000457763672,79800,16.670000076293945,16.5,15.734169006347656
12-11-2003,16.459999084472656,16.459999084472656,65100,17.06999969482422,17.06999969482422,16.27771759033203
13-11-2003,16.90999984741211,17.020000457763672,40900,17.110000610351562,17.040000915527344,16.249109268188477
14-11-2003,16.780000686645508,16.969999313354492,38300,17.1200008392334,16.780000686645508,16.001163482666016
17-11-2003,16.309999465942383,16.729999542236328,172600,16.729999542236328,16.43000030517578,15.667417526245117
18-11-2003,16.270000457763672,16.5,74600,16.6200008392334,16.270000457763672,15.514846801757812
19-11-2003,16.270000457763672,16.270000457763672,129000,16.459999084472656,16.440000534057617,15.676949501037598
20-11-2003,16.34000015258789,16.600000381469727,184900,17.06999969482422,16.950000762939453,16.163288116455078
21-11-2003,16.59000015258789,16.989999771118164,78100,17.0,16.639999389648438,15.867671966552734
24-11-2003,16.65999984741211,16.65999984741211,81500,17.149999618530273,17.100000381469727,16.306320190429688
25-11-2003,17.030000686645508,17.100000381469727,225000,17.389999389648438,17.270000457763672,16.46842384338379
26-11-2003,17.329999923706055,17.450000762939453,162700,17.6200008392334,17.610000610351562,16.792646408081055
28-11-2003,17.600000381469727,17.610000610351562,33600,17.700000762939453,17.600000381469727,16.78311538696289
01-12-2003,17.610000610351562,17.700000762939453,143400,18.0,18.0,17.16455078125
02-12-2003,17.8700008392334,18.079999923706055,328900,18.149999618530273,18.079999923706055,17.240825653076172
03-12-2003,18.0,18.149999618530273,200200,18.170000076293945,18.1200008392334,17.278980255126953
04-12-2003,17.149999618530273,18.100000381469727,237400,18.200000762939453,17.350000381469727,16.544710159301758
05-12-2003,17.329999923706055,17.360000610351562,122300,17.549999237060547,17.399999618530273,16.592391967773438
08-12-2003,17.399999618530273,17.43000030517578,86300,17.610000610351562,17.559999465942383,16.744970321655273
09-12-2003,17.3700008392334,17.639999389648438,149800,17.670000076293945,17.3799991607666,16.573322296142578
10-12-2003,17.149999618530273,17.3799991607666,210400,17.43000030517578,17.149999618530273,16.35399627685547
11-12-2003,17.15999984741211,17.15999984741211,81600,17.479999542236328,17.450000762939453,16.640087127685547
12-12-2003,17.459999084472656,17.600000381469727,146900,17.760000228881836,17.760000228881836,16.935691833496094
15-12-2003,17.25,17.799999237060547,112800,17.899999618530273,17.3799991607666,16.573322296142578
16-12-2003,17.219999313354492,17.40999984741211,158400,17.479999542236328,17.40999984741211,16.601930618286133
17-12-2003,17.3799991607666,17.399999618530273,97200,17.6299991607666,17.6200008392334,16.80217742919922
18-12-2003,17.610000610351562,17.639999389648438,64700,17.809999465942383,17.610000610351562,16.792646408081055
19-12-2003,17.59000015258789,17.6200008392334,115200,17.8700008392334,17.84000015258789,17.01197624206543
22-12-2003,17.610000610351562,17.84000015258789,41200,17.860000610351562,17.780000686645508,16.954750061035156
23-12-2003,17.65999984741211,17.790000915527344,77700,17.989999771118164,17.989999771118164,17.155012130737305
24-12-2003,17.700000762939453,17.950000762939453,33800,17.969999313354492,17.75,16.9261474609375
26-12-2003,17.75,17.75,14500,18.0,18.0,17.16455078125
29-12-2003,17.760000228881836,18.0,110700,18.100000381469727,17.93000030517578,17.097789764404297
30-12-2003,17.93000030517578,17.93000030517578,80400,18.110000610351562,18.110000610351562,17.269439697265625
31-12-2003,17.709999084472656,18.06999969482422,92700,18.06999969482422,17.739999771118164,16.916610717773438
02-01-2004,17.610000610351562,17.84000015258789,85300,18.020000457763672,17.729999542236328,16.907072067260742
05-01-2004,17.6200008392334,17.68000030517578,72300,17.8799991607666,17.690000534057617,16.86893081665039
06-01-2004,17.690000534057617,17.690000534057617,118800,18.299999237060547,17.860000610351562,17.031049728393555
07-01-2004,17.549999237060547,17.75,144400,17.84000015258789,17.739999771118164,16.916610717773438
08-01-2004,17.360000610351562,17.6299991607666,205300,17.719999313354492,17.56999969482422,16.754501342773438
09-01-2004,17.399999618530273,17.579999923706055,98000,17.600000381469727,17.450000762939453,16.640087127685547
12-01-2004,17.3700008392334,17.549999237060547,72200,17.700000762939453,17.700000762939453,16.87847328186035
13-01-2004,17.6299991607666,17.700000762939453,72900,17.799999237060547,17.65999984741211,16.840320587158203
14-01-2004,17.729999542236328,17.729999542236328,48500,18.030000686645508,17.93000030517578,17.097789764404297
15-01-2004,17.639999389648438,17.93000030517578,61500,18.0,17.8700008392334,17.04058074951172
16-01-2004,17.809999465942383,18.0,92700,18.25,17.81999969482422,16.992902755737305
20-01-2004,17.739999771118164,17.959999084472656,86300,17.959999084472656,17.8799991607666,17.05011749267578
21-01-2004,17.829999923706055,18.0,93600,18.149999618530273,18.0,17.16455078125
22-01-2004,17.770000457763672,18.030000686645508,68100,18.1299991607666,17.780000686645508,16.954750061035156
23-01-2004,17.700000762939453,17.850000381469727,78200,18.010000228881836,18.010000228881836,17.17408561706543
26-01-2004,17.690000534057617,17.899999618530273,58700,18.040000915527344,18.040000915527344,17.202695846557617
27-01-2004,17.670000076293945,18.100000381469727,83900,18.110000610351562,17.790000915527344,16.964296340942383
28-01-2004,17.25,17.719999313354492,117000,17.84000015258789,17.280000686645508,16.47796058654785
29-01-2004,17.18000030517578,17.43000030517578,89500,17.510000228881836,17.3799991607666,16.573322296142578
30-01-2004,17.229999542236328,17.34000015258789,63600,17.459999084472656,17.450000762939453,16.640087127685547
02-02-2004,17.25,17.559999465942383,64500,17.559999465942383,17.489999771118164,16.6782169342041
03-02-2004,17.350000381469727,17.43000030517578,81900,17.649999618530273,17.549999237060547,16.735435485839844
04-02-2004,17.079999923706055,17.549999237060547,99800,17.649999618530273,17.079999923706055,16.287246704101562
05-02-2004,17.209999084472656,17.280000686645508,89400,17.700000762939453,17.559999465942383,16.744970321655273
06-02-2004,17.6299991607666,17.6299991607666,60500,18.100000381469727,18.020000457763672,17.183616638183594
09-02-2004,17.75,17.899999618530273,115000,18.0,17.770000457763672,16.945219039916992
10-02-2004,17.540000915527344,17.81999969482422,91100,18.309999465942383,18.309999465942383,17.460161209106445
11-02-2004,18.1299991607666,18.270000457763672,54200,18.280000686645508,18.139999389648438,17.29804039001465
12-02-2004,18.100000381469727,18.170000076293945,62200,18.6200008392334,18.280000686645508,17.431547164916992
13-02-2004,17.90999984741211,18.350000381469727,81800,18.450000762939453,17.90999984741211,17.078720092773438
17-02-2004,17.979999542236328,18.040000915527344,98700,18.81999969482422,18.68000030517578,17.8129825592041
18-02-2004,18.299999237060547,18.68000030517578,51100,18.700000762939453,18.43000030517578,17.574581146240234
19-02-2004,18.350000381469727,18.5,61300,18.600000381469727,18.350000381469727,17.498306274414062
20-02-2004,17.799999237060547,18.420000076293945,156000,18.799999237060547,18.799999237060547,17.927410125732422
23-02-2004,18.309999465942383,18.799999237060547,89300,18.81999969482422,18.3700008392334,17.51738166809082
24-02-2004,18.299999237060547,18.350000381469727,164100,19.0,18.959999084472656,18.079986572265625
25-02-2004,18.84000015258789,18.959999084472656,104700,19.270000457763672,19.270000457763672,18.375598907470703
26-02-2004,19.0,19.219999313354492,90400,19.3799991607666,19.360000610351562,18.461423873901367
27-02-2004,19.110000610351562,19.25,82200,19.40999984741211,19.1200008392334,18.232561111450195
01-03-2004,19.190000534057617,19.190000534057617,73600,19.700000762939453,19.700000762939453,18.785640716552734
02-03-2004,19.610000610351562,19.75,70800,19.899999618530273,19.649999618530273,18.737960815429688
03-03-2004,19.5,19.6200008392334,66500,19.850000381469727,19.670000076293945,18.757034301757812
04-03-2004,19.479999542236328,19.670000076293945,114400,19.81999969482422,19.81999969482422,18.900074005126953
05-03-2004,19.6299991607666,19.75,91300,19.950000762939453,19.81999969482422,18.900074005126953
08-03-2004,19.600000381469727,19.829999923706055,107400,19.850000381469727,19.639999389648438,18.728431701660156
09-03-2004,19.030000686645508,19.579999923706055,172800,19.579999923706055,19.059999465942383,18.17534828186035
10-03-2004,18.209999084472656,19.110000610351562,306000,19.149999618530273,18.350000381469727,17.498306274414062
11-03-2004,18.360000610351562,18.389999389648438,223600,19.209999084472656,18.610000610351562,17.746238708496094
12-03-2004,18.350000381469727,18.65999984741211,146400,18.889999389648438,18.799999237060547,17.927410125732422
15-03-2004,18.31999969482422,18.81999969482422,130100,18.84000015258789,18.34000015258789,17.48876190185547
16-03-2004,18.06999969482422,18.329999923706055,172100,18.40999984741211,18.239999771118164,17.429523468017578
17-03-2004,18.350000381469727,18.350000381469727,106700,18.639999389648438,18.549999237060547,17.725740432739258
18-03-2004,18.399999618530273,18.5,72400,18.770000457763672,18.729999542236328,17.897754669189453
19-03-2004,18.43000030517578,18.8700008392334,130400,18.969999313354492,18.950000762939453,18.107973098754883
22-03-2004,18.139999389648438,18.950000762939453,120500,18.950000762939453,18.139999389648438,17.333965301513672
23-03-2004,17.8799991607666,18.139999389648438,133800,18.270000457763672,18.030000686645508,17.228858947753906
24-03-2004,17.850000381469727,18.0,100500,18.260000228881836,18.200000762939453,17.391305923461914
25-03-2004,18.1299991607666,18.229999542236328,90000,18.459999084472656,18.299999237060547,17.486845016479492
26-03-2004,18.040000915527344,18.309999465942383,73400,18.329999923706055,18.25,17.439077377319336
29-03-2004,18.149999618530273,18.25,171700,18.549999237060547,18.329999923706055,17.51551628112793
30-03-2004,18.18000030517578,18.280000686645508,85300,18.600000381469727,18.530000686645508,17.706636428833008
31-03-2004,18.3700008392334,18.5,74200,18.600000381469727,18.5,17.677963256835938
01-04-2004,18.469999313354492,18.469999313354492,138000,19.040000915527344,18.979999542236328,18.136640548706055
02-04-2004,18.920000076293945,19.06999969482422,99500,19.149999618530273,18.950000762939453,18.107973098754883
05-04-2004,18.899999618530273,18.899999618530273,115000,19.56999969482422,19.200000762939453,18.346864700317383
06-04-2004,18.90999984741211,19.09000015258789,86700,19.229999542236328,19.09000015258789,18.241748809814453
07-04-2004,18.84000015258789,19.09000015258789,60000,19.190000534057617,19.030000686645508,18.184419631958008
08-04-2004,18.75,19.239999771118164,114000,19.3700008392334,18.75,17.91685676574707
12-04-2004,18.8700008392334,18.8700008392334,151500,19.729999542236328,19.549999237060547,18.68131446838379
13-04-2004,18.709999084472656,19.3700008392334,89000,19.3700008392334,18.93000030517578,18.088863372802734
14-04-2004,18.5,18.68000030517578,61700,18.899999618530273,18.6299991607666,17.802186965942383
15-04-2004,18.6200008392334,18.6299991607666,76500,18.950000762939453,18.700000762939453,17.869089126586914
16-04-2004,18.649999618530273,18.790000915527344,59200,19.229999542236328,19.030000686645508,18.184419631958008
19-04-2004,18.639999389648438,18.979999542236328,100700,19.149999618530273,18.700000762939453,17.869089126586914
20-04-2004,18.719999313354492,18.799999237060547,62300,19.219999313354492,18.75,17.91685676574707
21-04-2004,18.600000381469727,18.700000762939453,57000,18.969999313354492,18.90999984741211,18.069746017456055
22-04-2004,18.81999969482422,18.899999618530273,67000,19.329999923706055,19.329999923706055,18.471094131469727
23-04-2004,18.8799991607666,19.329999923706055,113000,19.34000015258789,19.200000762939453,18.346864700317383
26-04-2004,19.0,19.200000762939453,82300,19.299999237060547,19.100000381469727,18.251304626464844
27-04-2004,19.0,19.110000610351562,91000,19.43000030517578,19.100000381469727,18.251304626464844
28-04-2004,18.40999984741211,19.049999237060547,117700,19.190000534057617,18.530000686645508,17.706636428833008
29-04-2004,18.329999923706055,18.600000381469727,122300,18.729999542236328,18.399999618530273,17.58240509033203
30-04-2004,18.059999465942383,18.469999313354492,105900,18.469999313354492,18.06999969482422,17.267072677612305
03-05-2004,17.979999542236328,18.020000457763672,89400,18.3799991607666,18.18000030517578,17.372194290161133
04-05-2004,17.75,18.229999542236328,113700,18.229999542236328,18.1299991607666,17.32440948486328
05-05-2004,17.969999313354492,18.059999465942383,57100,18.149999618530273,17.989999771118164,17.190629959106445
06-05-2004,17.360000610351562,17.969999313354492,186900,18.030000686645508,17.59000015258789,16.80841064453125
07-05-2004,17.030000686645508,17.540000915527344,95100,17.670000076293945,17.030000686645508,16.273283004760742
10-05-2004,16.600000381469727,16.979999542236328,125200,17.100000381469727,16.8799991607666,16.12994956970215
11-05-2004,16.8700008392334,16.950000762939453,86600,17.18000030517578,16.959999084472656,16.206392288208008
12-05-2004,16.579999923706055,16.969999313354492,97400,17.200000762939453,17.020000457763672,16.26372528076172
13-05-2004,16.799999237060547,17.030000686645508,103900,17.170000076293945,16.8700008392334,16.120397567749023
14-05-2004,16.450000762939453,16.75,118300,17.020000457763672,16.81999969482422,16.072620391845703
17-05-2004,16.450000762939453,16.950000762939453,80600,16.950000762939453,16.709999084472656,15.967506408691406
18-05-2004,16.530000686645508,16.709999084472656,71600,16.8799991607666,16.809999465942383,16.063051223754883
19-05-2004,16.5,17.0,101400,17.170000076293945,16.610000610351562,15.8719482421875
20-05-2004,17.040000915527344,17.350000381469727,302800,17.809999465942383,17.559999465942383,16.779727935791016
21-05-2004,17.799999237060547,17.799999237060547,253100,18.489999771118164,18.489999771118164,17.66840934753418
24-05-2004,18.34000015258789,18.489999771118164,112300,18.850000381469727,18.770000457763672,17.93597412109375
25-05-2004,18.420000076293945,18.729999542236328,117500,19.09000015258789,19.06999969482422,18.25960922241211
26-05-2004,18.579999923706055,19.0,80800,19.020000457763672,18.649999618530273,17.857454299926758
27-05-2004,18.56999969482422,18.649999618530273,103300,19.0,18.729999542236328,17.934059143066406
28-05-2004,18.700000762939453,18.899999618530273,63600,18.969999313354492,18.93000030517578,18.12555694580078
01-06-2004,18.75,18.75,126400,19.040000915527344,18.969999313354492,18.163856506347656
02-06-2004,18.75,19.040000915527344,74000,19.100000381469727,18.989999771118164,18.18300437927246
03-06-2004,18.31999969482422,18.950000762939453,107700,18.950000762939453,18.40999984741211,17.62765884399414
04-06-2004,18.43000030517578,18.600000381469727,99000,18.729999542236328,18.520000457763672,17.732975006103516
07-06-2004,18.520000457763672,18.600000381469727,62100,18.850000381469727,18.84000015258789,18.03938102722168
08-06-2004,18.600000381469727,18.809999465942383,68500,18.860000610351562,18.799999237060547,18.001075744628906
09-06-2004,18.469999313354492,18.799999237060547,57400,18.950000762939453,18.510000228881836,17.72339630126953
10-06-2004,18.459999084472656,18.520000457763672,135600,19.0,18.700000762939453,17.905336380004883
14-06-2004,18.56999969482422,18.649999618530273,103900,18.799999237060547,18.75,17.953205108642578
15-06-2004,18.579999923706055,18.780000686645508,86500,18.93000030517578,18.68000030517578,17.886178970336914
16-06-2004,18.520000457763672,18.799999237060547,110900,18.899999618530273,18.860000610351562,18.05852508544922
17-06-2004,18.5,18.799999237060547,121100,18.899999618530273,18.84000015258789,18.03938102722168
18-06-2004,18.719999313354492,18.84000015258789,117100,18.889999389648438,18.790000915527344,17.991500854492188
21-06-2004,18.700000762939453,18.75,145100,19.0,18.989999771118164,18.18300437927246
22-06-2004,18.530000686645508,18.899999618530273,137100,19.0,18.959999084472656,18.154277801513672
23-06-2004,18.6200008392334,18.90999984741211,112200,19.0,18.979999542236328,18.173437118530273
24-06-2004,18.989999771118164,19.030000686645508,221500,19.260000228881836,19.219999313354492,18.403228759765625
25-06-2004,18.899999618530273,19.100000381469727,156100,19.149999618530273,19.100000381469727,18.288331985473633
28-06-2004,19.040000915527344,19.079999923706055,239000,19.389999389648438,19.139999389648438,18.32662582397461
29-06-2004,19.010000228881836,19.139999389648438,192900,19.290000915527344,19.18000030517578,18.364927291870117
30-06-2004,19.059999465942383,19.149999618530273,222600,19.450000762939453,19.25,18.431955337524414
01-07-2004,19.1200008392334,19.299999237060547,190200,19.3700008392334,19.1200008392334,18.307485580444336
02-07-2004,18.8700008392334,19.139999389648438,200700,19.190000534057617,18.969999313354492,18.163856506347656
06-07-2004,18.799999237060547,18.989999771118164,332200,19.34000015258789,18.899999618530273,18.096824645996094
07-07-2004,18.899999618530273,18.979999542236328,193600,19.280000686645508,19.219999313354492,18.403228759765625
08-07-2004,18.479999542236328,19.06999969482422,197600,19.09000015258789,18.670000076293945,17.876609802246094
09-07-2004,18.6299991607666,18.700000762939453,52900,18.90999984741211,18.719999313354492,17.92447280883789
12-07-2004,18.760000228881836,18.770000457763672,105900,19.100000381469727,18.899999618530273,18.096824645996094
13-07-2004,18.959999084472656,19.0,103800,19.139999389648438,19.059999465942383,18.250030517578125
14-07-2004,18.770000457763672,19.0,102400,19.049999237060547,18.889999389648438,18.08725929260254
15-07-2004,18.709999084472656,18.93000030517578,106200,19.040000915527344,18.739999771118164,17.943632125854492
16-07-2004,18.239999771118164,18.799999237060547,87700,18.8799991607666,18.350000381469727,17.570199966430664
19-07-2004,18.34000015258789,18.34000015258789,164400,18.639999389648438,18.530000686645508,17.742555618286133
20-07-2004,18.649999618530273,18.649999618530273,293000,19.420000076293945,19.420000076293945,18.594724655151367
21-07-2004,19.0,19.420000076293945,122500,19.459999084472656,19.0,18.192577362060547
22-07-2004,18.200000762939453,19.0,132600,19.049999237060547,18.440000534057617,17.656381607055664
23-07-2004,18.309999465942383,18.459999084472656,87400,18.639999389648438,18.360000610351562,17.579782485961914
26-07-2004,18.25,18.5,138000,18.809999465942383,18.280000686645508,17.503177642822266
27-07-2004,18.280000686645508,18.280000686645508,234100,18.920000076293945,18.920000076293945,18.11597442626953
28-07-2004,18.280000686645508,18.850000381469727,114100,18.8799991607666,18.420000076293945,17.637226104736328
29-07-2004,18.459999084472656,18.479999542236328,168100,18.979999542236328,18.770000457763672,17.972354888916016
30-07-2004,18.5,18.6200008392334,151200,18.989999771118164,18.969999313354492,18.163856506347656
02-08-2004,18.510000228881836,18.75,121500,18.899999618530273,18.729999542236328,17.934059143066406
03-08-2004,18.34000015258789,18.729999542236328,97900,18.729999542236328,18.350000381469727,17.570199966430664
04-08-2004,17.989999771118164,18.25,120600,18.450000762939453,18.299999237060547,17.522323608398438
05-08-2004,17.90999984741211,18.399999618530273,211400,18.399999618530273,17.950000762939453,17.18720245361328
06-08-2004,17.610000610351562,17.770000457763672,158700,18.110000610351562,17.8799991607666,17.120180130004883
09-08-2004,17.760000228881836,17.979999542236328,111900,18.09000015258789,17.90999984741211,17.148897171020508
10-08-2004,17.790000915527344,17.950000762939453,207400,18.010000228881836,17.989999771118164,17.225505828857422
11-08-2004,17.59000015258789,17.899999618530273,103500,17.90999984741211,17.889999389648438,17.129745483398438
12-08-2004,17.709999084472656,17.799999237060547,63000,17.950000762939453,17.709999084472656,16.9574031829834
13-08-2004,17.559999465942383,17.81999969482422,84100,17.8700008392334,17.65999984741211,16.909530639648438
16-08-2004,17.700000762939453,17.75,120000,18.280000686645508,18.18000030517578,17.407432556152344
17-08-2004,18.040000915527344,18.18000030517578,112200,18.450000762939453,18.18000030517578,17.407432556152344
18-08-2004,17.989999771118164,18.139999389648438,129200,18.329999923706055,18.299999237060547,17.522323608398438
19-08-2004,18.350000381469727,18.450000762939453,237200,19.020000457763672,18.649999618530273,17.857454299926758
20-08-2004,18.670000076293945,18.84000015258789,275800,19.489999771118164,19.479999542236328,18.652175903320312
23-08-2004,19.219999313354492,19.549999237060547,175300,19.6299991607666,19.329999923706055,18.50855827331543
24-08-2004,19.520000457763672,19.75,160200,19.809999465942383,19.65999984741211,18.861608505249023
25-08-2004,19.3799991607666,19.700000762939453,87200,19.700000762939453,19.5,18.708112716674805
26-08-2004,19.360000610351562,19.549999237060547,220300,19.610000610351562,19.530000686645508,18.736894607543945
27-08-2004,19.469999313354492,19.700000762939453,279700,20.100000381469727,20.079999923706055,19.264558792114258
30-08-2004,19.93000030517578,20.229999542236328,274500,20.3700008392334,19.979999542236328,19.168617248535156
31-08-2004,19.6200008392334,19.979999542236328,217200,20.200000762939453,20.15999984741211,19.341306686401367
01-09-2004,19.979999542236328,20.200000762939453,125500,20.65999984741211,20.010000228881836,19.197399139404297
02-09-2004,19.860000610351562,19.899999618530273,198200,20.59000015258789,20.59000015258789,19.75385284423828
03-09-2004,20.270000457763672,20.59000015258789,101000,20.700000762939453,20.489999771118164,19.657907485961914
07-09-2004,20.3799991607666,20.510000228881836,181500,20.700000762939453,20.450000762939453,19.619529724121094
08-09-2004,20.489999771118164,20.549999237060547,219200,20.989999771118164,20.639999389648438,19.80181884765625
09-09-2004,20.56999969482422,20.729999542236328,120800,20.799999237060547,20.600000381469727,19.76343536376953
10-09-2004,20.549999237060547,20.600000381469727,89300,20.790000915527344,20.770000457763672,19.926536560058594
13-09-2004,20.719999313354492,20.899999618530273,203200,21.06999969482422,20.959999084472656,20.10881996154785
14-09-2004,20.690000534057617,20.950000762939453,84900,20.950000762939453,20.799999237060547,19.955324172973633
15-09-2004,20.790000915527344,20.850000381469727,185400,21.0,20.989999771118164,20.13759994506836
16-09-2004,21.030000686645508,21.030000686645508,101200,21.280000686645508,21.1299991607666,20.271913528442383
17-09-2004,20.979999542236328,21.229999542236328,213800,21.389999389648438,21.25,20.387046813964844
20-09-2004,21.1299991607666,21.25,158900,21.299999237060547,21.18000030517578,20.319887161254883
21-09-2004,21.270000457763672,21.34000015258789,238200,22.190000534057617,22.079999923706055,21.183340072631836
22-09-2004,21.65999984741211,22.0,190300,22.0,21.84000015258789,20.953088760375977
23-09-2004,21.729999542236328,21.850000381469727,88900,22.1299991607666,21.969999313354492,21.077796936035156
24-09-2004,21.5,21.899999618530273,89700,21.920000076293945,21.510000228881836,20.6364803314209
27-09-2004,21.25,21.510000228881836,102900,21.549999237060547,21.25,20.387046813964844
28-09-2004,21.209999084472656,21.239999771118164,165800,21.559999465942383,21.450000762939453,20.578922271728516
29-09-2004,21.5,21.5,148200,22.399999618530273,22.399999618530273,21.490341186523438
30-09-2004,22.100000381469727,22.399999618530273,120000,22.520000457763672,22.280000686645508,21.375219345092773
01-10-2004,22.329999923706055,22.350000381469727,92900,22.729999542236328,22.729999542236328,21.806934356689453
04-10-2004,21.850000381469727,22.639999389648438,269600,23.270000457763672,21.93000030517578,21.039430618286133
05-10-2004,21.790000915527344,21.950000762939453,166200,22.209999084472656,21.889999389648438,21.00104522705078
06-10-2004,21.8799991607666,21.899999618530273,144300,22.1200008392334,22.0,21.106590270996094
07-10-2004,21.90999984741211,22.010000228881836,128900,22.1200008392334,22.100000381469727,21.202526092529297
08-10-2004,21.68000030517578,22.299999237060547,95200,22.3799991607666,21.690000534057617,20.809181213378906
11-10-2004,21.43000030517578,21.59000015258789,72100,21.68000030517578,21.610000610351562,20.7324275970459
12-10-2004,21.420000076293945,21.610000610351562,165000,22.420000076293945,22.190000534057617,21.28887367248535
13-10-2004,21.6200008392334,22.270000457763672,127000,22.399999618530273,21.90999984741211,21.02023696899414
14-10-2004,21.399999618530273,21.850000381469727,243600,22.040000915527344,21.600000381469727,20.72283363342285
15-10-2004,21.56999969482422,21.56999969482422,76900,22.020000457763672,21.700000762939453,20.818771362304688
18-10-2004,21.389999389648438,21.600000381469727,110700,21.889999389648438,21.670000076293945,20.789987564086914
19-10-2004,21.65999984741211,21.65999984741211,128300,22.190000534057617,22.100000381469727,21.202526092529297
20-10-2004,21.780000686645508,22.25,96200,22.299999237060547,22.200000762939453,21.2984619140625
21-10-2004,21.850000381469727,22.299999237060547,189400,22.940000534057617,22.489999771118164,21.57669448852539
22-10-2004,21.989999771118164,22.5,103300,22.81999969482422,22.020000457763672,21.125778198242188
25-10-2004,21.670000076293945,21.950000762939453,98300,22.489999771118164,22.190000534057617,21.28887367248535
26-10-2004,21.90999984741211,22.09000015258789,130600,22.649999618530273,22.489999771118164,21.57669448852539
27-10-2004,22.280000686645508,22.549999237060547,166700,23.079999923706055,23.06999969482422,22.133134841918945
28-10-2004,22.459999084472656,22.950000762939453,172700,23.049999237060547,22.90999984741211,21.979637145996094
29-10-2004,22.530000686645508,22.860000610351562,55900,22.8700008392334,22.790000915527344,21.86450958251953
01-11-2004,22.56999969482422,22.850000381469727,106700,23.479999542236328,23.479999542236328,22.526485443115234
02-11-2004,23.100000381469727,23.479999542236328,111400,23.8700008392334,23.219999313354492,22.277034759521484
03-11-2004,23.18000030517578,23.18000030517578,107500,23.6299991607666,23.479999542236328,22.526485443115234
04-11-2004,23.280000686645508,23.479999542236328,128400,24.190000534057617,24.15999984741211,23.17887306213379
05-11-2004,23.510000228881836,23.799999237060547,153800,24.219999313354492,23.940000534057617,22.967805862426758
08-11-2004,23.059999465942383,23.850000381469727,104000,23.979999542236328,23.260000228881836,22.350902557373047
09-11-2004,23.270000457763672,23.5,291500,24.8700008392334,24.790000915527344,23.821102142333984
10-11-2004,24.600000381469727,24.81999969482422,165100,25.139999389648438,24.65999984741211,23.696176528930664
11-11-2004,24.540000915527344,24.700000762939453,202400,25.899999618530273,25.899999618530273,24.887714385986328
12-11-2004,25.049999237060547,25.799999237060547,118000,25.799999237060547,25.139999389648438,24.15741729736328
15-11-2004,24.850000381469727,25.149999618530273,215900,25.799999237060547,25.75,24.743572235107422
16-11-2004,24.90999984741211,25.700000762939453,251100,25.700000762939453,25.100000381469727,24.118982315063477
17-11-2004,26.600000381469727,27.0,1356100,29.950000762939453,26.979999542236328,25.925500869750977
18-11-2004,26.170000076293945,26.979999542236328,329400,27.270000457763672,26.239999771118164,25.214420318603516
19-11-2004,26.1299991607666,26.239999771118164,348600,26.649999618530273,26.139999389648438,25.118330001831055
22-11-2004,25.920000076293945,26.100000381469727,221900,26.459999084472656,26.200000762939453,25.175983428955078
23-11-2004,26.200000762939453,26.329999923706055,267100,27.0,26.8799991607666,25.829416275024414
24-11-2004,26.760000228881836,26.799999237060547,224900,27.649999618530273,27.329999923706055,26.261825561523438
26-11-2004,27.219999313354492,27.43000030517578,81500,27.6200008392334,27.299999237060547,26.232990264892578
29-11-2004,27.059999465942383,27.389999389648438,380100,27.770000457763672,27.399999618530273,26.32908058166504
30-11-2004,27.0,27.299999237060547,345200,27.40999984741211,27.299999237060547,26.232990264892578
01-12-2004,27.309999465942383,27.34000015258789,411900,27.639999389648438,27.5,26.42517852783203
02-12-2004,27.0,27.510000228881836,300900,27.59000015258789,27.350000381469727,26.281036376953125
03-12-2004,27.209999084472656,27.350000381469727,181300,27.75,27.40999984741211,26.33868980407715
06-12-2004,26.84000015258789,27.40999984741211,181900,27.40999984741211,26.850000381469727,25.800579071044922
07-12-2004,25.739999771118164,26.799999237060547,242600,26.799999237060547,25.739999771118164,24.733972549438477
08-12-2004,25.65999984741211,25.75,199100,26.100000381469727,25.739999771118164,24.733972549438477
09-12-2004,25.450000762939453,25.729999542236328,286300,26.09000015258789,26.010000228881836,24.993412017822266
10-12-2004,25.450000762939453,25.850000381469727,179200,26.0,25.770000457763672,24.762788772583008
13-12-2004,25.200000762939453,25.8700008392334,201100,25.93000030517578,25.559999465942383,24.560997009277344
14-12-2004,25.520000457763672,25.579999923706055,148900,26.100000381469727,25.920000076293945,24.90692901611328
15-12-2004,25.709999084472656,25.93000030517578,82700,26.100000381469727,26.030000686645508,25.012632369995117
16-12-2004,25.5,25.969999313354492,142600,26.059999465942383,25.709999084472656,24.705135345458984
17-12-2004,25.5,25.5,434600,26.790000915527344,26.059999465942383,25.041460037231445
20-12-2004,25.84000015258789,25.899999618530273,286800,26.469999313354492,26.25,25.224035263061523
21-12-2004,26.25,26.34000015258789,138000,26.5,26.420000076293945,25.38739013671875
22-12-2004,26.1299991607666,26.170000076293945,130500,26.65999984741211,26.56999969482422,25.531526565551758
23-12-2004,26.579999923706055,26.739999771118164,147600,27.0,26.959999084472656,25.906280517578125
27-12-2004,26.579999923706055,27.040000915527344,92000,27.079999923706055,26.649999618530273,25.6084041595459
28-12-2004,26.5,26.649999618530273,99600,27.139999389648438,27.049999237060547,25.992767333984375
29-12-2004,26.829999923706055,26.950000762939453,74200,27.079999923706055,26.979999542236328,25.925500869750977
30-12-2004,26.790000915527344,26.959999084472656,182900,27.100000381469727,26.90999984741211,25.858238220214844
31-12-2004,26.709999084472656,26.850000381469727,81500,27.1299991607666,27.0,25.944711685180664
03-01-2005,26.770000457763672,26.90999984741211,257400,27.270000457763672,27.18000030517578,26.11767578125
04-01-2005,27.06999969482422,27.149999618530273,245800,27.3700008392334,27.25,26.184946060180664
05-01-2005,26.309999465942383,27.200000762939453,359700,27.200000762939453,26.399999618530273,25.368167877197266
06-01-2005,26.209999084472656,26.3799991607666,155700,26.6200008392334,26.360000610351562,25.329740524291992
07-01-2005,26.350000381469727,26.40999984741211,191400,26.93000030517578,26.549999237060547,25.512306213378906
10-01-2005,26.299999237060547,26.399999618530273,125800,26.850000381469727,26.56999969482422,25.531526565551758
11-01-2005,26.3799991607666,26.520000457763672,133900,26.670000076293945,26.389999389648438,25.358562469482422
12-01-2005,26.270000457763672,26.329999923706055,227800,27.020000457763672,26.920000076293945,25.867847442626953
13-01-2005,26.510000228881836,26.920000076293945,142800,26.920000076293945,26.719999313354492,25.6756591796875
14-01-2005,26.610000610351562,26.649999618530273,102100,27.1299991607666,27.1200008392334,26.060029983520508
18-01-2005,26.899999618530273,27.020000457763672,122400,27.5,27.43000030517578,26.3579158782959
19-01-2005,26.899999618530273,27.18000030517578,132400,27.489999771118164,27.239999771118164,26.175344467163086
20-01-2005,26.440000534057617,27.100000381469727,157600,27.190000534057617,26.559999465942383,25.52191162109375
21-01-2005,26.09000015258789,26.43000030517578,84600,26.56999969482422,26.100000381469727,25.079893112182617
24-01-2005,25.75,26.100000381469727,123400,26.309999465942383,26.09000015258789,25.07028579711914
25-01-2005,25.56999969482422,25.56999969482422,121200,26.489999771118164,26.440000534057617,25.406604766845703
26-01-2005,26.030000686645508,26.450000762939453,123600,26.450000762939453,26.3799991607666,25.348947525024414
27-01-2005,26.15999984741211,26.200000762939453,137100,26.860000610351562,26.760000228881836,25.714099884033203
28-01-2005,25.790000915527344,26.770000457763672,106700,26.770000457763672,25.8799991607666,24.868486404418945
31-01-2005,26.09000015258789,26.1200008392334,170800,27.270000457763672,27.209999084472656,26.146507263183594
01-02-2005,26.889999389648438,27.200000762939453,79600,27.209999084472656,27.049999237060547,25.992767333984375
02-02-2005,26.1200008392334,27.049999237060547,297400,27.100000381469727,26.770000457763672,25.723709106445312
03-02-2005,26.649999618530273,26.920000076293945,361200,27.1299991607666,27.079999923706055,26.02159309387207
04-02-2005,26.829999923706055,27.100000381469727,168900,27.25,27.100000381469727,26.040807723999023
07-02-2005,27.100000381469727,27.100000381469727,435900,28.059999465942383,28.0,26.905635833740234
08-02-2005,28.020000457763672,28.200000762939453,334700,28.760000228881836,28.690000534057617,27.568666458129883
09-02-2005,28.200000762939453,28.690000534057617,258100,28.940000534057617,28.25,27.145864486694336
10-02-2005,27.700000762939453,28.25,243800,28.25,28.149999618530273,27.04977035522461
11-02-2005,27.84000015258789,28.149999618530273,289600,29.709999084472656,29.049999237060547,27.91459083557129
14-02-2005,28.260000228881836,28.959999084472656,134500,28.959999084472656,28.440000534057617,27.328447341918945
15-02-2005,28.399999618530273,28.469999313354492,220500,29.200000762939453,29.139999389648438,28.001081466674805
16-02-2005,28.649999618530273,28.969999313354492,180500,29.56999969482422,29.540000915527344,28.385448455810547
17-02-2005,28.709999084472656,29.530000686645508,147900,29.530000686645508,28.81999969482422,27.693586349487305
18-02-2005,28.600000381469727,28.899999618530273,88000,28.93000030517578,28.809999465942383,27.683975219726562
22-02-2005,27.649999618530273,28.799999237060547,161800,28.969999313354492,27.709999084472656,26.62697410583496
23-02-2005,27.299999237060547,27.709999084472656,261200,27.979999542236328,27.299999237060547,26.232990264892578
24-02-2005,26.8700008392334,27.049999237060547,304500,27.950000762939453,27.809999465942383,26.723068237304688
25-02-2005,27.260000228881836,27.829999923706055,221700,27.829999923706055,27.68000030517578,26.59813690185547
28-02-2005,27.31999969482422,27.709999084472656,193600,27.860000610351562,27.729999542236328,26.64619255065918
01-03-2005,27.760000228881836,27.850000381469727,156800,28.18000030517578,27.8700008392334,26.78072166442871
02-03-2005,27.799999237060547,27.799999237060547,160300,28.59000015258789,28.1299991607666,27.030553817749023
03-03-2005,27.940000534057617,28.270000457763672,88500,28.559999465942383,28.299999237060547,27.19390869140625
04-03-2005,27.8700008392334,28.350000381469727,151600,28.6200008392334,28.329999923706055,27.222734451293945
07-03-2005,27.799999237060547,28.299999237060547,75200,28.389999389648438,27.809999465942383,26.723068237304688
08-03-2005,27.40999984741211,27.799999237060547,113400,27.959999084472656,27.450000762939453,26.377126693725586
09-03-2005,27.350000381469727,27.350000381469727,539800,29.06999969482422,28.56999969482422,27.45335578918457
10-03-2005,27.920000076293945,28.5,355200,28.770000457763672,27.979999542236328,26.886423110961914
11-03-2005,27.940000534057617,28.049999237060547,233100,28.389999389648438,28.0,26.905635833740234
14-03-2005,27.8799991607666,27.889999389648438,334800,28.299999237060547,27.920000076293945,26.828767776489258
15-03-2005,27.760000228881836,27.780000686645508,293500,28.479999542236328,27.950000762939453,26.894197463989258
16-03-2005,27.719999313354492,27.959999084472656,311700,28.299999237060547,28.0,26.942306518554688
17-03-2005,27.219999313354492,29.299999237060547,940300,29.510000228881836,28.0,26.942306518554688
18-03-2005,27.649999618530273,27.649999618530273,418700,28.049999237060547,27.950000762939453,26.894197463989258
21-03-2005,26.860000610351562,27.950000762939453,270500,28.030000686645508,27.15999984741211,26.134031295776367
22-03-2005,27.15999984741211,27.15999984741211,581400,27.940000534057617,27.489999771118164,26.451566696166992
23-03-2005,26.350000381469727,27.489999771118164,592200,27.489999771118164,26.3700008392334,25.37388038635254
24-03-2005,26.399999618530273,26.440000534057617,214500,26.8799991607666,26.649999618530273,25.643306732177734
28-03-2005,26.190000534057617,26.6299991607666,341700,26.8700008392334,26.739999771118164,25.729902267456055
29-03-2005,25.600000381469727,26.739999771118164,313800,26.93000030517578,25.649999618530273,24.68107032775879
30-03-2005,25.6200008392334,25.709999084472656,279400,26.479999542236328,26.309999465942383,25.316139221191406
31-03-2005,26.030000686645508,26.360000610351562,252800,26.969999313354492,26.639999389648438,25.633678436279297
01-04-2005,25.850000381469727,26.729999542236328,167500,26.8799991607666,26.239999771118164,25.248788833618164
04-04-2005,26.059999465942383,26.290000915527344,214200,26.940000534057617,26.75,25.739521026611328
05-04-2005,26.299999237060547,26.950000762939453,169100,27.010000228881836,26.299999237060547,25.3065242767334
06-04-2005,26.549999237060547,26.549999237060547,244200,26.979999542236328,26.700000762939453,25.691417694091797
07-04-2005,26.149999618530273,26.700000762939453,223900,26.8799991607666,26.780000686645508,25.768388748168945
08-04-2005,26.329999923706055,26.780000686645508,179000,26.84000015258789,26.34000015258789,25.34500503540039
11-04-2005,25.709999084472656,26.399999618530273,439700,26.729999542236328,26.68000030517578,25.672155380249023
12-04-2005,25.8799991607666,26.469999313354492,346800,26.860000610351562,26.760000228881836,25.74913787841797
13-04-2005,26.25,26.760000228881836,191700,26.90999984741211,26.3700008392334,25.37388038635254
14-04-2005,25.420000076293945,26.200000762939453,241200,26.290000915527344,25.56999969482422,24.604103088378906
15-04-2005,24.68000030517578,25.579999923706055,260600,25.6299991607666,24.899999618530273,23.959407806396484
18-04-2005,24.110000610351562,24.93000030517578,344000,25.020000457763672,24.3700008392334,23.44942855834961
19-04-2005,24.469999313354492,24.469999313354492,535700,26.75,26.25,25.258420944213867
20-04-2005,25.43000030517578,26.149999618530273,319800,26.6200008392334,25.559999465942383,24.59446907043457
21-04-2005,25.530000686645508,25.700000762939453,324200,26.899999618530273,26.829999923706055,25.81650161743164
22-04-2005,25.459999084472656,26.829999923706055,341600,26.899999618530273,25.56999969482422,24.604103088378906
25-04-2005,25.6299991607666,25.6299991607666,442500,26.25,26.25,25.258420944213867
26-04-2005,25.81999969482422,26.290000915527344,271800,26.690000534057617,26.350000381469727,25.354637145996094
27-04-2005,25.850000381469727,26.360000610351562,296900,26.950000762939453,26.469999313354492,25.470090866088867
28-04-2005,25.43000030517578,26.5,397100,26.520000457763672,25.760000228881836,24.78691864013672
29-04-2005,24.989999771118164,25.950000762939453,507100,26.040000915527344,25.8799991607666,24.902389526367188
02-05-2005,25.799999237060547,25.799999237060547,200700,26.399999618530273,26.049999237060547,25.06596565246582
03-05-2005,26.149999618530273,26.149999618530273,383600,27.399999618530273,27.290000915527344,26.259124755859375
04-05-2005,27.030000686645508,27.309999465942383,201700,27.489999771118164,27.190000534057617,26.16289710998535
05-05-2005,27.030000686645508,27.15999984741211,276000,27.5,27.440000534057617,26.403459548950195
06-05-2005,27.25,27.5,467400,27.639999389648438,27.34000015258789,26.307231903076172
09-05-2005,27.25,27.299999237060547,540300,27.530000686645508,27.5,26.461191177368164
10-05-2005,27.280000686645508,27.489999771118164,388300,27.600000381469727,27.59000015258789,26.54779052734375
11-05-2005,26.729999542236328,27.549999237060547,334000,27.75,27.139999389648438,26.11478614807129
12-05-2005,26.790000915527344,27.139999389648438,356000,27.549999237060547,26.969999313354492,25.951202392578125
13-05-2005,26.549999237060547,27.1200008392334,334300,27.5,27.059999465942383,26.037811279296875
16-05-2005,27.0,27.010000228881836,173600,27.440000534057617,27.290000915527344,26.259124755859375
17-05-2005,27.079999923706055,27.299999237060547,331300,28.079999923706055,27.959999084472656,26.941322326660156
18-05-2005,27.850000381469727,27.899999618530273,205700,28.81999969482422,28.809999465942383,27.760360717773438
19-05-2005,28.600000381469727,28.649999618530273,215600,28.940000534057617,28.790000915527344,27.741086959838867
20-05-2005,28.25,28.700000762939453,184900,28.8700008392334,28.68000030517578,27.635099411010742
23-05-2005,28.5,28.5,234700,29.139999389648438,29.030000686645508,27.97234535217285
24-05-2005,28.40999984741211,28.780000686645508,279100,28.90999984741211,28.799999237060547,27.7507266998291
25-05-2005,29.100000381469727,29.5,1889400,30.829999923706055,30.06999969482422,28.974454879760742
26-05-2005,30.0,30.0,1217700,31.469999313354492,31.059999465942383,29.92838478088379
27-05-2005,30.719999313354492,30.84000015258789,696600,31.299999237060547,31.25,30.111459732055664
31-05-2005,30.540000915527344,31.25,508400,31.299999237060547,30.989999771118164,29.860937118530273
01-06-2005,30.989999771118164,30.989999771118164,735400,31.610000610351562,31.3700008392334,30.227092742919922
02-06-2005,31.200000762939453,31.219999313354492,423900,31.81999969482422,31.799999237060547,30.64142608642578
03-06-2005,31.110000610351562,31.700000762939453,252500,31.719999313354492,31.5,30.35235595703125
06-06-2005,31.290000915527344,31.549999237060547,246300,31.6200008392334,31.549999237060547,30.400535583496094
07-06-2005,31.489999771118164,31.56999969482422,257400,32.060001373291016,31.670000076293945,30.51616096496582
08-06-2005,31.360000610351562,31.6200008392334,320500,31.93000030517578,31.700000762939453,30.545068740844727
09-06-2005,31.059999465942383,31.600000381469727,190200,31.649999618530273,31.56999969482422,30.41980743408203
10-06-2005,31.270000457763672,31.540000915527344,164100,31.6299991607666,31.5,30.35235595703125
13-06-2005,31.350000381469727,31.399999618530273,244900,31.850000381469727,31.75,30.59324836730957
14-06-2005,31.600000381469727,31.600000381469727,328300,32.27000045776367,32.27000045776367,31.094295501708984
15-06-2005,31.559999465942383,32.27000045776367,285400,32.33000183105469,32.040000915527344,30.8726806640625
16-06-2005,32.040000915527344,32.09000015258789,283900,33.20000076293945,32.90999984741211,31.710983276367188
17-06-2005,32.18000030517578,33.29999923706055,311700,33.29999923706055,32.810001373291016,31.614622116088867
20-06-2005,32.27000045776367,32.599998474121094,151900,32.72999954223633,32.599998474121094,31.412275314331055
21-06-2005,32.310001373291016,32.54999923706055,127900,32.810001373291016,32.619998931884766,31.43155288696289
22-06-2005,32.599998474121094,32.599998474121094,245000,33.33000183105469,33.099998474121094,31.89406967163086
23-06-2005,31.8799991607666,32.970001220703125,240300,33.15999984741211,32.150001525878906,30.97867202758789
24-06-2005,31.239999771118164,31.700000762939453,314100,31.93000030517578,31.93000030517578,30.76668357849121
27-06-2005,31.350000381469727,31.93000030517578,229400,32.029998779296875,31.90999984741211,30.747411727905273
28-06-2005,31.959999084472656,32.0099983215332,171700,32.540000915527344,32.47999954223633,31.296642303466797
29-06-2005,32.22999954223633,32.599998474121094,110300,32.7400016784668,32.56999969482422,31.38336753845215
30-06-2005,32.459999084472656,32.540000915527344,191100,33.040000915527344,32.689998626708984,31.498994827270508
01-07-2005,32.43000030517578,32.70000076293945,225600,33.11000061035156,33.11000061035156,31.90369987487793
05-07-2005,32.2400016784668,32.599998474121094,630900,33.86000061035156,33.86000061035156,32.62636184692383
06-07-2005,33.38999938964844,33.79999923706055,518500,33.849998474121094,33.70000076293945,32.472206115722656
07-07-2005,33.130001068115234,33.5,388200,34.25,34.150001525878906,32.90581130981445
08-07-2005,33.81999969482422,34.0,396400,35.060001373291016,34.88999938964844,33.61884689331055
11-07-2005,33.75,34.70000076293945,637500,34.709999084472656,34.13999938964844,32.89616394042969
12-07-2005,33.81999969482422,34.20000076293945,410900,34.369998931884766,34.0,32.76126480102539
13-07-2005,33.380001068115234,34.0,247700,34.0,33.79999923706055,32.568565368652344
14-07-2005,33.2400016784668,34.22999954223633,592400,34.22999954223633,33.380001068115234,32.16386032104492
15-07-2005,32.75,33.33000183105469,3017100,33.400001525878906,32.95000076293945,31.74952507019043
18-07-2005,32.869998931884766,32.900001525878906,616100,33.33000183105469,33.11000061035156,31.90369987487793
19-07-2005,33.08000183105469,33.150001525878906,610400,33.59000015258789,33.58000183105469,32.3565673828125
20-07-2005,33.650001525878906,34.25,1129400,34.29999923706055,34.119998931884766,32.87691879272461
21-07-2005,33.52000045776367,34.08000183105469,327000,34.13999938964844,33.58000183105469,32.3565673828125
22-07-2005,33.189998626708984,33.630001068115234,262400,33.83000183105469,33.779998779296875,32.549285888671875
25-07-2005,33.27000045776367,33.849998474121094,288100,34.18000030517578,33.4900016784668,32.26984786987305
26-07-2005,33.5,33.72999954223633,373000,33.91999816894531,33.7400016784668,32.51074981689453
27-07-2005,33.36000061035156,33.79999923706055,230400,33.869998931884766,33.83000183105469,32.59747314453125
28-07-2005,33.58000183105469,33.970001220703125,368300,34.25,34.060001373291016,32.81908416748047
29-07-2005,33.58000183105469,33.939998626708984,541700,34.130001068115234,33.900001525878906,32.66490173339844
01-08-2005,33.41999816894531,34.849998474121094,311500,34.849998474121094,33.959999084472656,32.72272872924805
02-08-2005,33.43000030517578,33.93000030517578,343200,34.029998779296875,33.84000015258789,32.607093811035156
03-08-2005,33.65999984741211,33.83000183105469,254000,34.290000915527344,34.20000076293945,32.95399475097656
04-08-2005,33.08000183105469,34.04999923706055,323400,34.04999923706055,33.20000076293945,31.99043083190918
05-08-2005,31.899999618530273,33.0,376500,33.060001373291016,32.959999084472656,31.75916290283203
08-08-2005,32.869998931884766,32.88999938964844,257700,33.279998779296875,33.119998931884766,31.91333770751953
09-08-2005,33.119998931884766,33.13999938964844,323700,33.77000045776367,33.56999969482422,32.346927642822266
10-08-2005,33.349998474121094,33.54999923706055,378600,34.5,33.65999984741211,32.43367385864258
11-08-2005,33.47999954223633,33.65999984741211,236900,34.18000030517578,34.11000061035156,32.86726379394531
12-08-2005,33.869998931884766,35.0,549100,35.0,34.279998779296875,33.03105926513672
15-08-2005,33.83000183105469,34.400001525878906,357800,34.599998474121094,33.9900016784668,32.751625061035156
16-08-2005,32.349998474121094,33.7400016784668,328000,33.779998779296875,32.75,31.556806564331055
17-08-2005,32.529998779296875,32.83000183105469,216500,33.2400016784668,32.95000076293945,31.74952507019043
18-08-2005,32.27000045776367,32.70000076293945,275000,33.04999923706055,32.4900016784668,31.3062801361084
19-08-2005,31.510000228881836,32.2400016784668,338600,32.810001373291016,32.08000183105469,30.911230087280273
22-08-2005,31.510000228881836,32.20000076293945,376000,32.209999084472656,31.860000610351562,30.69923210144043
23-08-2005,31.780000686645508,31.81999969482422,426400,32.9900016784668,32.91999816894531,31.758495330810547
24-08-2005,32.40999984741211,32.90999984741211,328700,33.41999816894531,32.58000183105469,31.43050193786621
25-08-2005,33.119998931884766,33.7400016784668,1530800,35.380001068115234,33.5,32.31803512573242
26-08-2005,32.70000076293945,33.650001525878906,336900,33.84000015258789,33.11000061035156,31.941795349121094
29-08-2005,32.779998779296875,33.11000061035156,543600,33.45000076293945,33.45000076293945,32.26979446411133
30-08-2005,32.86000061035156,33.20000076293945,360500,33.369998931884766,33.29999923706055,32.12509536743164
31-08-2005,33.15999984741211,33.349998474121094,395300,33.650001525878906,33.4900016784668,32.30839920043945
01-09-2005,32.75,33.45000076293945,494100,33.47999954223633,32.970001220703125,31.806734085083008
02-09-2005,32.7599983215332,33.0,248400,33.04999923706055,32.97999954223633,31.816370010375977
06-09-2005,32.84000015258789,33.0,342100,33.04999923706055,33.0,31.835683822631836
07-09-2005,32.7400016784668,32.95000076293945,335200,32.9900016784668,32.9900016784668,31.826030731201172
08-09-2005,32.7400016784668,32.9900016784668,323400,33.20000076293945,33.11000061035156,31.941795349121094
09-09-2005,33.04999923706055,33.099998474121094,438900,33.810001373291016,33.7599983215332,32.5688591003418
12-09-2005,33.52000045776367,33.7599983215332,390000,34.13999938964844,34.099998474121094,32.896846771240234
13-09-2005,33.45000076293945,34.099998474121094,241200,34.099998474121094,33.650001525878906,32.46274185180664
14-09-2005,31.5,33.02000045776367,956600,33.52000045776367,31.700000762939453,30.581541061401367
15-09-2005,30.950000762939453,31.739999771118164,472200,31.829999923706055,31.799999237060547,30.678016662597656
16-09-2005,31.579999923706055,32.02000045776367,399300,32.099998474121094,31.860000610351562,30.735898971557617
19-09-2005,31.309999465942383,31.700000762939453,263800,31.850000381469727,31.600000381469727,30.485069274902344
20-09-2005,30.690000534057617,31.729999542236328,319600,32.060001373291016,30.84000015258789,29.751890182495117
21-09-2005,29.540000915527344,30.719999313354492,394900,30.770000457763672,29.860000610351562,28.806461334228516
22-09-2005,28.860000610351562,29.549999237060547,573200,29.65999984741211,29.360000610351562,28.32411003112793
23-09-2005,29.290000915527344,29.600000381469727,560000,30.780000686645508,30.260000228881836,29.192346572875977
26-09-2005,30.260000228881836,30.260000228881836,394600,31.31999969482422,30.75,29.665061950683594
27-09-2005,30.450000762939453,30.75,333200,31.100000381469727,30.719999313354492,29.63612174987793
28-09-2005,30.049999237060547,30.719999313354492,282600,30.829999923706055,30.329999923706055,29.25988006591797
29-09-2005,29.850000381469727,30.290000915527344,211200,30.729999542236328,30.520000457763672,29.44317626953125
30-09-2005,30.770000457763672,30.770000457763672,425200,31.450000762939453,31.020000457763672,29.925546646118164
03-10-2005,30.969999313354492,31.190000534057617,200600,31.690000534057617,31.229999542236328,30.12813377380371
04-10-2005,30.6299991607666,31.219999313354492,260400,31.469999313354492,30.6299991607666,29.549293518066406
05-10-2005,29.639999389648438,30.549999237060547,372800,30.549999237060547,29.700000762939453,28.652114868164062
06-10-2005,29.440000534057617,29.709999084472656,345500,30.65999984741211,30.25,29.182703018188477
07-10-2005,30.200000762939453,30.399999618530273,207500,31.030000686645508,30.780000686645508,29.694002151489258
10-10-2005,30.3799991607666,30.780000686645508,303000,31.139999389648438,30.799999237060547,29.71329689025879
11-10-2005,29.5,30.93000030517578,375600,31.059999465942383,29.5,28.459169387817383
12-10-2005,29.18000030517578,29.549999237060547,319900,29.770000457763672,29.350000381469727,28.314462661743164
13-10-2005,28.31999969482422,29.200000762939453,357000,29.5,28.65999984741211,27.648794174194336
14-10-2005,27.799999237060547,28.75,573000,28.84000015258789,28.399999618530273,27.397981643676758
17-10-2005,28.34000015258789,28.440000534057617,314900,28.979999542236328,28.850000381469727,27.83209991455078
18-10-2005,27.549999237060547,28.770000457763672,499300,28.780000686645508,27.799999237060547,26.81914520263672
19-10-2005,26.75,27.700000762939453,665600,28.1299991607666,27.850000381469727,26.867374420166016
20-10-2005,29.1200008392334,29.850000381469727,1602500,31.579999923706055,29.209999084472656,28.17938995361328
21-10-2005,29.100000381469727,29.299999237060547,762400,29.799999237060547,29.459999084472656,28.420568466186523
24-10-2005,28.940000534057617,29.549999237060547,390900,30.049999237060547,29.280000686645508,28.246925354003906
25-10-2005,28.489999771118164,29.170000076293945,299400,29.489999771118164,28.739999771118164,27.725984573364258
26-10-2005,28.18000030517578,28.739999771118164,408200,29.329999923706055,28.329999923706055,27.330442428588867
27-10-2005,27.0,28.280000686645508,690800,28.31999969482422,27.0,26.047367095947266
28-10-2005,27.100000381469727,27.149999618530273,635900,28.350000381469727,28.100000381469727,27.10856056213379
31-10-2005,28.1299991607666,28.1299991607666,477800,29.079999923706055,28.450000762939453,27.446224212646484
01-11-2005,27.8700008392334,28.25,237100,28.549999237060547,28.18000030517578,27.18573760986328
02-11-2005,28.190000534057617,28.190000534057617,449600,29.100000381469727,29.0,27.976806640625
03-11-2005,29.31999969482422,29.350000381469727,357700,30.309999465942383,29.670000076293945,28.623172760009766
04-11-2005,29.190000534057617,29.6299991607666,253000,29.780000686645508,29.709999084472656,28.66175651550293
07-11-2005,29.540000915527344,29.790000915527344,564200,30.149999618530273,29.899999618530273,28.845046997070312
08-11-2005,29.559999465942383,29.860000610351562,300100,30.280000686645508,29.950000762939453,28.930055618286133
09-11-2005,29.6299991607666,29.780000686645508,426100,30.1200008392334,30.0,28.978342056274414
10-11-2005,29.889999389648438,30.0,620800,31.8700008392334,31.489999771118164,30.4176082611084
11-11-2005,31.079999923706055,31.510000228881836,317100,31.989999771118164,31.229999542236328,30.166465759277344
14-11-2005,31.0,31.31999969482422,181200,31.450000762939453,31.100000381469727,30.040895462036133
15-11-2005,30.1200008392334,31.079999923706055,337700,31.1200008392334,30.25,29.219839096069336
16-11-2005,30.299999237060547,30.3700008392334,147400,30.93000030517578,30.829999923706055,29.78009033203125
17-11-2005,30.6200008392334,30.93000030517578,290100,31.43000030517578,31.34000015258789,30.27271270751953
18-11-2005,31.399999618530273,31.700000762939453,631200,32.56999969482422,32.47999954223633,31.37388801574707
21-11-2005,32.400001525878906,32.54999923706055,727400,33.20000076293945,32.97999954223633,31.85686683654785
22-11-2005,32.70000076293945,33.95000076293945,1570300,34.70000076293945,34.54999923706055,33.37340545654297
23-11-2005,34.31999969482422,34.400001525878906,527100,34.939998626708984,34.58000183105469,33.40238952636719
25-11-2005,34.40999984741211,34.61000061035156,426400,34.77000045776367,34.40999984741211,33.23817825317383
28-11-2005,33.88999938964844,34.47999954223633,915400,34.47999954223633,34.0099983215332,32.85178756713867
29-11-2005,33.75,34.0,808300,34.15999984741211,33.95000076293945,32.79383087158203
30-11-2005,33.5,33.59000015258789,839500,34.0,33.88999938964844,32.73585891723633
01-12-2005,33.5099983215332,33.900001525878906,910100,34.0,33.900001525878906,32.74553680419922
02-12-2005,33.63999938964844,33.95000076293945,438700,34.0,33.869998931884766,32.71656036376953
05-12-2005,33.220001220703125,33.849998474121094,243100,33.88999938964844,33.41999816894531,32.28187942504883
06-12-2005,33.25,33.45000076293945,294400,33.79999923706055,33.27000045776367,32.13698959350586
07-12-2005,32.310001373291016,33.31999969482422,350300,33.459999084472656,33.040000915527344,31.91482162475586
08-12-2005,32.4900016784668,33.16999816894531,354800,33.43000030517578,32.849998474121094,31.73129653930664
09-12-2005,32.15999984741211,33.0,188500,33.060001373291016,33.029998779296875,31.90517234802246
12-12-2005,32.52000045776367,33.16999816894531,330200,33.369998931884766,32.83000183105469,31.71198844909668
13-12-2005,31.559999465942383,32.77000045776367,576300,32.77000045776367,31.760000228881836,30.67841148376465
14-12-2005,31.510000228881836,31.760000228881836,475200,32.04999923706055,31.84000015258789,30.75569725036621
15-12-2005,31.049999237060547,31.809999465942383,431600,31.889999389648438,31.149999618530273,30.08918571472168
16-12-2005,30.889999389648438,31.149999618530273,433200,31.399999618530273,31.1299991607666,30.06987190246582
19-12-2005,30.719999313354492,31.030000686645508,357400,31.350000381469727,30.950000762939453,29.896005630493164
20-12-2005,30.549999237060547,30.940000534057617,493700,31.850000381469727,31.450000762939453,30.378969192504883
21-12-2005,31.420000076293945,31.459999084472656,379400,31.989999771118164,31.739999771118164,30.659099578857422
22-12-2005,31.389999389648438,31.729999542236328,295400,31.780000686645508,31.719999313354492,30.639774322509766
23-12-2005,31.56999969482422,31.899999618530273,688600,33.88999938964844,32.63999938964844,31.528453826904297
27-12-2005,31.799999237060547,32.619998931884766,511900,32.619998931884766,32.08000183105469,30.987520217895508
28-12-2005,31.950000762939453,32.04999923706055,381800,32.5,32.38999938964844,31.286962509155273
29-12-2005,32.040000915527344,32.470001220703125,549600,32.619998931884766,32.459999084472656,31.354576110839844
30-12-2005,32.119998931884766,32.43000030517578,487600,32.63999938964844,32.400001525878906,31.296619415283203
03-01-2006,31.239999771118164,32.54999923706055,443700,32.54999923706055,31.899999618530273,30.813640594482422
04-01-2006,31.5,31.950000762939453,281800,32.16999816894531,31.799999237060547,30.717058181762695
05-01-2006,31.700000762939453,31.8700008392334,165800,32.33000183105469,32.290000915527344,31.19036102294922
06-01-2006,31.969999313354492,32.400001525878906,213700,32.63999938964844,32.63999938964844,31.528453826904297
09-01-2006,32.68000030517578,32.68000030517578,444500,33.58000183105469,33.45000076293945,32.31085205078125
10-01-2006,33.38999938964844,33.72999954223633,1549600,36.650001525878906,36.40999984741211,35.17005157470703
11-01-2006,36.11000061035156,36.400001525878906,569000,36.83000183105469,36.59000015258789,35.343936920166016
12-01-2006,35.869998931884766,36.529998779296875,772900,36.75,35.900001525878906,34.677433013916016
13-01-2006,35.47999954223633,35.83000183105469,483100,35.9900016784668,35.630001068115234,34.416622161865234
17-01-2006,34.939998626708984,35.630001068115234,327300,35.84000015258789,34.97999954223633,33.78875732421875
18-01-2006,34.68000030517578,34.68000030517578,284300,35.470001220703125,34.900001525878906,33.71149826049805
19-01-2006,34.709999084472656,35.04999923706055,262200,35.060001373291016,34.97999954223633,33.78875732421875
20-01-2006,34.060001373291016,35.0,215400,35.060001373291016,34.209999084472656,33.044979095458984
23-01-2006,33.83000183105469,34.29999923706055,242700,34.810001373291016,34.41999816894531,33.24783706665039
24-01-2006,34.540000915527344,34.560001373291016,340100,35.04999923706055,35.0,33.8080940246582
25-01-2006,34.63999938964844,34.959999084472656,307700,35.0,34.9900016784668,33.79841232299805
26-01-2006,34.72999954223633,35.0,478500,35.06999969482422,34.9900016784668,33.79841232299805
27-01-2006,34.77000045776367,34.9900016784668,529500,35.709999084472656,35.619998931884766,34.4069709777832
30-01-2006,35.38999938964844,35.459999084472656,278800,35.95000076293945,35.91999816894531,34.69674301147461
31-01-2006,35.63999938964844,35.79999923706055,366900,36.130001068115234,36.130001068115234,34.899574279785156
01-02-2006,36.25,36.380001068115234,600000,37.400001525878906,37.11000061035156,35.84622573852539
02-02-2006,35.61000061035156,37.0,389500,37.0,35.900001525878906,34.677433013916016
03-02-2006,35.7400016784668,35.84000015258789,265100,36.77000045776367,36.63999938964844,35.39222717285156
06-02-2006,35.66999816894531,36.63999938964844,241100,36.63999938964844,36.08000183105469,34.85131072998047
07-02-2006,35.5099983215332,36.0,195000,36.279998779296875,35.540000915527344,34.32969665527344
08-02-2006,35.4900016784668,35.63999938964844,218000,36.16999816894531,36.06999969482422,34.84163284301758
09-02-2006,35.529998779296875,36.08000183105469,194300,36.279998779296875,35.810001373291016,34.59050369262695
10-02-2006,35.220001220703125,35.88999938964844,192300,35.88999938964844,35.7400016784668,34.52287292480469
13-02-2006,35.27000045776367,35.7400016784668,204100,35.86000061035156,35.34000015258789,34.1364860534668
14-02-2006,35.33000183105469,35.33000183105469,167400,36.880001068115234,36.75,35.498477935791016
15-02-2006,36.369998931884766,36.790000915527344,422800,37.0099983215332,36.880001068115234,35.62406539916992
16-02-2006,36.18000030517578,37.0,229400,37.0,36.619998931884766,35.37291717529297
17-02-2006,35.79999923706055,36.689998626708984,147000,36.689998626708984,36.150001525878906,34.91892623901367
21-02-2006,35.25,36.13999938964844,141900,36.13999938964844,35.630001068115234,34.416622161865234
22-02-2006,35.279998779296875,35.5,284000,35.95000076293945,35.66999816894531,34.45524597167969
23-02-2006,35.54999923706055,35.65999984741211,256500,37.34000015258789,36.7400016784668,35.488807678222656
24-02-2006,36.099998474121094,36.630001068115234,97000,36.869998931884766,36.83000183105469,35.57575988769531
27-02-2006,35.959999084472656,36.72999954223633,310200,37.099998474121094,36.09000015258789,34.860965728759766
28-02-2006,34.77000045776367,36.0,560100,36.0,35.5,34.29103088378906
01-03-2006,35.119998931884766,35.459999084472656,418000,35.5,35.36000061035156,34.15582275390625
02-03-2006,34.970001220703125,35.2599983215332,306200,35.400001525878906,35.0099983215332,33.81772994995117
03-03-2006,34.43000030517578,34.900001525878906,387600,34.900001525878906,34.4900016784668,33.3154411315918
06-03-2006,33.540000915527344,33.540000915527344,335800,34.54999923706055,33.79999923706055,32.648948669433594
07-03-2006,32.90999984741211,33.650001525878906,457400,33.650001525878906,33.04999923706055,31.924474716186523
08-03-2006,32.81999969482422,33.29999923706055,636700,33.5099983215332,33.29999923706055,32.16597366333008
09-03-2006,33.29999923706055,33.38999938964844,300300,33.66999816894531,33.38999938964844,32.25291442871094
10-03-2006,33.290000915527344,33.36000061035156,251500,33.880001068115234,33.880001068115234,32.7262077331543
13-03-2006,34.0,34.0,222800,34.599998474121094,34.29999923706055,33.131919860839844
14-03-2006,33.83000183105469,34.119998931884766,169100,34.709999084472656,34.709999084472656,33.527957916259766
15-03-2006,34.34000015258789,34.720001220703125,120700,34.97999954223633,34.95000076293945,33.759769439697266
16-03-2006,34.95000076293945,35.0,232600,35.47999954223633,35.25,34.08661651611328
17-03-2006,34.34000015258789,34.97999954223633,486400,35.06999969482422,34.45000076293945,33.313011169433594
20-03-2006,34.380001068115234,34.599998474121094,483500,35.369998931884766,35.25,34.08661651611328
21-03-2006,34.540000915527344,35.5,2048600,38.959999084472656,38.959999084472656,37.67416763305664
22-03-2006,38.68000030517578,39.029998779296875,589300,40.060001373291016,39.90999984741211,38.59282684326172
23-03-2006,38.59000015258789,39.65999984741211,630300,39.7599983215332,39.0,37.712860107421875
24-03-2006,38.5,38.880001068115234,218600,39.0,38.97999954223633,37.69352340698242
27-03-2006,38.72999954223633,39.04999923706055,261500,39.20000076293945,38.9900016784668,37.703189849853516
28-03-2006,38.0,38.779998779296875,254500,38.779998779296875,38.310001373291016,37.04564666748047
29-03-2006,37.72999954223633,38.25,308700,38.34000015258789,37.91999816894531,36.66849899291992
30-03-2006,37.380001068115234,38.0,214600,38.0,37.900001525878906,36.649166107177734
31-03-2006,37.720001220703125,37.97999954223633,444500,38.79999923706055,38.209999084472656,36.94893264770508
03-04-2006,37.59000015258789,38.349998474121094,287700,38.45000076293945,37.849998474121094,36.60080337524414
04-04-2006,37.04999923706055,37.75,409200,37.75,37.25,36.0206184387207
05-04-2006,37.09000015258789,37.70000076293945,391300,37.70000076293945,37.119998931884766,35.894893646240234
06-04-2006,37.04999923706055,37.150001525878906,345000,37.849998474121094,37.84000015258789,36.591148376464844
07-04-2006,37.54999923706055,38.0,376200,38.47999954223633,37.79999923706055,36.552459716796875
10-04-2006,37.06999969482422,37.95000076293945,194800,38.189998626708984,37.34000015258789,36.10765075683594
11-04-2006,36.52000045776367,37.5099983215332,190900,37.56999969482422,36.75,35.53712844848633
12-04-2006,36.599998474121094,36.599998474121094,385700,37.7599983215332,37.400001525878906,36.16567611694336
13-04-2006,36.88999938964844,37.290000915527344,141500,37.7599983215332,37.08000183105469,35.85623550415039
17-04-2006,36.45000076293945,36.939998626708984,161400,37.65999984741211,36.900001525878906,35.68217086791992
18-04-2006,36.900001525878906,37.04999923706055,221100,38.09000015258789,37.779998779296875,36.533119201660156
19-04-2006,37.790000915527344,37.790000915527344,195500,38.849998474121094,38.59000015258789,37.316375732421875
20-04-2006,38.279998779296875,38.54999923706055,244000,39.060001373291016,39.02000045776367,37.73221206665039
21-04-2006,38.400001525878906,39.5,197200,39.54999923706055,38.619998931884766,37.345394134521484
24-04-2006,38.0099983215332,38.650001525878906,171900,38.650001525878906,38.38999938964844,37.122982025146484
25-04-2006,37.630001068115234,38.349998474121094,117200,38.349998474121094,38.15999984741211,36.900577545166016
26-04-2006,38.119998931884766,38.20000076293945,184200,38.959999084472656,38.130001068115234,36.87157440185547
27-04-2006,37.59000015258789,37.79999923706055,307300,39.5,38.5099983215332,37.239036560058594
28-04-2006,39.7400016784668,40.0,871400,41.040000915527344,40.20000076293945,38.873268127441406
01-05-2006,40.2599983215332,40.5,403000,41.5,40.47999954223633,39.144020080566406
02-05-2006,39.689998626708984,40.45000076293945,512300,40.5099983215332,40.369998931884766,39.03766632080078
03-05-2006,39.939998626708984,40.220001220703125,324600,41.13999938964844,40.349998474121094,39.0182991027832
04-05-2006,40.130001068115234,40.439998626708984,371400,40.97999954223633,40.52000045776367,39.18269348144531
05-05-2006,39.7400016784668,40.599998474121094,260000,40.810001373291016,39.93000030517578,38.61216735839844
08-05-2006,39.209999084472656,39.90999984741211,328700,40.43000030517578,39.29999923706055,38.00295639038086
09-05-2006,38.849998474121094,39.29999923706055,582100,40.849998474121094,39.79999923706055,38.486454010009766
10-05-2006,37.849998474121094,38.29999923706055,6307600,38.68000030517578,38.0,36.74586486816406
11-05-2006,37.060001373291016,38.15999984741211,1389000,38.20000076293945,37.18000030517578,35.95294189453125
12-05-2006,37.0,37.150001525878906,879800,38.11000061035156,38.0,36.74586486816406
15-05-2006,37.29999923706055,38.0,445200,38.0,37.86000061035156,36.647132873535156
16-05-2006,37.65999984741211,38.099998474121094,487300,38.20000076293945,38.13999938964844,36.91817092895508
17-05-2006,37.59000015258789,38.0,1487300,38.31999969482422,37.83000183105469,36.61811447143555
18-05-2006,37.45000076293945,38.0,744600,38.20000076293945,37.58000183105469,36.3760986328125
19-05-2006,37.099998474121094,37.5,683500,38.16999816894531,37.849998474121094,36.63744354248047
22-05-2006,36.720001220703125,37.810001373291016,495800,38.06999969482422,37.77000045776367,36.56000900268555
23-05-2006,37.31999969482422,38.25,540600,38.45000076293945,37.31999969482422,36.12443161010742
24-05-2006,34.63999938964844,37.099998474121094,1893900,37.099998474121094,35.279998779296875,34.1497917175293
25-05-2006,34.880001068115234,35.52000045776367,1155000,35.61000061035156,35.13999938964844,34.01426315307617
26-05-2006,34.79999923706055,36.09000015258789,634500,36.2400016784668,36.060001373291016,34.90480041503906
30-05-2006,34.25,35.29999923706055,675100,35.45000076293945,34.61000061035156,33.50124740600586
31-05-2006,34.61000061035156,34.61000061035156,1350700,35.52000045776367,35.45000076293945,34.31434631347656
01-06-2006,35.36000061035156,35.52000045776367,665500,36.88999938964844,36.790000915527344,35.611412048339844
02-06-2006,35.880001068115234,37.20000076293945,663500,37.22999954223633,36.27000045776367,35.108055114746094
05-06-2006,34.880001068115234,36.130001068115234,613500,36.22999954223633,35.060001373291016,33.93684005737305
06-06-2006,34.290000915527344,35.060001373291016,922900,35.529998779296875,35.40999984741211,34.27562713623047
07-06-2006,34.93000030517578,35.2599983215332,650900,35.439998626708984,35.04999923706055,33.92714309692383
08-06-2006,32.209999084472656,34.79999923706055,2049400,34.79999923706055,34.529998779296875,33.42380905151367
09-06-2006,35.56999969482422,35.650001525878906,1904300,36.97999954223633,35.650001525878906,34.507930755615234
12-06-2006,34.869998931884766,35.86000061035156,1021000,36.06999969482422,34.880001068115234,33.762596130371094
13-06-2006,34.060001373291016,34.93000030517578,719400,35.38999938964844,34.25,33.152774810791016
14-06-2006,34.2400016784668,34.2400016784668,995200,36.279998779296875,35.25,34.12073516845703
15-06-2006,34.869998931884766,35.29999923706055,883800,35.599998474121094,35.369998931884766,34.23688507080078
16-06-2006,34.77000045776367,35.290000915527344,1245900,35.459999084472656,35.20000076293945,34.07234191894531
19-06-2006,34.119998931884766,35.11000061035156,626200,35.29999923706055,34.25,33.152774810791016
20-06-2006,34.0,34.18000030517578,613900,35.040000915527344,34.849998474121094,33.733551025390625
21-06-2006,34.810001373291016,34.869998931884766,803900,36.0,35.619998931884766,34.47888946533203
22-06-2006,35.060001373291016,35.59000015258789,755600,35.779998779296875,35.7400016784668,34.59505844116211
23-06-2006,35.5,35.5,614500,36.439998626708984,36.0099983215332,34.85638427734375
26-06-2006,36.5,36.79999923706055,1415600,37.2599983215332,37.189998626708984,35.99858474731445
27-06-2006,35.70000076293945,36.939998626708984,550100,37.119998931884766,35.88999938964844,34.740238189697266
28-06-2006,35.08000183105469,35.88999938964844,405200,35.97999954223633,35.75,34.6047248840332
29-06-2006,35.75,35.75,702000,37.599998474121094,37.54999923706055,36.3470573425293
30-06-2006,37.40999984741211,37.70000076293945,1325000,38.27000045776367,38.15999984741211,36.93751907348633
03-07-2006,37.72999954223633,38.0,277300,38.40999984741211,37.959999084472656,36.74394226074219
05-07-2006,37.04999923706055,37.70000076293945,519500,37.81999969482422,37.43000030517578,36.23091125488281
06-07-2006,37.20000076293945,37.41999816894531,518500,38.02000045776367,37.59000015258789,36.38576889038086
07-07-2006,36.209999084472656,37.43000030517578,460700,37.439998626708984,36.27000045776367,35.108055114746094
10-07-2006,36.220001220703125,36.380001068115234,500100,36.970001220703125,36.33000183105469,35.16614532470703
11-07-2006,35.029998779296875,36.22999954223633,552000,36.22999954223633,35.70000076293945,34.55632019042969
12-07-2006,34.36000061035156,35.599998474121094,703000,35.720001220703125,34.619998931884766,33.51093292236328
13-07-2006,33.650001525878906,34.439998626708984,637800,34.439998626708984,34.13999938964844,33.046302795410156
14-07-2006,33.029998779296875,34.13999938964844,431700,34.25,33.540000915527344,32.46552276611328
17-07-2006,33.04999923706055,33.56999969482422,428200,34.02000045776367,33.20000076293945,32.13642883300781
18-07-2006,32.34000015258789,33.2599983215332,483200,33.869998931884766,33.16999816894531,32.10737228393555
19-07-2006,32.79999923706055,33.220001220703125,598800,34.9900016784668,34.58000183105469,33.47220993041992
20-07-2006,34.08000183105469,34.54999923706055,651700,35.0,34.220001220703125,33.12372970581055
21-07-2006,32.5,33.790000915527344,752800,33.84000015258789,33.27000045776367,32.20417404174805
24-07-2006,33.689998626708984,34.150001525878906,1079900,35.22999954223633,34.790000915527344,33.675472259521484
25-07-2006,34.7599983215332,34.790000915527344,488500,35.9900016784668,35.84000015258789,34.69184875488281
26-07-2006,34.5099983215332,35.779998779296875,681400,36.0,35.15999984741211,34.033626556396484
27-07-2006,33.790000915527344,35.209999084472656,399600,35.38999938964844,33.939998626708984,32.852699279785156
28-07-2006,34.02000045776367,34.02000045776367,418100,35.220001220703125,35.209999084472656,34.082027435302734
31-07-2006,34.7400016784668,35.130001068115234,367600,35.630001068115234,35.529998779296875,34.39176940917969
01-08-2006,34.400001525878906,35.150001525878906,525000,35.20000076293945,35.040000915527344,33.91746520996094
02-08-2006,34.59000015258789,35.290000915527344,623700,35.290000915527344,35.04999923706055,33.92714309692383
03-08-2006,34.560001373291016,34.70000076293945,910800,36.349998474121094,35.9900016784668,34.8370475769043
04-08-2006,34.86000061035156,36.31999969482422,829200,36.380001068115234,35.380001068115234,34.246578216552734
07-08-2006,34.34000015258789,35.16999816894531,490700,35.209999084472656,34.81999969482422,33.70454025268555
08-08-2006,34.68000030517578,34.86000061035156,434800,35.75,35.06999969482422,33.94651412963867
09-08-2006,34.5099983215332,35.25,605400,35.720001220703125,34.689998626708984,33.578678131103516
10-08-2006,33.88999938964844,34.29999923706055,842300,34.9900016784668,34.66999816894531,33.559303283691406
11-08-2006,34.43000030517578,34.529998779296875,554800,35.52000045776367,35.34000015258789,34.20787048339844
14-08-2006,35.290000915527344,35.5,572300,36.11000061035156,35.34000015258789,34.24468994140625
15-08-2006,35.83000183105469,35.900001525878906,478100,36.7400016784668,36.619998931884766,35.48500442504883
16-08-2006,36.31999969482422,36.869998931884766,712300,36.95000076293945,36.86000061035156,35.71757125854492
17-08-2006,36.65999984741211,36.849998474121094,409500,37.099998474121094,36.83000183105469,35.68849563598633
18-08-2006,36.11000061035156,36.93000030517578,429000,37.0,36.900001525878906,35.75632095336914
21-08-2006,36.65999984741211,36.900001525878906,639800,37.220001220703125,36.900001525878906,35.75632095336914
22-08-2006,36.95000076293945,37.25,741800,37.81999969482422,37.63999938964844,36.47340774536133
23-08-2006,36.40999984741211,37.349998474121094,796200,37.95000076293945,37.95000076293945,36.77378463745117
24-08-2006,36.7599983215332,38.880001068115234,1899800,38.880001068115234,37.81999969482422,36.64781188964844
25-08-2006,37.40999984741211,37.70000076293945,739000,38.04999923706055,37.630001068115234,36.463722229003906
28-08-2006,37.72999954223633,37.79999923706055,793900,38.95000076293945,38.58000183105469,37.384273529052734
29-08-2006,38.40999984741211,38.72999954223633,962400,39.58000183105469,39.45000076293945,38.227294921875
30-08-2006,39.2599983215332,40.0,1106200,40.189998626708984,39.310001373291016,38.09164810180664
31-08-2006,38.619998931884766,39.27000045776367,617700,39.380001068115234,38.63999938964844,37.44240188598633
01-09-2006,38.790000915527344,38.88999938964844,684500,39.65999984741211,39.119998931884766,37.90752410888672
05-09-2006,38.810001373291016,38.9900016784668,648900,39.5,39.11000061035156,37.8978385925293
06-09-2006,38.439998626708984,38.86000061035156,737900,39.189998626708984,38.5,37.30673599243164
07-09-2006,37.81999969482422,38.16999816894531,967200,38.43000030517578,38.31999969482422,37.13230895996094
08-09-2006,38.20000076293945,38.779998779296875,610000,39.689998626708984,39.56999969482422,38.343563079833984
11-09-2006,38.959999084472656,39.4900016784668,904500,40.2400016784668,39.7599983215332,38.527679443359375
12-09-2006,39.83000183105469,39.83000183105469,1226300,41.5,40.93000030517578,39.66142272949219
13-09-2006,40.099998474121094,40.95000076293945,819400,41.310001373291016,40.59000015258789,39.33195877075195
14-09-2006,39.91999816894531,40.5,785800,41.40999984741211,41.36000061035156,40.078102111816406
15-09-2006,40.65999984741211,41.689998626708984,1210800,41.83000183105469,41.83000183105469,40.53353500366211
18-09-2006,41.22999954223633,41.58000183105469,699800,42.31999969482422,41.90999984741211,40.611053466796875
19-09-2006,40.5099983215332,41.70000076293945,1088400,41.70000076293945,41.400001525878906,40.116878509521484
20-09-2006,41.459999084472656,41.529998779296875,1670900,43.18000030517578,42.470001220703125,41.15370178222656
21-09-2006,41.15999984741211,42.43000030517578,1064200,42.59000015258789,41.400001525878906,40.116878509521484
22-09-2006,40.41999816894531,41.20000076293945,876200,41.279998779296875,40.68000030517578,39.41917037963867
25-09-2006,40.650001525878906,40.66999816894531,503600,41.97999954223633,41.93000030517578,40.63043212890625
26-09-2006,41.79999923706055,42.060001373291016,1021100,43.20000076293945,42.400001525878906,41.08585739135742
27-09-2006,41.880001068115234,42.150001525878906,1368100,42.77000045776367,42.63999938964844,41.31842041015625
28-09-2006,42.369998931884766,42.88999938964844,745000,43.4900016784668,43.36000061035156,42.01610565185547
29-09-2006,41.72999954223633,43.5,827300,43.84000015258789,41.77000045776367,40.47538757324219
02-10-2006,40.099998474121094,40.20000076293945,958000,41.38999938964844,40.90999984741211,39.64204788208008
03-10-2006,40.65999984741211,40.86000061035156,755800,41.560001373291016,41.459999084472656,40.175018310546875
04-10-2006,41.400001525878906,41.4900016784668,616900,43.2599983215332,43.0,41.66727066040039
05-10-2006,42.18000030517578,42.900001525878906,786700,43.38999938964844,43.16999816894531,41.83200454711914
06-10-2006,43.04999923706055,43.099998474121094,590700,44.060001373291016,43.70000076293945,42.34556579589844
09-10-2006,43.11000061035156,43.70000076293945,429200,44.130001068115234,43.720001220703125,42.36495590209961
10-10-2006,43.310001373291016,43.54999923706055,391800,43.900001525878906,43.81999969482422,42.46187210083008
11-10-2006,43.400001525878906,43.720001220703125,530400,44.29999923706055,44.099998474121094,42.733177185058594
12-10-2006,44.150001525878906,44.150001525878906,725700,45.63999938964844,45.619998931884766,44.2060661315918
13-10-2006,45.68000030517578,45.68000030517578,450300,46.72999954223633,46.45000076293945,45.010337829589844
16-10-2006,46.099998474121094,46.40999984741211,332700,46.619998931884766,46.619998931884766,45.17507553100586
17-10-2006,45.189998626708984,46.369998931884766,440100,46.369998931884766,45.900001525878906,44.4774055480957
18-10-2006,45.75,46.29999923706055,710100,47.119998931884766,46.0099983215332,44.58397674560547
19-10-2006,45.709999084472656,46.029998779296875,551500,46.869998931884766,46.0099983215332,44.58397674560547
20-10-2006,45.220001220703125,46.099998474121094,737100,46.41999816894531,46.22999954223633,44.797157287597656
23-10-2006,46.09000015258789,46.209999084472656,562600,46.849998474121094,46.5,45.05879592895508
24-10-2006,45.939998626708984,46.349998474121094,383300,46.5,46.439998626708984,45.00065231323242
25-10-2006,45.36000061035156,46.5,969000,46.90999984741211,45.83000183105469,44.40956497192383
26-10-2006,45.459999084472656,46.0,589600,46.58000183105469,46.56999969482422,45.126625061035156
27-10-2006,45.470001220703125,46.2599983215332,359800,46.90999984741211,45.68000030517578,44.264217376708984
30-10-2006,45.43000030517578,45.4900016784668,411100,47.11000061035156,46.790000915527344,45.339820861816406
31-10-2006,45.5099983215332,47.0,482200,47.099998474121094,45.7599983215332,44.341739654541016
01-11-2006,44.119998931884766,45.91999816894531,718000,45.959999084472656,44.31999969482422,42.94635772705078
02-11-2006,43.83000183105469,44.16999816894531,864200,44.5,44.099998474121094,42.733177185058594
03-11-2006,43.77000045776367,44.400001525878906,526800,44.70000076293945,44.380001068115234,43.004493713378906
06-11-2006,44.2599983215332,44.5099983215332,416100,44.810001373291016,44.540000915527344,43.159542083740234
07-11-2006,44.70000076293945,44.70000076293945,518000,46.150001525878906,45.630001068115234,44.215755462646484
08-11-2006,45.43000030517578,45.56999969482422,644600,46.88999938964844,46.7400016784668,45.29136276245117
09-11-2006,45.7599983215332,46.79999923706055,541800,46.79999923706055,46.0099983215332,44.58397674560547
10-11-2006,45.9900016784668,46.0099983215332,256400,46.72999954223633,46.560001373291016,45.11693572998047
13-11-2006,45.849998474121094,46.58000183105469,563400,47.400001525878906,46.0099983215332,44.58397674560547
14-11-2006,45.79999923706055,46.0099983215332,461300,47.84000015258789,47.63999938964844,46.1634521484375
15-11-2006,47.689998626708984,48.0,1028900,49.88999938964844,49.31999969482422,47.7913932800293
16-11-2006,47.720001220703125,49.36000061035156,783700,49.59000015258789,47.970001220703125,46.48324203491211
17-11-2006,45.970001220703125,47.970001220703125,1164000,48.0,47.2400016784668,45.77586364746094
20-11-2006,46.34000015258789,46.34000015258789,1209100,48.060001373291016,47.119998931884766,45.69632339477539
21-11-2006,48.400001525878906,48.95000076293945,1784600,51.380001068115234,50.810001373291016,49.274845123291016
22-11-2006,49.18000030517578,49.9900016784668,796700,51.040000915527344,50.70000076293945,49.168182373046875
24-11-2006,49.650001525878906,50.43000030517578,296200,50.540000915527344,49.720001220703125,48.21778106689453
27-11-2006,48.709999084472656,50.2400016784668,891100,50.5099983215332,49.15999984741211,47.6746826171875
28-11-2006,47.33000183105469,48.91999816894531,1176800,49.0099983215332,48.709999084472656,47.2382926940918
29-11-2006,49.27000045776367,49.5,558800,50.439998626708984,49.93000030517578,48.42143630981445
30-11-2006,48.77000045776367,49.790000915527344,501100,49.880001068115234,49.33000183105469,47.839569091796875
01-12-2006,48.52000045776367,49.70000076293945,492200,50.47999954223633,49.36000061035156,47.868656158447266
04-12-2006,49.189998626708984,49.5,460000,50.04999923706055,49.869998931884766,48.36324691772461
05-12-2006,49.61000061035156,50.38999938964844,490300,50.38999938964844,49.88999938964844,48.38264465332031
06-12-2006,49.52000045776367,49.599998474121094,396800,50.560001373291016,50.349998474121094,48.8287467956543
07-12-2006,50.189998626708984,50.58000183105469,463500,51.0,50.400001525878906,48.87722396850586
08-12-2006,49.470001220703125,50.25,289800,50.400001525878906,49.810001373291016,48.305057525634766
11-12-2006,49.36000061035156,49.68000030517578,474600,50.459999084472656,50.400001525878906,48.87722396850586
12-12-2006,49.34000015258789,50.4900016784668,733000,51.400001525878906,50.11000061035156,48.59600067138672
13-12-2006,50.0,50.349998474121094,452000,50.869998931884766,50.02000045776367,48.50870895385742
14-12-2006,50.54999923706055,50.54999923706055,786200,52.66999816894531,52.27000045776367,50.690731048583984
15-12-2006,51.189998626708984,52.27000045776367,788800,52.83000183105469,51.63999938964844,50.07976150512695
18-12-2006,50.81999969482422,51.63999938964844,544900,52.54999923706055,50.939998626708984,49.40090560913086
19-12-2006,50.47999954223633,50.880001068115234,585900,51.79999923706055,51.52000045776367,49.96339797973633
20-12-2006,51.2599983215332,51.5,561100,52.5,52.13999938964844,50.56466293334961
21-12-2006,50.939998626708984,52.900001525878906,462200,52.900001525878906,51.20000076293945,49.65306091308594
22-12-2006,50.459999084472656,51.599998474121094,363500,51.599998474121094,50.900001525878906,49.36214065551758
26-12-2006,50.0099983215332,50.70000076293945,332400,50.970001220703125,50.86000061035156,49.323333740234375
27-12-2006,50.20000076293945,50.869998931884766,523500,51.369998931884766,50.869998931884766,49.33304214477539
28-12-2006,50.45000076293945,51.04999923706055,314800,51.4900016784668,50.560001373291016,49.032405853271484
29-12-2006,50.04999923706055,50.45000076293945,298400,51.310001373291016,50.16999816894531,48.654178619384766
03-01-2007,50.29999923706055,50.31999969482422,555600,52.06999969482422,51.29999923706055,49.75004577636719
04-01-2007,50.79999923706055,51.099998474121094,439000,52.29999923706055,51.95000076293945,50.38040542602539
05-01-2007,51.439998626708984,51.90999984741211,679400,52.720001220703125,52.349998474121094,50.768314361572266
08-01-2007,52.5,52.599998474121094,926900,54.0,53.7400016784668,52.116310119628906
09-01-2007,52.529998779296875,53.36000061035156,568000,53.63999938964844,53.2599983215332,51.65082931518555
10-01-2007,52.099998474121094,52.5,717100,53.220001220703125,52.9900016784668,51.388980865478516
11-01-2007,53.09000015258789,53.189998626708984,552500,54.25,54.130001068115234,52.49453353881836
12-01-2007,53.619998931884766,54.130001068115234,473300,55.02000045776367,54.81999969482422,53.16368103027344
16-01-2007,54.84000015258789,54.939998626708984,717500,55.38999938964844,55.20000076293945,53.53220748901367
17-01-2007,54.75,55.0,444500,55.5,54.880001068115234,53.22187423706055
18-01-2007,54.529998779296875,54.72999954223633,531600,55.41999816894531,55.22999954223633,53.56130599975586
19-01-2007,54.459999084472656,55.36000061035156,662700,55.36000061035156,54.70000076293945,53.04731750488281
22-01-2007,53.16999816894531,54.79999923706055,453500,54.79999923706055,53.52000045776367,51.90296173095703
23-01-2007,52.099998474121094,53.25,906400,53.790000915527344,53.52000045776367,51.90296173095703
24-01-2007,53.61000061035156,53.790000915527344,382000,54.630001068115234,54.380001068115234,52.73698043823242
25-01-2007,52.9900016784668,54.29999923706055,644500,54.4900016784668,53.41999816894531,51.80598831176758
26-01-2007,53.66999816894531,53.939998626708984,597600,54.59000015258789,54.29999923706055,52.659393310546875
29-01-2007,53.9900016784668,54.16999816894531,520200,54.619998931884766,54.47999954223633,52.833961486816406
30-01-2007,53.810001373291016,54.68000030517578,370700,54.77000045776367,54.52000045776367,52.87276077270508
31-01-2007,54.0,54.720001220703125,619400,55.369998931884766,55.150001525878906,53.48371505737305
01-02-2007,55.040000915527344,55.599998474121094,373500,56.029998779296875,55.65999984741211,53.978302001953125
02-02-2007,54.7400016784668,55.9900016784668,465300,56.459999084472656,54.9900016784668,53.32856750488281
05-02-2007,54.18000030517578,55.09000015258789,428300,55.25,54.290000915527344,52.64971160888672
06-02-2007,54.150001525878906,54.290000915527344,385700,55.529998779296875,55.5,53.82313919067383
07-02-2007,54.91999816894531,55.68000030517578,251000,55.75,55.5099983215332,53.83284378051758
08-02-2007,55.0099983215332,55.709999084472656,246300,55.779998779296875,55.380001068115234,53.706790924072266
09-02-2007,53.790000915527344,55.43000030517578,357000,55.65999984741211,54.060001373291016,52.42665100097656
12-02-2007,53.36000061035156,54.15999984741211,589000,54.439998626708984,54.43000030517578,52.785491943359375
13-02-2007,54.36000061035156,54.439998626708984,429700,55.540000915527344,55.369998931884766,53.69708251953125
14-02-2007,55.029998779296875,55.369998931884766,529300,56.27000045776367,56.220001220703125,54.521385192871094
15-02-2007,55.95000076293945,57.099998474121094,281400,57.099998474121094,56.20000076293945,54.50200653076172
16-02-2007,55.84000015258789,56.22999954223633,415100,56.72999954223633,56.529998779296875,54.82202911376953
20-02-2007,56.20000076293945,56.22999954223633,463400,58.61000061035156,58.40999984741211,56.64522933959961
21-02-2007,56.5,58.38999938964844,668900,58.630001068115234,57.209999084472656,55.481502532958984
22-02-2007,56.0,57.16999816894531,589800,57.810001373291016,56.619998931884766,54.909305572509766
23-02-2007,55.54999923706055,56.72999954223633,553100,56.9900016784668,56.040000915527344,54.34682083129883
26-02-2007,55.439998626708984,56.09000015258789,674700,56.4900016784668,56.34000015258789,54.63777160644531
27-02-2007,54.029998779296875,54.95000076293945,637500,55.63999938964844,55.06999969482422,53.406131744384766
28-02-2007,54.0099983215332,54.97999954223633,668600,55.720001220703125,54.84000015258789,53.18308639526367
01-03-2007,52.529998779296875,53.97999954223633,701900,55.31999969482422,54.54999923706055,52.901851654052734
02-03-2007,52.849998474121094,54.400001525878906,656100,54.68000030517578,52.88999938964844,51.29200744628906
05-03-2007,51.470001220703125,51.88999938964844,603400,53.18000030517578,51.470001220703125,49.91489028930664
06-03-2007,51.59000015258789,52.2400016784668,565600,52.59000015258789,52.36000061035156,50.77801513671875
07-03-2007,52.20000076293945,52.29999923706055,481500,53.40999984741211,53.02000045776367,51.418067932128906
08-03-2007,53.540000915527344,53.540000915527344,1039300,56.83000183105469,55.52000045776367,53.842533111572266
09-03-2007,54.88999938964844,55.849998474121094,386900,56.220001220703125,55.66999816894531,53.98799514770508
12-03-2007,55.36000061035156,55.63999938964844,435100,56.290000915527344,56.15999984741211,54.46320343017578
13-03-2007,54.369998931884766,55.90999984741211,638900,56.18000030517578,54.529998779296875,52.88245391845703
14-03-2007,53.84000015258789,54.689998626708984,503400,55.5,55.09000015258789,53.425540924072266
15-03-2007,55.13999938964844,55.13999938964844,256900,56.2400016784668,56.119998931884766,54.42440414428711
16-03-2007,55.7400016784668,56.11000061035156,841200,57.060001373291016,56.72999954223633,55.0159912109375
19-03-2007,56.75,56.9900016784668,296900,57.470001220703125,57.18000030517578,55.452388763427734
20-03-2007,56.61000061035156,57.150001525878906,437800,57.599998474121094,57.58000183105469,55.840309143066406
21-03-2007,56.970001220703125,57.650001525878906,472700,58.20000076293945,58.02000045776367,56.30416488647461
22-03-2007,56.939998626708984,58.310001373291016,649800,58.310001373291016,57.20000076293945,55.50840759277344
23-03-2007,57.04999923706055,57.849998474121094,597600,58.38999938964844,58.189998626708984,56.46914291381836
26-03-2007,58.20000076293945,59.0,1599500,59.31999969482422,59.29999923706055,57.54630661010742
27-03-2007,57.58000183105469,57.900001525878906,2512200,60.70000076293945,57.9900016784668,56.27505874633789
28-03-2007,58.0,58.11000061035156,4548900,59.09000015258789,58.689998626708984,56.95437240600586
29-03-2007,58.11000061035156,59.22999954223633,951300,59.400001525878906,58.79999923706055,57.06108856201172
30-03-2007,58.45000076293945,58.619998931884766,671200,59.380001068115234,58.79999923706055,57.06108856201172
02-04-2007,58.130001068115234,58.810001373291016,523700,59.0,58.86000061035156,57.11932373046875
03-04-2007,59.02000045776367,59.33000183105469,575400,60.150001525878906,59.40999984741211,57.6530647277832
04-04-2007,58.369998931884766,59.54999923706055,797000,59.54999923706055,58.619998931884766,56.88642120361328
05-04-2007,58.20000076293945,58.70000076293945,468200,58.95000076293945,58.599998474121094,56.867008209228516
09-04-2007,57.650001525878906,58.91999816894531,774600,58.91999816894531,58.5099983215332,56.779666900634766
10-04-2007,58.31999969482422,58.7400016784668,529300,58.900001525878906,58.650001525878906,56.915550231933594
11-04-2007,57.29999923706055,58.650001525878906,1035700,58.650001525878906,58.119998931884766,56.40119934082031
12-04-2007,56.900001525878906,57.79999923706055,703800,58.66999816894531,58.56999969482422,56.83789825439453
13-04-2007,57.060001373291016,58.470001220703125,1157900,58.540000915527344,57.2400016784668,55.547245025634766
16-04-2007,57.29999923706055,57.29999923706055,613900,58.4900016784668,58.400001525878906,56.67292404174805
17-04-2007,57.16999816894531,58.099998474121094,1022100,58.38999938964844,57.380001068115234,55.68309783935547
18-04-2007,56.959999084472656,57.150001525878906,633200,57.689998626708984,57.11000061035156,55.42109680175781
19-04-2007,55.709999084472656,56.779998779296875,1037800,57.0,55.91999816894531,54.26626968383789
20-04-2007,56.209999084472656,56.70000076293945,1027200,57.79999923706055,57.79999923706055,56.09067153930664
23-04-2007,57.5099983215332,57.599998474121094,762500,58.56999969482422,58.189998626708984,56.46914291381836
24-04-2007,56.880001068115234,58.099998474121094,518000,58.400001525878906,57.86000061035156,56.148902893066406
25-04-2007,57.2400016784668,58.0099983215332,501800,58.060001373291016,58.029998779296875,56.313865661621094
26-04-2007,57.0099983215332,57.91999816894531,905500,57.91999816894531,57.54999923706055,55.84806823730469
27-04-2007,56.75,57.45000076293945,452100,57.540000915527344,57.2400016784668,55.547245025634766
30-04-2007,55.849998474121094,57.15999984741211,840800,57.380001068115234,55.900001525878906,54.246864318847656
01-05-2007,52.939998626708984,55.400001525878906,1757800,55.790000915527344,53.41999816894531,51.840187072753906
02-05-2007,48.959999084472656,53.2400016784668,1234800,54.45000076293945,53.88999938964844,52.29629898071289
03-05-2007,52.61000061035156,53.7400016784668,924900,54.29999923706055,52.91999816894531,51.3549919128418
04-05-2007,52.81999969482422,53.209999084472656,563100,53.43000030517578,53.2599983215332,51.684940338134766
07-05-2007,52.70000076293945,53.0099983215332,630000,53.47999954223633,52.880001068115234,51.31616973876953
08-05-2007,52.43000030517578,52.77000045776367,1187300,53.91999816894531,53.630001068115234,52.04399108886719
09-05-2007,52.75,52.790000915527344,1759000,55.779998779296875,55.150001525878906,53.5190315246582
10-05-2007,53.61000061035156,55.02000045776367,790400,55.02000045776367,53.650001525878906,52.06339645385742
11-05-2007,53.31999969482422,54.02000045776367,698500,54.310001373291016,54.310001373291016,52.70388412475586
14-05-2007,53.709999084472656,54.11000061035156,619500,54.689998626708984,54.09000015258789,52.490379333496094
15-05-2007,53.119998931884766,54.189998626708984,717400,54.59000015258789,53.2599983215332,51.684940338134766
16-05-2007,53.34000015258789,53.5099983215332,682800,54.15999984741211,53.77000045776367,52.17985534667969
17-05-2007,53.40999984741211,53.56999969482422,408300,54.439998626708984,53.939998626708984,52.34482192993164
18-05-2007,54.02000045776367,54.189998626708984,549800,55.0,54.790000915527344,53.1696891784668
21-05-2007,54.560001373291016,54.75,659000,56.0099983215332,55.65999984741211,54.05143737792969
22-05-2007,55.20000076293945,55.65999984741211,881200,56.560001373291016,56.349998474121094,54.721500396728516
23-05-2007,56.040000915527344,56.849998474121094,917700,56.900001525878906,56.65999984741211,55.022544860839844
24-05-2007,54.97999954223633,56.470001220703125,767900,56.689998626708984,55.06999969482422,53.47850036621094
25-05-2007,54.599998474121094,55.27000045776367,670300,55.560001373291016,55.040000915527344,53.44936752319336
29-05-2007,55.5,55.5,773800,56.90999984741211,56.31999969482422,54.69235610961914
30-05-2007,57.290000915527344,57.709999084472656,3256300,62.189998626708984,60.59000015258789,58.83895492553711
31-05-2007,60.25,60.59000015258789,1156000,61.45000076293945,61.119998931884766,59.35364532470703
01-06-2007,60.529998779296875,61.81999969482422,667700,61.849998474121094,61.5,59.72267150878906
04-06-2007,60.29999923706055,60.66999816894531,678400,61.900001525878906,61.77000045776367,59.984867095947266
05-06-2007,60.31999969482422,61.349998474121094,981400,61.93000030517578,60.90999984741211,59.149723052978516
06-06-2007,58.84000015258789,60.7400016784668,851900,60.79999923706055,59.869998931884766,58.13976287841797
07-06-2007,58.91999816894531,59.650001525878906,807500,59.939998626708984,59.27000045776367,57.55712127685547
08-06-2007,59.040000915527344,59.09000015258789,511200,60.56999969482422,60.45000076293945,58.7030143737793
11-06-2007,59.220001220703125,60.25,378400,60.279998779296875,59.5,57.78046417236328
12-06-2007,58.0099983215332,58.61000061035156,648700,59.13999938964844,58.220001220703125,56.53746032714844
13-06-2007,58.75,58.849998474121094,808700,60.43000030517578,60.220001220703125,58.479679107666016
14-06-2007,59.56999969482422,60.36000061035156,577500,60.4900016784668,59.84000015258789,58.110660552978516
15-06-2007,60.5099983215332,60.790000915527344,637600,61.599998474121094,60.619998931884766,58.86809539794922
18-06-2007,59.29999923706055,60.630001068115234,712500,60.630001068115234,59.9900016784668,58.25629806518555
19-06-2007,59.380001068115234,59.790000915527344,604300,60.619998931884766,60.349998474121094,58.605899810791016
20-06-2007,59.66999816894531,60.38999938964844,748100,60.59000015258789,59.84000015258789,58.110660552978516
21-06-2007,58.0,59.31999969482422,723500,59.31999969482422,58.91999816894531,57.21722412109375
22-06-2007,58.060001373291016,58.650001525878906,4065300,60.0099983215332,59.900001525878906,58.168922424316406
25-06-2007,59.25,59.5,1450400,60.189998626708984,59.47999954223633,57.761043548583984
26-06-2007,57.7400016784668,60.18000030517578,1025300,60.31999969482422,57.83000183105469,56.15873336791992
27-06-2007,57.5099983215332,57.68000030517578,1251600,60.459999084472656,59.939998626708984,58.207740783691406
28-06-2007,58.720001220703125,59.84000015258789,1200500,60.45000076293945,59.91999816894531,58.188331604003906
29-06-2007,60.40999984741211,60.95000076293945,1496900,61.0,60.56999969482422,58.81955337524414
02-07-2007,59.18000030517578,60.77000045776367,979000,60.970001220703125,59.400001525878906,57.683372497558594
03-07-2007,59.189998626708984,59.5,374200,59.86000061035156,59.34000015258789,57.625099182128906
05-07-2007,57.849998474121094,59.619998931884766,844400,59.63999938964844,58.41999816894531,56.73167419433594
06-07-2007,58.27000045776367,58.5,461200,59.5,59.470001220703125,57.75133514404297
09-07-2007,59.25,59.45000076293945,602200,59.83000183105469,59.43000030517578,57.71250534057617
10-07-2007,57.5,59.25,541500,59.25,57.59000015258789,55.92567443847656
11-07-2007,56.5,57.650001525878906,510100,58.0,56.880001068115234,55.2361946105957
12-07-2007,56.560001373291016,57.459999084472656,832900,57.81999969482422,56.88999938964844,55.24589538574219
13-07-2007,56.04999923706055,56.88999938964844,639300,57.0099983215332,56.439998626708984,54.808902740478516
16-07-2007,55.459999084472656,56.189998626708984,786900,56.52000045776367,55.939998626708984,54.323341369628906
17-07-2007,55.599998474121094,55.7599983215332,864400,56.75,56.4900016784668,54.85745620727539
18-07-2007,55.25,55.959999084472656,558100,56.15999984741211,55.61000061035156,54.00289535522461
19-07-2007,55.33000183105469,55.849998474121094,688700,56.61000061035156,56.16999816894531,54.54671859741211
20-07-2007,54.75,55.79999923706055,519200,55.880001068115234,54.810001373291016,53.22601318359375
23-07-2007,54.72999954223633,55.400001525878906,716800,56.40999984741211,55.220001220703125,53.624149322509766
24-07-2007,53.779998779296875,55.0,751100,55.060001373291016,54.0,52.43941879272461
25-07-2007,52.75,54.220001220703125,733500,54.349998474121094,53.45000076293945,51.905330657958984
26-07-2007,50.22999954223633,52.75,893000,53.5,51.27000045776367,49.78833770751953
27-07-2007,50.40999984741211,51.150001525878906,1036900,51.65999984741211,50.41999816894531,48.962890625
30-07-2007,50.119998931884766,50.529998779296875,1031900,51.7400016784668,51.650001525878906,50.157344818115234
31-07-2007,51.91999816894531,52.220001220703125,1379100,53.68000030517578,52.060001373291016,50.55548858642578
01-08-2007,50.869998931884766,52.22999954223633,1410800,52.68000030517578,51.709999084472656,50.21560287475586
02-08-2007,51.599998474121094,51.93000030517578,819100,52.709999084472656,52.709999084472656,51.18669891357422
03-08-2007,52.290000915527344,52.939998626708984,1552000,54.06999969482422,52.70000076293945,51.17697525024414
06-08-2007,51.209999084472656,52.75,1853500,56.2400016784668,54.9900016784668,53.40080642700195
07-08-2007,54.75,54.959999084472656,1474200,56.189998626708984,55.459999084472656,53.85722732543945
08-08-2007,53.77000045776367,55.34000015258789,1135200,56.0,54.849998474121094,53.26484680175781
09-08-2007,50.540000915527344,53.7599983215332,1031200,54.43000030517578,52.209999084472656,50.70115661621094
10-08-2007,50.20000076293945,51.5,1088000,55.0,54.16999816894531,52.6044807434082
13-08-2007,52.65999984741211,55.810001373291016,898100,58.0,52.97999954223633,51.44890213012695
14-08-2007,49.779998779296875,53.0,1242800,53.0,50.459999084472656,49.0017204284668
15-08-2007,48.22999954223633,50.349998474121094,1219800,51.25,48.400001525878906,47.00126647949219
16-08-2007,46.54999923706055,48.0,1330300,49.709999084472656,49.47999954223633,48.05004119873047
17-08-2007,49.9900016784668,49.9900016784668,1845300,53.119998931884766,52.22999954223633,50.720577239990234
20-08-2007,50.75,52.70000076293945,1320000,54.119998931884766,52.90999984741211,51.380916595458984
21-08-2007,51.0,52.459999084472656,1184400,53.7599983215332,52.150001525878906,50.679264068603516
22-08-2007,52.099998474121094,53.0,1561400,54.5,54.290000915527344,52.75892639160156
23-08-2007,55.25,56.4900016784668,3583600,58.36000061035156,56.20000076293945,54.615074157714844
24-08-2007,55.79999923706055,56.400001525878906,1001100,57.90999984741211,57.7599983215332,56.131065368652344
27-08-2007,55.290000915527344,57.5,884500,57.5,56.08000183105469,54.498451232910156
28-08-2007,54.34000015258789,55.630001068115234,648900,55.849998474121094,54.599998474121094,53.06018829345703
29-08-2007,54.27000045776367,55.029998779296875,766900,56.9900016784668,56.84000015258789,55.23700714111328
30-08-2007,54.91999816894531,55.95000076293945,921700,57.04999923706055,56.029998779296875,54.44987106323242
31-08-2007,56.20000076293945,56.75,952800,58.56999969482422,58.22999954223633,56.587799072265625
04-09-2007,55.56999969482422,58.27000045776367,1095200,58.27000045776367,56.2599983215332,54.67338180541992
05-09-2007,54.369998931884766,55.79999923706055,707600,56.0,55.18000030517578,53.62382125854492
06-09-2007,54.31999969482422,55.77000045776367,907000,55.84000015258789,55.70000076293945,54.129154205322266
07-09-2007,53.79999923706055,54.900001525878906,631300,55.13999938964844,54.060001373291016,52.53541946411133
10-09-2007,51.63999938964844,54.08000183105469,900000,54.77000045776367,52.040000915527344,50.57239532470703
11-09-2007,52.029998779296875,52.15999984741211,1132600,53.060001373291016,52.83000183105469,51.34009552001953
12-09-2007,52.2599983215332,53.02000045776367,581200,53.36000061035156,52.470001220703125,50.99024963378906
13-09-2007,52.47999954223633,52.70000076293945,1015700,53.7400016784668,52.9900016784668,51.4955940246582
14-09-2007,50.81999969482422,52.20000076293945,1086300,53.279998779296875,52.84000015258789,51.34982681274414
17-09-2007,52.0099983215332,52.4900016784668,576100,53.31999969482422,52.380001068115234,50.90279006958008
18-09-2007,52.2400016784668,52.619998931884766,812300,54.95000076293945,54.81999969482422,53.27397537231445
19-09-2007,53.54999923706055,54.75,994200,55.47999954223633,54.040000915527344,52.515987396240234
20-09-2007,52.47999954223633,53.91999816894531,979600,54.54999923706055,52.72999954223633,51.242919921875
21-09-2007,52.95000076293945,53.5,861700,53.83000183105469,53.08000183105469,51.58306121826172
24-09-2007,52.29999923706055,53.0099983215332,1048200,53.54999923706055,52.90999984741211,51.417850494384766
25-09-2007,51.08000183105469,52.29999923706055,1068500,53.400001525878906,53.349998474121094,51.84543228149414
26-09-2007,51.34000015258789,53.400001525878906,1095400,53.720001220703125,51.58000183105469,50.12535858154297
27-09-2007,51.0099983215332,51.619998931884766,522900,52.27000045776367,52.25,50.77647018432617
28-09-2007,52.11000061035156,52.34000015258789,675600,53.09000015258789,52.47999954223633,50.999969482421875
01-10-2007,52.310001373291016,52.369998931884766,555800,53.93000030517578,53.90999984741211,52.3896369934082
02-10-2007,52.75,54.08000183105469,667100,54.189998626708984,53.150001525878906,51.65108871459961
03-10-2007,52.38999938964844,52.939998626708984,806100,54.06999969482422,53.959999084472656,52.438236236572266
04-10-2007,52.689998626708984,54.29999923706055,639200,54.540000915527344,52.9900016784668,51.4955940246582
05-10-2007,53.25,53.68000030517578,853800,54.75,54.29999923706055,52.76865005493164
08-10-2007,52.72999954223633,54.29999923706055,631700,54.970001220703125,53.380001068115234,51.87459945678711
09-10-2007,51.36000061035156,53.45000076293945,849800,53.45000076293945,51.58000183105469,50.12535858154297
10-10-2007,50.7599983215332,51.38999938964844,1134000,51.97999954223633,51.119998931884766,49.67832565307617
11-10-2007,49.52000045776367,51.27000045776367,1897800,51.849998474121094,50.54999923706055,49.12440490722656
12-10-2007,49.84000015258789,50.709999084472656,948600,51.2599983215332,50.22999954223633,48.81344223022461
15-10-2007,47.70000076293945,50.22999954223633,1524900,50.27000045776367,48.84000015258789,47.462615966796875
16-10-2007,48.29999923706055,48.59000015258789,1282300,49.439998626708984,49.04999923706055,47.66669845581055
17-10-2007,47.380001068115234,50.7599983215332,2135700,53.209999084472656,47.72999954223633,46.38392639160156
18-10-2007,45.63999938964844,47.560001373291016,2273900,47.560001373291016,45.81999969482422,44.52779769897461
19-10-2007,45.2599983215332,45.810001373291016,1413200,46.869998931884766,46.709999084472656,45.3927001953125
22-10-2007,45.79999923706055,46.13999938964844,971000,47.650001525878906,47.34000015258789,46.00492477416992
23-10-2007,46.09000015258789,47.2599983215332,1018700,47.59000015258789,46.43000030517578,45.1205940246582
24-10-2007,44.31999969482422,46.08000183105469,937800,46.2400016784668,45.5,44.216819763183594
25-10-2007,45.15999984741211,45.599998474121094,575400,46.15999984741211,45.790000915527344,44.498653411865234
26-10-2007,45.81999969482422,45.959999084472656,845000,47.81999969482422,47.380001068115234,46.04380798339844
29-10-2007,46.689998626708984,47.47999954223633,573900,47.59000015258789,47.31999969482422,45.985496520996094
30-10-2007,45.68000030517578,47.09000015258789,762200,47.279998779296875,45.7400016784668,44.45005798339844
31-10-2007,45.52000045776367,46.279998779296875,846900,48.040000915527344,47.79999923706055,46.45196533203125
01-11-2007,45.79999923706055,47.119998931884766,931300,47.470001220703125,46.2599983215332,44.95539474487305
02-11-2007,44.619998931884766,46.439998626708984,1085900,46.540000915527344,45.150001525878906,43.8766975402832
05-11-2007,43.650001525878906,44.33000183105469,780000,44.66999816894531,43.720001220703125,42.48700714111328
06-11-2007,43.75,43.75,1251300,44.869998931884766,44.34000015258789,43.089534759521484
07-11-2007,42.43000030517578,43.95000076293945,1157800,44.189998626708984,42.43000030517578,41.2333984375
08-11-2007,40.689998626708984,42.470001220703125,1374000,42.81999969482422,42.25,41.05847930908203
09-11-2007,41.060001373291016,41.68000030517578,748100,42.459999084472656,41.90999984741211,40.72808074951172
12-11-2007,41.25,41.790000915527344,830800,42.77000045776367,41.7599983215332,40.58229446411133
13-11-2007,41.97999954223633,42.11000061035156,1402500,44.720001220703125,44.63999938964844,43.38108444213867
14-11-2007,43.43000030517578,45.0,1041700,45.349998474121094,43.560001373291016,42.33153533935547
15-11-2007,41.279998779296875,43.119998931884766,1184300,43.31999969482422,42.20000076293945,41.00988006591797
16-11-2007,40.91999816894531,42.41999816894531,1213000,42.65999984741211,41.119998931884766,39.996360778808594
19-11-2007,39.2400016784668,40.939998626708984,725000,40.95000076293945,39.34000015258789,38.2650032043457
20-11-2007,39.369998931884766,39.369998931884766,1458700,40.75,40.16999816894531,39.07231521606445
21-11-2007,39.400001525878906,39.630001068115234,1121600,40.7400016784668,39.97999954223633,38.88750076293945
23-11-2007,39.95000076293945,40.13999938964844,277500,40.77000045776367,40.52000045776367,39.412750244140625
26-11-2007,40.77000045776367,40.88999938964844,1351100,41.91999816894531,40.88999938964844,39.772647857666016
27-11-2007,41.099998474121094,41.18000030517578,1039700,42.09000015258789,41.81999969482422,40.67723083496094
28-11-2007,41.52000045776367,41.81999969482422,1152800,42.400001525878906,42.11000061035156,40.95930862426758
29-11-2007,39.84000015258789,41.36000061035156,1096500,41.41999816894531,40.279998779296875,39.179325103759766
30-11-2007,40.61000061035156,40.61000061035156,951800,42.41999816894531,42.41999816894531,41.26083755493164
03-12-2007,42.52000045776367,42.790000915527344,1620500,44.58000183105469,43.290000915527344,42.107059478759766
04-12-2007,36.650001525878906,39.61000061035156,7012200,40.459999084472656,37.63999938964844,36.6114501953125
05-12-2007,37.63999938964844,38.040000915527344,3526400,39.790000915527344,38.630001068115234,37.574398040771484
06-12-2007,38.5,38.5,1458200,40.369998931884766,40.0099983215332,38.916690826416016
07-12-2007,40.150001525878906,40.33000183105469,1114200,41.84000015258789,41.75,40.6091423034668
10-12-2007,41.209999084472656,41.779998779296875,1274900,42.34000015258789,42.0,40.852298736572266
11-12-2007,39.900001525878906,42.189998626708984,1564600,42.90999984741211,40.220001220703125,39.12095642089844
12-12-2007,39.27000045776367,41.439998626708984,1250800,41.81999969482422,39.900001525878906,38.8097038269043
13-12-2007,39.060001373291016,39.79999923706055,1063400,39.970001220703125,39.7599983215332,38.67351531982422
14-12-2007,38.650001525878906,39.279998779296875,1068700,39.279998779296875,38.90999984741211,37.84675598144531
17-12-2007,37.27000045776367,38.650001525878906,1214900,38.75,37.279998779296875,36.26127243041992
18-12-2007,36.86000061035156,37.400001525878906,1215300,37.7599983215332,37.5,36.47526168823242
19-12-2007,37.150001525878906,37.4900016784668,1430000,38.970001220703125,38.59000015258789,37.53550720214844
20-12-2007,37.5,38.79999923706055,1200200,38.900001525878906,37.90999984741211,36.874080657958984
21-12-2007,37.90999984741211,38.40999984741211,2248800,39.33000183105469,39.130001068115234,38.060733795166016
24-12-2007,38.65999984741211,38.65999984741211,421700,39.709999084472656,38.77000045776367,37.71058654785156
26-12-2007,37.7400016784668,38.369998931884766,491800,38.68000030517578,38.2599983215332,37.214515686035156
27-12-2007,37.5099983215332,37.52000045776367,591600,38.150001525878906,37.540000915527344,36.51419448852539
28-12-2007,37.36000061035156,37.5099983215332,724200,38.0,37.470001220703125,36.446102142333984
31-12-2007,36.33000183105469,37.43000030517578,727700,37.52000045776367,36.86000061035156,35.85276794433594
02-01-2008,35.790000915527344,36.79999923706055,998500,36.95000076293945,36.2400016784668,35.24971008300781
03-01-2008,34.36000061035156,36.36000061035156,1633200,36.5099983215332,34.459999084472656,33.51835250854492
04-01-2008,32.209999084472656,34.06999969482422,1267300,34.06999969482422,32.689998626708984,31.796710968017578
07-01-2008,31.860000610351562,32.77000045776367,1330600,33.38999938964844,33.189998626708984,32.28305435180664
08-01-2008,33.16999816894531,33.25,1199300,34.060001373291016,33.470001220703125,32.555389404296875
09-01-2008,32.310001373291016,33.369998931884766,1516000,33.779998779296875,33.529998779296875,32.61376190185547
10-01-2008,33.18000030517578,33.2599983215332,1420100,34.84000015258789,34.459999084472656,33.51835250854492
11-01-2008,33.0099983215332,34.2400016784668,746400,34.2400016784668,33.16999816894531,32.26359939575195
14-01-2008,32.66999816894531,33.45000076293945,867600,33.77000045776367,33.13999938964844,32.23442077636719
15-01-2008,32.2599983215332,32.849998474121094,3419900,33.66999816894531,32.630001068115234,31.73834991455078
16-01-2008,32.72999954223633,32.84000015258789,2456000,36.529998779296875,36.290000915527344,35.29834747314453
17-01-2008,34.34000015258789,36.5099983215332,1858000,36.790000915527344,34.47999954223633,33.537803649902344
18-01-2008,31.81999969482422,33.630001068115234,2397900,36.81999969482422,35.689998626708984,34.71474838256836
22-01-2008,33.0,34.20000076293945,2054000,38.0,37.7400016784668,36.708717346191406
23-01-2008,36.689998626708984,36.7400016784668,2238100,40.20000076293945,39.90999984741211,38.81941223144531
24-01-2008,40.0,40.16999816894531,2574500,41.599998474121094,41.36000061035156,40.22980880737305
25-01-2008,37.90999984741211,41.58000183105469,2128100,41.58000183105469,38.58000183105469,37.52578353881836
28-01-2008,37.93000030517578,38.40999984741211,1326300,39.220001220703125,38.880001068115234,37.81757736206055
29-01-2008,39.099998474121094,39.810001373291016,1140000,40.7400016784668,40.02000045776367,38.92641830444336
30-01-2008,39.58000183105469,39.86000061035156,917300,41.29999923706055,39.72999954223633,38.644344329833984
31-01-2008,38.75,39.220001220703125,1255600,42.34000015258789,42.09000015258789,40.939849853515625
01-02-2008,41.84000015258789,42.13999938964844,1205800,43.599998474121094,43.150001525878906,41.970890045166016
04-02-2008,40.880001068115234,43.4900016784668,841600,43.63999938964844,41.22999954223633,40.103363037109375
05-02-2008,39.72999954223633,40.54999923706055,980900,41.099998474121094,39.93000030517578,38.8388786315918
06-02-2008,39.08000183105469,40.04999923706055,1056500,41.279998779296875,39.459999084472656,38.3817253112793
07-02-2008,39.2599983215332,39.29999923706055,655100,41.7400016784668,40.880001068115234,39.76292419433594
08-02-2008,39.810001373291016,40.599998474121094,417700,41.43000030517578,40.41999816894531,39.315494537353516
11-02-2008,39.47999954223633,41.02000045776367,652100,41.75,41.70000076293945,40.56051254272461
12-02-2008,41.4900016784668,42.0,1031700,42.4900016784668,42.380001068115234,41.2219352722168
13-02-2008,40.63999938964844,42.849998474121094,1227300,43.45000076293945,41.650001525878906,40.511878967285156
14-02-2008,38.959999084472656,41.150001525878906,1634000,41.369998931884766,39.16999816894531,38.09965133666992
15-02-2008,37.5,38.880001068115234,1277200,38.880001068115234,38.13999938964844,37.0977897644043
19-02-2008,36.86000061035156,38.38999938964844,715900,38.41999816894531,37.060001373291016,36.04730987548828
20-02-2008,36.5099983215332,36.810001373291016,1161000,37.560001373291016,37.45000076293945,36.4266471862793
21-02-2008,36.93000030517578,37.529998779296875,749900,38.380001068115234,37.130001068115234,36.11540222167969
22-02-2008,35.93000030517578,37.2599983215332,1120100,37.400001525878906,36.380001068115234,35.38588333129883
25-02-2008,35.36000061035156,36.33000183105469,1094500,37.06999969482422,36.849998474121094,35.84305191040039
26-02-2008,36.5,36.689998626708984,1251100,38.099998474121094,37.75,36.718441009521484
27-02-2008,37.5,37.5,2030000,40.77000045776367,39.900001525878906,38.8097038269043
28-02-2008,37.90999984741211,39.34000015258789,1187500,39.40999984741211,38.09000015258789,37.049163818359375
29-02-2008,36.29999923706055,37.810001373291016,694500,37.97999954223633,36.5099983215332,35.512325286865234
03-03-2008,35.41999816894531,36.2400016784668,1160700,36.56999969482422,35.900001525878906,34.91900634765625
04-03-2008,34.650001525878906,35.59000015258789,861500,35.709999084472656,35.25,34.2867431640625
05-03-2008,34.81999969482422,35.52000045776367,560100,36.060001373291016,35.27000045776367,34.30622100830078
06-03-2008,33.130001068115234,35.0099983215332,937300,35.0099983215332,33.220001220703125,32.31222915649414
07-03-2008,32.43000030517578,33.04999923706055,1228100,33.79999923706055,33.0,32.09823989868164
10-03-2008,31.68000030517578,33.0099983215332,737700,33.36000061035156,31.780000686645508,30.911588668823242
11-03-2008,30.5,32.58000183105469,1937200,32.79999923706055,32.599998474121094,31.709178924560547
12-03-2008,32.5,32.650001525878906,1605300,34.939998626708984,33.959999084472656,33.03200149536133
13-03-2008,32.08000183105469,33.47999954223633,1155800,33.65999984741211,33.470001220703125,32.555389404296875
14-03-2008,32.970001220703125,33.75,1077900,34.459999084472656,33.66999816894531,32.749942779541016
17-03-2008,31.809999465942383,33.0099983215332,1024700,33.849998474121094,33.45000076293945,32.53593826293945
18-03-2008,33.18000030517578,33.81999969482422,1062700,35.099998474121094,35.099998474121094,34.1408576965332
19-03-2008,34.34000015258789,35.18000030517578,862200,35.7599983215332,34.34000015258789,33.437835693359375
20-03-2008,33.63999938964844,34.720001220703125,1221100,35.189998626708984,35.130001068115234,34.20708084106445
24-03-2008,35.130001068115234,35.45000076293945,1826800,38.0099983215332,37.349998474121094,36.368743896484375
25-03-2008,35.0,35.0,3793300,40.099998474121094,38.5099983215332,37.49827575683594
26-03-2008,37.709999084472656,38.36000061035156,1578900,39.099998474121094,38.029998779296875,37.0308723449707
27-03-2008,37.47999954223633,38.119998931884766,755300,39.04999923706055,38.09000015258789,37.089317321777344
28-03-2008,36.5,37.52000045776367,1502800,37.599998474121094,37.13999938964844,36.16427230834961
31-03-2008,36.88999938964844,37.130001068115234,747200,38.099998474121094,37.91999816894531,36.92376708984375
01-04-2008,38.290000915527344,38.86000061035156,908000,39.90999984741211,39.72999954223633,38.68622970581055
02-04-2008,38.720001220703125,39.630001068115234,1022300,40.540000915527344,38.93000030517578,37.907249450683594
03-04-2008,38.22999954223633,38.75,513100,39.5099983215332,39.150001525878906,38.121456146240234
04-04-2008,38.20000076293945,39.11000061035156,497500,39.43000030517578,38.88999938964844,37.86829376220703
07-04-2008,38.11000061035156,39.20000076293945,628900,39.20000076293945,38.279998779296875,37.274314880371094
08-04-2008,37.91999816894531,38.0,457400,39.06999969482422,38.47999954223633,37.46906661987305
09-04-2008,36.380001068115234,38.45000076293945,927700,38.66999816894531,36.45000076293945,35.49238586425781
10-04-2008,36.310001373291016,36.310001373291016,933100,37.400001525878906,37.0,36.027957916259766
11-04-2008,36.349998474121094,36.65999984741211,455200,37.150001525878906,36.38999938964844,35.433982849121094
14-04-2008,35.869998931884766,36.25,618200,36.689998626708984,36.56999969482422,35.609249114990234
15-04-2008,34.849998474121094,36.880001068115234,1169600,36.880001068115234,35.380001068115234,34.45051956176758
16-04-2008,35.060001373291016,35.16999816894531,1282300,35.93000030517578,35.58000183105469,34.6452522277832
17-04-2008,34.66999816894531,35.72999954223633,925300,36.0099983215332,35.56999969482422,34.6355094909668
18-04-2008,35.540000915527344,36.45000076293945,1050300,37.09000015258789,36.970001220703125,35.99872970581055
21-04-2008,35.83000183105469,36.779998779296875,852700,36.93000030517578,36.060001373291016,35.11264419555664
22-04-2008,34.529998779296875,35.900001525878906,909200,35.900001525878906,35.09000015258789,34.168121337890625
23-04-2008,34.18000030517578,35.290000915527344,1470900,35.4900016784668,34.630001068115234,33.72023010253906
24-04-2008,34.75,34.75,1568200,36.560001373291016,36.279998779296875,35.32686233520508
25-04-2008,36.2400016784668,36.439998626708984,673100,37.150001525878906,37.0099983215332,36.037689208984375
28-04-2008,36.529998779296875,37.279998779296875,1234600,39.189998626708984,39.04999923706055,38.02409362792969
29-04-2008,38.560001373291016,38.93000030517578,1942800,41.560001373291016,41.5,40.40972137451172
30-04-2008,40.47999954223633,41.33000183105469,2468800,43.5,42.209999084472656,41.10106658935547
01-05-2008,41.209999084472656,42.04999923706055,1245000,43.540000915527344,43.290000915527344,42.15269470214844
02-05-2008,42.4900016784668,43.279998779296875,1448800,43.86000061035156,43.0099983215332,41.88006591796875
05-05-2008,41.86000061035156,42.70000076293945,1439500,44.33000183105469,44.0,42.84404373168945
06-05-2008,42.790000915527344,43.65999984741211,1096200,44.119998931884766,43.97999954223633,42.82456970214844
07-05-2008,43.0099983215332,44.0,1253100,44.880001068115234,43.2400016784668,42.10401916503906
08-05-2008,42.150001525878906,43.47999954223633,786800,43.650001525878906,42.709999084472656,41.587947845458984
09-05-2008,41.900001525878906,42.36000061035156,1097400,43.470001220703125,42.220001220703125,41.110801696777344
12-05-2008,42.5,42.5,874300,44.06999969482422,43.779998779296875,42.62983322143555
13-05-2008,44.11000061035156,44.119998931884766,1567200,46.09000015258789,45.58000183105469,44.382537841796875
14-05-2008,45.88999938964844,45.970001220703125,1115600,47.939998626708984,47.0,45.76522445678711
15-05-2008,45.849998474121094,47.0,751000,47.689998626708984,47.540000915527344,46.2910270690918
16-05-2008,45.470001220703125,47.880001068115234,680000,47.880001068115234,46.58000183105469,45.356258392333984
19-05-2008,45.4900016784668,46.83000183105469,724300,47.310001373291016,46.5099983215332,45.2880973815918
20-05-2008,45.2400016784668,46.25,1574800,46.40999984741211,45.7599983215332,44.59424591064453
21-05-2008,41.75,45.0,3586900,45.0,43.380001068115234,42.27486801147461
22-05-2008,43.02000045776367,43.18000030517578,1696600,45.22999954223633,44.31999969482422,43.1909294128418
23-05-2008,42.45000076293945,44.09000015258789,1021600,44.119998931884766,43.5,42.391815185546875
27-05-2008,43.5099983215332,43.5099983215332,855400,45.09000015258789,44.560001373291016,43.42482376098633
28-05-2008,44.83000183105469,44.83000183105469,1103700,47.0,45.540000915527344,44.37982940673828
29-05-2008,45.08000183105469,45.54999923706055,994100,46.40999984741211,46.09000015258789,44.915828704833984
30-05-2008,44.08000183105469,46.2599983215332,789500,46.2599983215332,45.43000030517578,44.272647857666016
02-06-2008,42.9900016784668,45.08000183105469,1124800,45.33000183105469,43.93000030517578,42.810855865478516
03-06-2008,42.970001220703125,43.810001373291016,1533100,44.349998474121094,43.70000076293945,42.58671951293945
04-06-2008,43.15999984741211,43.52000045776367,946400,44.400001525878906,43.810001373291016,42.69391632080078
05-06-2008,44.06999969482422,44.06999969482422,941700,45.7400016784668,44.59000015258789,43.45404815673828
06-06-2008,41.54999923706055,44.16999816894531,1899200,44.16999816894531,41.599998474121094,40.540218353271484
09-06-2008,41.2400016784668,42.2400016784668,1141000,43.04999923706055,41.90999984741211,40.84231948852539
10-06-2008,41.41999816894531,41.5,1185100,42.79999923706055,42.790000915527344,41.69990158081055
11-06-2008,41.02000045776367,42.72999954223633,1094000,43.27000045776367,41.20000076293945,40.1504020690918
12-06-2008,40.63999938964844,41.5,802900,42.45000076293945,41.04999923706055,40.00421905517578
13-06-2008,41.150001525878906,41.61000061035156,591600,42.54999923706055,42.54999923706055,41.46601867675781
16-06-2008,41.630001068115234,42.349998474121094,826600,42.7599983215332,42.45000076293945,41.36857223510742
17-06-2008,41.720001220703125,42.68000030517578,590800,42.869998931884766,42.0,40.93002700805664
18-06-2008,40.06999969482422,41.689998626708984,1101600,41.77000045776367,40.650001525878906,39.61442184448242
19-06-2008,40.599998474121094,40.779998779296875,1137100,42.709999084472656,42.45000076293945,41.36857223510742
20-06-2008,39.630001068115234,42.20000076293945,1342600,42.20000076293945,40.33000183105469,39.30258560180664
23-06-2008,38.2599983215332,40.529998779296875,1216500,40.54999923706055,38.33000183105469,37.35350799560547
24-06-2008,37.25,38.29999923706055,1439300,40.11000061035156,38.599998474121094,37.61664962768555
25-06-2008,38.13999938964844,38.75,724400,40.34000015258789,39.09000015258789,38.094154357910156
26-06-2008,37.220001220703125,37.95000076293945,726600,38.20000076293945,37.7400016784668,36.778541564941406
27-06-2008,36.290000915527344,37.7400016784668,1261700,37.7400016784668,37.04999923706055,36.10612106323242
30-06-2008,36.22999954223633,37.04999923706055,1163300,38.029998779296875,36.619998931884766,35.687095642089844
01-07-2008,35.15999984741211,36.130001068115234,1593500,37.54999923706055,37.0099983215332,36.0671501159668
02-07-2008,36.59000015258789,37.099998474121094,1383500,37.779998779296875,36.65999984741211,35.72606658935547
03-07-2008,36.0099983215332,36.79999923706055,864600,37.29999923706055,36.47999954223633,35.55064010620117
07-07-2008,35.18000030517578,36.61000061035156,1016500,36.93000030517578,35.70000076293945,34.790523529052734
08-07-2008,35.130001068115234,35.599998474121094,757400,36.900001525878906,36.83000183105469,35.89173126220703
09-07-2008,35.27000045776367,36.869998931884766,763800,36.869998931884766,35.439998626708984,34.53715133666992
10-07-2008,33.72999954223633,35.540000915527344,1350200,36.060001373291016,34.0,33.133827209472656
11-07-2008,31.6200008392334,33.400001525878906,1753100,33.720001220703125,32.939998626708984,32.100833892822266
14-07-2008,32.689998626708984,33.61000061035156,919700,34.310001373291016,32.880001068115234,32.042362213134766
15-07-2008,32.16999816894531,32.599998474121094,1320100,34.099998474121094,33.52000045776367,32.666046142578125
16-07-2008,32.90999984741211,33.56999969482422,1246500,35.400001525878906,35.04999923706055,34.15707778930664
17-07-2008,34.119998931884766,34.90999984741211,1217200,37.119998931884766,37.119998931884766,36.17434310913086
18-07-2008,34.959999084472656,36.81999969482422,1024300,37.150001525878906,36.47999954223633,35.55064010620117
21-07-2008,35.349998474121094,36.310001373291016,885700,36.79999923706055,35.849998474121094,34.93669509887695
22-07-2008,34.619998931884766,35.689998626708984,1390900,37.02000045776367,36.9900016784668,36.047664642333984
23-07-2008,36.7400016784668,36.959999084472656,1036200,38.970001220703125,38.150001525878906,37.1781120300293
24-07-2008,36.150001525878906,38.0,619700,38.400001525878906,36.31999969482422,35.39472961425781
25-07-2008,35.220001220703125,36.43000030517578,862100,36.84000015258789,35.349998474121094,34.449440002441406
28-07-2008,34.439998626708984,35.47999954223633,760900,35.5,34.619998931884766,33.73804473876953
29-07-2008,34.63999938964844,34.63999938964844,680000,36.0,35.68000030517578,34.77102279663086
30-07-2008,35.040000915527344,36.02000045776367,765900,36.75,36.02000045776367,35.10237121582031
31-07-2008,35.0099983215332,35.560001373291016,1373800,35.939998626708984,35.400001525878906,34.49816131591797
01-08-2008,34.060001373291016,35.45000076293945,798400,35.88999938964844,35.380001068115234,34.47867965698242
04-08-2008,34.09000015258789,35.25,669100,35.290000915527344,35.13999938964844,34.24478530883789
05-08-2008,35.59000015258789,35.59000015258789,873700,37.38999938964844,37.310001373291016,36.3594970703125
06-08-2008,36.470001220703125,37.380001068115234,752700,37.790000915527344,37.619998931884766,36.661624908447266
07-08-2008,36.63999938964844,37.08000183105469,565200,37.779998779296875,37.16999816894531,36.22307586669922
08-08-2008,37.16999816894531,37.43000030517578,634300,40.0,39.650001525878906,38.63990020751953
11-08-2008,38.939998626708984,39.220001220703125,1053300,42.45000076293945,40.7400016784668,39.70212936401367
12-08-2008,39.2400016784668,40.72999954223633,1121900,41.68000030517578,39.63999938964844,38.630149841308594
13-08-2008,37.849998474121094,39.45000076293945,1216800,39.45000076293945,38.47999954223633,37.499698638916016
14-08-2008,38.279998779296875,38.279998779296875,1696800,39.25,38.95000076293945,37.95772933959961
15-08-2008,38.630001068115234,39.52000045776367,815700,40.040000915527344,39.40999984741211,38.40601348876953
18-08-2008,37.880001068115234,39.400001525878906,1309200,39.529998779296875,37.970001220703125,37.002685546875
19-08-2008,36.2599983215332,37.689998626708984,904200,37.689998626708984,36.75,35.84965133666992
20-08-2008,35.2400016784668,36.43000030517578,1438300,36.81999969482422,36.04999923706055,35.16680908203125
21-08-2008,34.40999984741211,35.13999938964844,2900900,35.619998931884766,34.75,33.8986701965332
22-08-2008,34.75,34.900001525878906,1435100,36.09000015258789,35.93000030517578,35.04974365234375
25-08-2008,34.66999816894531,35.599998474121094,1364900,35.7599983215332,35.130001068115234,34.26933670043945
26-08-2008,34.75,35.20000076293945,1720800,36.72999954223633,36.689998626708984,35.791107177734375
27-08-2008,35.95000076293945,36.56999969482422,1033000,37.369998931884766,37.130001068115234,36.220359802246094
28-08-2008,36.959999084472656,37.38999938964844,1147400,38.56999969482422,38.470001220703125,37.52750778198242
29-08-2008,37.529998779296875,38.33000183105469,778600,38.54999923706055,38.060001373291016,37.1275520324707
02-09-2008,38.7400016784668,38.7400016784668,1571700,40.29999923706055,39.79999923706055,38.824920654296875
03-09-2008,38.36000061035156,38.36000061035156,2179800,40.599998474121094,40.439998626708984,39.449256896972656
04-09-2008,38.7599983215332,40.099998474121094,1622000,40.88999938964844,38.88999938964844,37.93721008300781
05-09-2008,37.810001373291016,38.70000076293945,908500,39.709999084472656,39.5,38.53226852416992
08-09-2008,39.630001068115234,40.0,1047000,41.150001525878906,40.959999084472656,39.956504821777344
09-09-2008,40.34000015258789,41.11000061035156,1392300,42.849998474121094,40.4900016784668,39.49802017211914
10-09-2008,40.08000183105469,40.95000076293945,1091400,41.59000015258789,41.130001068115234,40.122344970703125
11-09-2008,39.68000030517578,40.400001525878906,1189300,42.099998474121094,41.59000015258789,40.571067810058594
12-09-2008,40.2400016784668,40.9900016784668,626600,41.70000076293945,41.31999969482422,40.30769348144531
15-09-2008,39.61000061035156,39.619998931884766,1190800,42.810001373291016,40.61000061035156,39.61507034301758
16-09-2008,39.130001068115234,40.02000045776367,1313000,42.06999969482422,41.79999923706055,40.775917053222656
17-09-2008,39.13999938964844,41.060001373291016,1093800,41.18000030517578,39.689998626708984,38.717628479003906
18-09-2008,38.5099983215332,40.41999816894531,1542300,40.900001525878906,40.84000015258789,39.839447021484375
19-09-2008,39.09000015258789,43.56999969482422,1435200,45.77000045776367,41.970001220703125,40.941776275634766
22-09-2008,38.52000045776367,41.31999969482422,1032000,41.40999984741211,38.689998626708984,37.74211883544922
23-09-2008,38.06999969482422,38.83000183105469,587800,39.4900016784668,38.369998931884766,37.42995071411133
24-09-2008,37.0,38.369998931884766,673900,38.880001068115234,37.18000030517578,36.269126892089844
25-09-2008,37.0099983215332,37.45000076293945,1295800,37.75,37.29999923706055,36.386173248291016
26-09-2008,36.5099983215332,36.7400016784668,1037900,37.529998779296875,37.400001525878906,36.48373031616211
29-09-2008,35.720001220703125,37.0,1277300,37.459999084472656,36.70000076293945,35.80087661743164
30-09-2008,36.75,37.58000183105469,663300,38.380001068115234,37.90999984741211,36.981231689453125
01-10-2008,36.7599983215332,37.939998626708984,639700,37.939998626708984,37.36000061035156,36.444705963134766
02-10-2008,35.27000045776367,37.040000915527344,1026700,37.400001525878906,35.34000015258789,34.47419738769531
03-10-2008,34.06999969482422,35.900001525878906,992700,35.97999954223633,34.06999969482422,33.235294342041016
06-10-2008,31.010000228881836,33.380001068115234,1297800,33.380001068115234,33.11000061035156,32.298831939697266
07-10-2008,32.25,33.630001068115234,1169600,34.220001220703125,32.25,31.459901809692383
08-10-2008,31.350000381469727,31.350000381469727,2276900,33.4900016784668,32.630001068115234,31.83058738708496
09-10-2008,29.649999618530273,32.9900016784668,1200300,33.0099983215332,30.3700008392334,29.625957489013672
10-10-2008,27.950000762939453,28.399999618530273,1622400,31.760000228881836,30.780000686645508,30.025909423828125
13-10-2008,31.510000228881836,32.099998474121094,844300,32.93000030517578,32.54999923706055,31.752534866333008
14-10-2008,30.329999923706055,34.189998626708984,758800,34.189998626708984,30.8700008392334,30.11370086669922
15-10-2008,27.270000457763672,30.25,2041200,30.25,27.389999389648438,26.718969345092773
16-10-2008,25.65999984741211,27.399999618530273,1412900,28.90999984741211,28.75,28.04564666748047
17-10-2008,27.25,27.649999618530273,966200,29.850000381469727,28.639999389648438,27.938339233398438
20-10-2008,27.760000228881836,28.90999984741211,740600,29.280000686645508,28.040000915527344,27.353042602539062
21-10-2008,26.25,27.18000030517578,1097500,27.969999313354492,26.420000076293945,25.77273178100586
22-10-2008,23.270000457763672,25.799999237060547,1522900,25.850000381469727,24.190000534057617,23.597360610961914
23-10-2008,22.149999618530273,23.950000762939453,1154000,24.3799991607666,22.989999771118164,22.426759719848633
24-10-2008,20.3700008392334,20.3700008392334,1292800,23.209999084472656,22.40999984741211,21.860965728759766
27-10-2008,21.510000228881836,22.110000610351562,658100,23.209999084472656,21.950000762939453,21.412240982055664
28-10-2008,20.520000457763672,22.100000381469727,2426500,22.860000610351562,22.719999313354492,22.163372039794922
29-10-2008,21.219999313354492,23.059999465942383,1825700,23.489999771118164,21.68000030517578,21.148847579956055
30-10-2008,21.860000610351562,22.25,1465400,22.739999771118164,22.5,21.948760986328125
31-10-2008,22.479999542236328,22.5,1033100,25.09000015258789,24.510000228881836,23.909526824951172
03-11-2008,22.84000015258789,24.360000610351562,702500,24.600000381469727,23.100000381469727,22.534074783325195
04-11-2008,22.860000610351562,23.520000457763672,923200,23.649999618530273,23.479999542236328,22.904760360717773
05-11-2008,23.0,23.59000015258789,791100,23.979999542236328,23.149999618530273,22.582841873168945
06-11-2008,19.739999771118164,22.59000015258789,1926800,23.0,19.940000534057617,19.451478958129883
07-11-2008,19.40999984741211,20.149999618530273,1121400,20.40999984741211,20.18000030517578,19.685604095458984
10-11-2008,18.850000381469727,20.639999389648438,606300,20.760000228881836,19.1200008392334,18.686769485473633
11-11-2008,18.239999771118164,18.899999618530273,761200,19.389999389648438,18.719999313354492,18.295825958251953
12-11-2008,17.520000457763672,18.399999618530273,809400,18.739999771118164,17.700000762939453,17.298938751220703
13-11-2008,16.260000228881836,17.84000015258789,1482000,18.399999618530273,18.399999618530273,17.98307228088379
14-11-2008,17.09000015258789,18.170000076293945,636200,18.479999542236328,17.139999389648438,16.751623153686523
17-11-2008,16.59000015258789,17.020000457763672,793900,17.770000457763672,16.709999084472656,16.331361770629883
18-11-2008,15.100000381469727,16.610000610351562,1084700,16.780000686645508,15.510000228881836,15.158563613891602
19-11-2008,15.0,15.869999885559082,2811300,18.100000381469727,15.0,14.660116195678711
20-11-2008,13.569999694824219,14.789999961853027,1777600,15.470000267028809,13.630000114440918,13.321162223815918
21-11-2008,13.039999961853027,13.850000381469727,1260000,14.489999771118164,14.399999618530273,14.073716163635254
24-11-2008,13.800000190734863,14.390000343322754,1031000,16.270000457763672,15.819999694824219,15.46153450012207
25-11-2008,14.930000305175781,16.049999237060547,954700,16.15999984741211,15.579999923706055,15.226973533630371
26-11-2008,15.15999984741211,15.289999961853027,1021300,18.190000534057617,18.059999465942383,17.650772094726562
28-11-2008,17.06999969482422,17.489999771118164,268500,17.780000686645508,17.440000534057617,17.044824600219727
01-12-2008,15.819999694824219,16.899999618530273,743200,17.079999923706055,15.920000076293945,15.559269905090332
02-12-2008,15.729999542236328,15.829999923706055,630800,16.719999313354492,16.520000457763672,16.145671844482422
03-12-2008,16.020000457763672,16.229999542236328,737500,18.329999923706055,18.209999084472656,17.79738426208496
04-12-2008,17.700000762939453,18.010000228881836,861000,19.139999389648438,18.559999465942383,18.139446258544922
05-12-2008,17.719999313354492,18.329999923706055,973900,20.09000015258789,20.030000686645508,19.576141357421875
08-12-2008,20.010000228881836,20.6200008392334,1028600,21.420000076293945,20.809999465942383,20.338468551635742
09-12-2008,19.90999984741211,20.59000015258789,870200,21.3700008392334,19.989999771118164,19.53704261779785
10-12-2008,19.190000534057617,20.190000534057617,721400,20.690000534057617,19.739999771118164,19.292709350585938
11-12-2008,17.1299991607666,19.520000457763672,1041100,19.520000457763672,17.579999923706055,17.181655883789062
12-12-2008,16.540000915527344,17.0,595900,18.34000015258789,18.229999542236328,17.816923141479492
15-12-2008,17.420000076293945,18.229999542236328,747800,18.530000686645508,17.920000076293945,17.513952255249023
16-12-2008,18.1200008392334,18.1200008392334,661200,19.350000381469727,19.31999969482422,18.882230758666992
17-12-2008,18.559999465942383,19.030000686645508,456600,20.280000686645508,19.969999313354492,19.517498016357422
18-12-2008,18.90999984741211,19.899999618530273,1009300,19.899999618530273,19.3799991607666,18.940874099731445
19-12-2008,19.1299991607666,19.540000915527344,1564500,20.190000534057617,19.940000534057617,19.488182067871094
22-12-2008,18.309999465942383,20.0,610500,20.0,18.950000762939453,18.52061653137207
23-12-2008,18.360000610351562,18.90999984741211,803500,19.229999542236328,18.6299991607666,18.207860946655273
24-12-2008,18.190000534057617,18.579999923706055,196300,18.920000076293945,18.729999542236328,18.305599212646484
26-12-2008,18.760000228881836,18.829999923706055,235300,19.559999465942383,19.479999542236328,19.038599014282227
29-12-2008,18.18000030517578,19.440000534057617,472700,19.440000534057617,18.549999237060547,18.129682540893555
30-12-2008,18.440000534057617,18.75,468000,19.34000015258789,19.309999465942383,18.872459411621094
31-12-2008,19.440000534057617,19.489999771118164,578600,20.43000030517578,20.1299991607666,19.673879623413086
02-01-2009,20.020000457763672,20.639999389648438,428100,21.440000534057617,21.299999237060547,20.81735610961914
05-01-2009,20.31999969482422,21.290000915527344,481300,21.450000762939453,20.899999618530273,20.42641830444336
06-01-2009,20.950000762939453,21.270000457763672,975200,22.15999984741211,22.049999237060547,21.55036735534668
07-01-2009,20.81999969482422,21.709999084472656,892400,21.709999084472656,21.3700008392334,20.885784149169922
08-01-2009,19.290000915527344,21.229999542236328,1086000,21.229999542236328,20.09000015258789,19.63478660583496
09-01-2009,18.010000228881836,19.270000457763672,1059400,19.270000457763672,18.649999618530273,18.227407455444336
12-01-2009,17.219999313354492,18.709999084472656,1279300,18.709999084472656,17.530000686645508,17.132787704467773
13-01-2009,17.5,17.520000457763672,1490900,18.440000534057617,17.989999771118164,17.582366943359375
14-01-2009,17.190000534057617,17.690000534057617,1114100,17.739999771118164,17.280000686645508,16.88845443725586
15-01-2009,16.84000015258789,17.200000762939453,2066700,18.690000534057617,18.239999771118164,17.82670021057129
16-01-2009,18.1200008392334,18.6299991607666,1044000,19.360000610351562,19.079999923706055,18.647666931152344
20-01-2009,17.5,19.030000686645508,853200,19.299999237060547,17.559999465942383,17.162105560302734
21-01-2009,17.270000457763672,17.90999984741211,975500,18.8700008392334,18.809999465942383,18.3837833404541
22-01-2009,17.15999984741211,17.899999618530273,1727600,18.68000030517578,18.040000915527344,17.631237030029297
23-01-2009,17.110000610351562,17.549999237060547,1130400,18.850000381469727,18.219999313354492,17.807153701782227
26-01-2009,17.959999084472656,18.200000762939453,667000,19.549999237060547,19.010000228881836,18.57925033569336
27-01-2009,18.59000015258789,19.110000610351562,432800,19.520000457763672,19.06999969482422,18.63789176940918
28-01-2009,19.479999542236328,19.479999542236328,687800,20.729999542236328,20.290000915527344,19.830251693725586
29-01-2009,19.459999084472656,20.329999923706055,508600,20.329999923706055,19.579999923706055,19.136337280273438
30-01-2009,18.770000457763672,19.690000534057617,506100,20.040000915527344,19.020000457763672,18.589025497436523
02-02-2009,17.989999771118164,18.420000076293945,774900,18.969999313354492,18.229999542236328,17.816923141479492
03-02-2009,18.110000610351562,18.600000381469727,786900,19.459999084472656,19.200000762939453,18.764944076538086
04-02-2009,18.639999389648438,19.25,843900,19.309999465942383,18.889999389648438,18.461971282958984
05-02-2009,18.799999237060547,18.81999969482422,650100,19.84000015258789,19.639999389648438,19.19497299194336
06-02-2009,19.6299991607666,19.6299991607666,1258000,20.68000030517578,20.239999771118164,19.781383514404297
09-02-2009,19.280000686645508,20.170000076293945,707600,20.170000076293945,19.43000030517578,18.98973846435547
10-02-2009,18.649999618530273,19.200000762939453,685000,19.690000534057617,18.790000915527344,18.364240646362305
11-02-2009,18.270000457763672,18.770000457763672,656600,19.059999465942383,18.489999771118164,18.071041107177734
12-02-2009,17.889999389648438,17.889999389648438,791100,18.8799991607666,18.809999465942383,18.3837833404541
13-02-2009,18.06999969482422,18.75,470800,19.0,18.260000228881836,17.846250534057617
17-02-2009,17.31999969482422,17.469999313354492,423600,18.260000228881836,17.899999618530273,17.494409561157227
18-02-2009,17.290000915527344,17.989999771118164,550200,18.18000030517578,17.75,17.347801208496094
19-02-2009,17.610000610351562,18.020000457763672,656600,18.489999771118164,17.950000762939453,17.543275833129883
20-02-2009,17.110000610351562,17.6299991607666,632400,18.31999969482422,17.809999465942383,17.40644645690918
23-02-2009,16.93000030517578,17.920000076293945,538800,18.139999389648438,16.979999542236328,16.59524917602539
24-02-2009,16.520000457763672,17.100000381469727,764500,17.420000076293945,17.34000015258789,16.947093963623047
25-02-2009,16.450000762939453,17.219999313354492,897700,17.389999389648438,16.770000457763672,16.3900146484375
26-02-2009,15.960000038146973,16.979999542236328,1007600,17.309999465942383,16.09000015258789,15.725420951843262
27-02-2009,15.819999694824219,15.829999923706055,753600,17.149999618530273,16.56999969482422,16.19454002380371
02-03-2009,15.819999694824219,16.469999313354492,757700,16.469999313354492,15.960000038146973,15.598362922668457
03-03-2009,15.430000305175781,15.960000038146973,799600,16.18000030517578,15.539999961853027,15.18787670135498
04-03-2009,15.279999732971191,15.739999771118164,664300,16.06999969482422,15.789999961853027,15.43221664428711
05-03-2009,14.670000076293945,15.380000114440918,766000,15.819999694824219,14.90999984741211,14.57215404510498
06-03-2009,14.09000015258789,14.989999771118164,1056200,14.989999771118164,14.5600004196167,14.230086326599121
09-03-2009,14.380000114440918,14.430000305175781,575200,15.140000343322754,14.5,14.171443939208984
10-03-2009,14.8100004196167,14.8100004196167,741300,16.1299991607666,16.059999465942383,15.696096420288086
11-03-2009,14.770000457763672,14.770000457763672,1535800,16.049999237060547,15.489999771118164,15.13901424407959
12-03-2009,15.229999542236328,15.640000343322754,1954900,16.8700008392334,16.700000762939453,16.321592330932617
13-03-2009,16.40999984741211,16.860000610351562,782800,17.3799991607666,17.190000534057617,16.80050277709961
16-03-2009,16.489999771118164,17.280000686645508,662400,17.399999618530273,16.549999237060547,16.17499542236328
17-03-2009,16.3799991607666,16.6200008392334,604000,17.3700008392334,17.3700008392334,16.97641944885254
18-03-2009,17.1200008392334,17.209999084472656,1050200,18.65999984741211,18.440000534057617,18.022165298461914
19-03-2009,18.170000076293945,18.739999771118164,793900,19.15999984741211,18.59000015258789,18.16877555847168
20-03-2009,17.110000610351562,18.709999084472656,1229200,18.81999969482422,17.420000076293945,17.025283813476562
23-03-2009,17.639999389648438,17.850000381469727,1382600,18.969999313354492,18.969999313354492,18.540157318115234
24-03-2009,19.600000381469727,19.799999237060547,6093800,22.040000915527344,21.43000030517578,20.986459732055664
25-03-2009,21.670000076293945,21.739999771118164,3048000,22.709999084472656,22.270000457763672,21.809072494506836
26-03-2009,22.3799991607666,22.600000381469727,2117700,23.729999542236328,23.690000534057617,23.199684143066406
27-03-2009,23.059999465942383,23.489999771118164,1333100,24.25,23.959999084472656,23.46409034729004
30-03-2009,22.510000228881836,23.489999771118164,788000,23.75,22.959999084472656,22.48478889465332
31-03-2009,22.229999542236328,23.15999984741211,1389100,23.280000686645508,22.68000030517578,22.210590362548828
01-04-2009,22.0,22.260000228881836,1149400,23.0,22.6299991607666,22.1616153717041
02-04-2009,22.799999237060547,22.799999237060547,1617200,24.81999969482422,23.829999923706055,23.336776733398438
03-04-2009,23.84000015258789,23.959999084472656,855200,24.75,24.68000030517578,24.169193267822266
06-04-2009,22.959999084472656,24.350000381469727,694000,24.350000381469727,23.530000686645508,23.042991638183594
07-04-2009,22.600000381469727,23.229999542236328,703500,23.34000015258789,22.649999618530273,22.18120765686035
08-04-2009,22.8700008392334,22.8700008392334,806400,24.440000534057617,24.40999984741211,23.904783248901367
09-04-2009,24.950000762939453,25.3700008392334,735600,26.5,26.40999984741211,25.863384246826172
13-04-2009,25.239999771118164,26.049999237060547,799400,26.229999542236328,25.700000762939453,25.168081283569336
14-04-2009,24.889999389648438,24.969999313354492,789800,25.670000076293945,25.350000381469727,24.825326919555664
15-04-2009,24.110000610351562,25.139999389648438,883500,25.479999542236328,24.59000015258789,24.081052780151367
16-04-2009,24.670000076293945,24.709999084472656,1136900,26.280000686645508,26.110000610351562,25.569591522216797
17-04-2009,26.270000457763672,26.670000076293945,2505400,28.649999618530273,28.3700008392334,27.782819747924805
20-04-2009,26.1299991607666,27.579999923706055,888800,28.1299991607666,26.670000076293945,26.118000030517578
21-04-2009,26.170000076293945,26.440000534057617,1536300,29.010000228881836,28.459999084472656,27.870948791503906
22-04-2009,27.540000915527344,27.84000015258789,1109100,29.989999771118164,29.040000915527344,28.438949584960938
23-04-2009,28.030000686645508,29.18000030517578,1589600,30.479999542236328,28.920000076293945,28.321434020996094
24-04-2009,28.56999969482422,29.149999618530273,986000,29.899999618530273,29.190000534057617,28.585847854614258
27-04-2009,28.219999313354492,28.739999771118164,1020600,29.6200008392334,28.65999984741211,28.066814422607422
28-04-2009,28.270000457763672,28.5,1047000,30.239999771118164,29.959999084472656,29.33991050720215
29-04-2009,28.719999313354492,30.31999969482422,1158800,30.31999969482422,29.020000457763672,28.419368743896484
30-04-2009,28.899999618530273,29.40999984741211,1788700,30.219999313354492,29.030000686645508,28.429157257080078
01-05-2009,28.200000762939453,28.790000915527344,666800,29.100000381469727,28.459999084472656,27.870948791503906
04-05-2009,28.549999237060547,28.899999618530273,1093300,29.3700008392334,29.0,28.399776458740234
05-05-2009,28.65999984741211,28.959999084472656,873900,29.459999084472656,29.25,28.644615173339844
06-05-2009,27.90999984741211,29.489999771118164,721900,29.8700008392334,28.84000015258789,28.24309539794922
07-05-2009,27.399999618530273,29.399999618530273,864400,29.559999465942383,27.610000610351562,27.03854751586914
08-05-2009,26.389999389648438,27.90999984741211,1150200,28.479999542236328,27.510000228881836,26.94062042236328
11-05-2009,26.690000534057617,26.690000534057617,1700600,29.010000228881836,28.149999618530273,27.56736946105957
12-05-2009,26.530000686645508,29.479999542236328,1914300,29.790000915527344,27.31999969482422,26.75455093383789
13-05-2009,24.709999084472656,26.760000228881836,1530200,26.829999923706055,25.489999771118164,24.96242332458496
14-05-2009,25.25,25.5,1344400,26.739999771118164,26.18000030517578,25.638151168823242
15-05-2009,26.110000610351562,26.110000610351562,1230000,27.399999618530273,26.559999465942383,26.01028060913086
18-05-2009,26.729999542236328,26.799999237060547,1207100,27.860000610351562,27.739999771118164,27.16585922241211
19-05-2009,26.979999542236328,27.700000762939453,1250100,28.3799991607666,27.8799991607666,27.34041404724121
20-05-2009,27.31999969482422,28.030000686645508,2289600,29.360000610351562,27.610000610351562,27.075639724731445
21-05-2009,26.110000610351562,27.200000762939453,1996500,27.959999084472656,27.5,26.96776580810547
22-05-2009,26.670000076293945,27.579999923706055,1156600,27.84000015258789,26.950000762939453,26.428403854370117
26-05-2009,26.780000686645508,26.780000686645508,1896900,29.31999969482422,29.06999969482422,28.507381439208984
27-05-2009,28.59000015258789,29.030000686645508,1409800,29.780000686645508,28.989999771118164,28.428932189941406
28-05-2009,27.850000381469727,28.940000534057617,1426700,29.209999084472656,28.510000228881836,27.95821762084961
29-05-2009,28.1299991607666,28.479999542236328,992400,29.469999313354492,29.469999313354492,28.899642944335938
01-06-2009,29.450000762939453,29.899999618530273,1050200,31.399999618530273,31.0,30.400028228759766
02-06-2009,30.440000534057617,30.90999984741211,1030000,31.56999969482422,30.989999771118164,30.390228271484375
03-06-2009,30.389999389648438,30.540000915527344,779100,31.049999237060547,30.979999542236328,30.38041877746582
04-06-2009,29.579999923706055,31.010000228881836,968000,31.010000228881836,31.010000228881836,30.409835815429688
05-06-2009,30.549999237060547,31.270000457763672,828700,31.93000030517578,31.299999237060547,30.6942195892334
08-06-2009,29.829999923706055,31.209999084472656,1160700,31.209999084472656,30.299999237060547,29.71357536315918
09-06-2009,30.020000457763672,30.3700008392334,762800,30.81999969482422,30.610000610351562,30.017574310302734
10-06-2009,29.719999313354492,31.0,1042700,31.100000381469727,30.489999771118164,29.899900436401367
11-06-2009,30.959999084472656,31.280000686645508,1955100,32.599998474121094,31.309999465942383,30.704029083251953
12-06-2009,30.59000015258789,31.299999237060547,715400,31.299999237060547,31.229999542236328,30.62557601928711
15-06-2009,29.860000610351562,30.68000030517578,949900,30.75,30.510000228881836,29.919511795043945
16-06-2009,29.350000381469727,30.440000534057617,1529500,31.170000076293945,29.399999618530273,28.83098793029785
17-06-2009,28.350000381469727,29.350000381469727,1403900,29.3700008392334,28.690000534057617,28.134737014770508
18-06-2009,27.979999542236328,28.649999618530273,580700,28.829999923706055,28.299999237060547,27.752288818359375
19-06-2009,28.270000457763672,28.639999389648438,735000,29.010000228881836,28.510000228881836,27.95821762084961
22-06-2009,27.15999984741211,27.969999313354492,779000,28.06999969482422,27.489999771118164,26.957956314086914
23-06-2009,26.56999969482422,27.5,923900,27.549999237060547,26.850000381469727,26.330345153808594
24-06-2009,26.81999969482422,27.040000915527344,521700,27.540000915527344,27.030000686645508,26.50686264038086
25-06-2009,26.780000686645508,26.8799991607666,900300,28.540000915527344,28.459999084472656,27.909183502197266
26-06-2009,28.219999313354492,28.3700008392334,1212600,28.989999771118164,28.8799991607666,28.321046829223633
29-06-2009,28.219999313354492,28.969999313354492,822300,28.989999771118164,28.600000381469727,28.046472549438477
30-06-2009,28.309999465942383,28.59000015258789,683500,29.360000610351562,28.690000534057617,28.134737014770508
01-07-2009,28.700000762939453,28.829999923706055,490000,29.670000076293945,28.889999389648438,28.330869674682617
02-07-2009,27.6200008392334,28.06999969482422,419800,28.649999618530273,27.75,27.21293067932129
06-07-2009,26.139999389648438,27.5,817200,27.760000228881836,26.90999984741211,26.38918113708496
07-07-2009,26.530000686645508,27.110000610351562,466700,27.110000610351562,26.59000015258789,26.075382232666016
08-07-2009,26.280000686645508,26.6200008392334,483400,26.860000610351562,26.75,26.232280731201172
09-07-2009,26.350000381469727,26.799999237060547,1487100,27.56999969482422,26.420000076293945,25.908674240112305
10-07-2009,26.200000762939453,26.200000762939453,503700,27.030000686645508,26.610000610351562,26.094989776611328
13-07-2009,26.299999237060547,26.690000534057617,674700,27.860000610351562,27.799999237060547,27.26195526123047
14-07-2009,27.350000381469727,27.549999237060547,1063900,28.860000610351562,28.860000610351562,28.30144500732422
15-07-2009,29.149999618530273,29.43000030517578,760400,30.209999084472656,30.1200008392334,29.53706169128418
16-07-2009,29.93000030517578,30.059999465942383,854500,31.15999984741211,31.020000457763672,30.419649124145508
17-07-2009,30.579999923706055,31.1200008392334,654900,31.18000030517578,31.100000381469727,30.498096466064453
20-07-2009,30.729999542236328,31.200000762939453,653600,32.040000915527344,32.0,31.380672454833984
21-07-2009,31.100000381469727,32.11000061035156,816600,32.22999954223633,32.119998931884766,31.49834442138672
22-07-2009,31.8700008392334,32.06999969482422,756500,33.41999816894531,32.72999954223633,32.096553802490234
23-07-2009,32.29999923706055,32.470001220703125,758400,34.150001525878906,33.81999969482422,33.165443420410156
24-07-2009,33.209999084472656,33.540000915527344,638700,34.34000015258789,34.2400016784668,33.577335357666016
27-07-2009,33.900001525878906,34.150001525878906,756000,34.560001373291016,34.33000183105469,33.66558074951172
28-07-2009,33.790000915527344,34.060001373291016,1712400,35.529998779296875,35.36000061035156,34.675655364990234
29-07-2009,34.5,35.36000061035156,1127000,35.81999969482422,34.81999969482422,34.14610290527344
30-07-2009,35.189998626708984,35.38999938964844,569100,36.08000183105469,35.29999923706055,34.61681365966797
31-07-2009,35.150001525878906,35.25,532200,35.90999984741211,35.380001068115234,34.69527053833008
03-08-2009,34.709999084472656,35.4900016784668,828000,35.66999816894531,35.31999969482422,34.63642501831055
04-08-2009,34.68000030517578,35.22999954223633,832100,35.31999969482422,35.099998474121094,34.42067337036133
05-08-2009,34.58000183105469,35.02000045776367,933500,35.66999816894531,35.09000015258789,34.410865783691406
06-08-2009,34.220001220703125,35.29999923706055,938600,35.349998474121094,34.84000015258789,34.16569900512695
07-08-2009,35.349998474121094,35.349998474121094,906300,36.61000061035156,36.22999954223633,35.528812408447266
10-08-2009,34.459999084472656,35.90999984741211,771800,35.970001220703125,34.7400016784668,34.067649841308594
11-08-2009,33.810001373291016,34.650001525878906,790400,34.86000061035156,34.52000045776367,33.851898193359375
12-08-2009,33.88999938964844,34.52000045776367,954900,34.91999816894531,34.5099983215332,33.84208297729492
13-08-2009,33.150001525878906,33.900001525878906,1488700,34.779998779296875,33.880001068115234,33.22430419921875
14-08-2009,34.5,34.7599983215332,1411400,35.61000061035156,34.66999816894531,33.99898910522461
17-08-2009,33.790000915527344,34.0099983215332,1068500,34.95000076293945,34.380001068115234,33.71462631225586
18-08-2009,34.52000045776367,34.54999923706055,1103800,35.369998931884766,34.86000061035156,34.22313690185547
19-08-2009,34.279998779296875,34.279998779296875,795700,35.34000015258789,35.220001220703125,34.57657241821289
20-08-2009,35.38999938964844,36.13999938964844,2094100,36.869998931884766,35.54999923706055,34.900550842285156
21-08-2009,35.61000061035156,35.939998626708984,1098700,36.66999816894531,36.59000015258789,35.92155075073242
24-08-2009,36.459999084472656,36.75,878300,37.38999938964844,36.63999938964844,35.97063446044922
25-08-2009,36.349998474121094,37.060001373291016,866500,37.220001220703125,37.099998474121094,36.42222595214844
26-08-2009,36.75,36.959999084472656,923500,37.599998474121094,37.4900016784668,36.80510330200195
27-08-2009,36.560001373291016,37.369998931884766,640100,37.75,37.5,36.81492233276367
28-08-2009,37.43000030517578,37.75,756600,38.09000015258789,38.06999969482422,37.37449645996094
31-08-2009,37.380001068115234,37.65999984741211,1338200,37.93000030517578,37.779998779296875,37.08981704711914
01-09-2009,37.36000061035156,37.75,1751400,39.40999984741211,37.4900016784668,36.80510330200195
02-09-2009,37.16999816894531,37.16999816894531,949300,38.130001068115234,37.290000915527344,36.60875701904297
03-09-2009,37.130001068115234,37.5,860500,38.880001068115234,38.81999969482422,38.11079788208008
04-09-2009,38.58000183105469,38.58000183105469,1305300,40.15999984741211,39.61000061035156,38.88638687133789
08-09-2009,39.970001220703125,40.04999923706055,1121300,40.72999954223633,40.70000076293945,39.956459045410156
09-09-2009,40.369998931884766,40.70000076293945,1558500,41.72999954223633,41.540000915527344,40.78112030029297
10-09-2009,41.380001068115234,41.38999938964844,825100,42.31999969482422,42.25,41.47814178466797
11-09-2009,41.59000015258789,42.400001525878906,621800,42.45000076293945,42.11000061035156,41.340694427490234
14-09-2009,41.349998474121094,41.75,860900,42.02000045776367,41.86000061035156,41.09526443481445
15-09-2009,41.58000183105469,41.7599983215332,501400,42.400001525878906,42.040000915527344,41.27198791503906
16-09-2009,41.86000061035156,42.150001525878906,865000,42.63999938964844,42.599998474121094,41.82174301147461
17-09-2009,42.0099983215332,42.5,807900,43.25,42.06999969482422,41.30143737792969
18-09-2009,42.029998779296875,43.27000045776367,678200,43.27000045776367,42.599998474121094,41.82174301147461
21-09-2009,41.90999984741211,42.25,1122400,43.83000183105469,43.400001525878906,42.60714340209961
22-09-2009,42.709999084472656,43.709999084472656,1004300,44.09000015258789,42.7400016784668,41.95919418334961
23-09-2009,42.43000030517578,42.869998931884766,674400,43.25,42.56999969482422,41.792301177978516
24-09-2009,41.560001373291016,42.790000915527344,600200,43.22999954223633,41.88999938964844,41.12472152709961
25-09-2009,41.060001373291016,41.7400016784668,596500,42.150001525878906,41.5,40.74184799194336
28-09-2009,41.54999923706055,41.790000915527344,865000,42.22999954223633,41.91999816894531,41.154170989990234
29-09-2009,42.689998626708984,42.939998626708984,953200,43.9900016784668,43.09000015258789,42.30280303955078
30-09-2009,41.95000076293945,43.0099983215332,675100,43.599998474121094,42.790000915527344,42.00828170776367
01-10-2009,41.380001068115234,42.529998779296875,629200,42.849998474121094,41.400001525878906,40.64368438720703
02-10-2009,40.599998474121094,40.84000015258789,772000,41.34000015258789,40.63999938964844,39.89754867553711
05-10-2009,40.689998626708984,40.689998626708984,684800,42.349998474121094,42.31999969482422,41.546875
06-10-2009,42.099998474121094,42.599998474121094,314500,43.0,42.59000015258789,41.81193542480469
07-10-2009,41.81999969482422,42.40999984741211,597000,42.790000915527344,42.439998626708984,41.6646728515625
08-10-2009,42.22999954223633,42.70000076293945,586300,43.0,42.84000015258789,42.0573616027832
09-10-2009,42.150001525878906,42.689998626708984,415500,43.18000030517578,43.11000061035156,42.322418212890625
12-10-2009,42.83000183105469,43.36000061035156,466800,43.79999923706055,43.02000045776367,42.234073638916016
13-10-2009,42.470001220703125,43.02000045776367,383800,43.15999984741211,42.939998626708984,42.15553283691406
14-10-2009,43.29999923706055,43.65999984741211,510200,44.0,43.68000030517578,42.88203811645508
15-10-2009,43.29999923706055,43.56999969482422,468900,44.279998779296875,43.439998626708984,42.646392822265625
16-10-2009,42.93000030517578,43.04999923706055,759700,43.84000015258789,43.560001373291016,42.76420211791992
19-10-2009,43.22999954223633,43.5099983215332,588300,43.849998474121094,43.41999816894531,42.626773834228516
20-10-2009,42.86000061035156,43.70000076293945,582500,43.77000045776367,43.310001373291016,42.51877975463867
21-10-2009,42.31999969482422,43.400001525878906,604900,43.75,42.400001525878906,41.62540054321289
22-10-2009,42.380001068115234,42.5099983215332,720400,44.15999984741211,43.779998779296875,42.98019790649414
23-10-2009,43.4900016784668,44.060001373291016,778400,44.65999984741211,44.150001525878906,43.34343338012695
26-10-2009,42.689998626708984,44.040000915527344,826800,44.849998474121094,42.959999084472656,42.175167083740234
27-10-2009,41.029998779296875,42.619998931884766,618500,42.68000030517578,41.40999984741211,40.65348434448242
28-10-2009,39.08000183105469,41.439998626708984,741600,41.68000030517578,39.16999816894531,38.454410552978516
29-10-2009,39.34000015258789,39.380001068115234,734100,41.15999984741211,40.91999816894531,40.17243957519531
30-10-2009,39.709999084472656,40.72999954223633,982500,41.84000015258789,40.150001525878906,39.41651153564453
02-11-2009,39.66999816894531,40.25,794300,41.36000061035156,40.79999923706055,40.05463409423828
03-11-2009,40.5,40.63999938964844,1115800,41.849998474121094,41.619998931884766,40.859649658203125
04-11-2009,40.2599983215332,41.86000061035156,945500,41.900001525878906,40.34000015258789,39.60304260253906
05-11-2009,40.040000915527344,40.7599983215332,853900,41.560001373291016,41.560001373291016,40.80075454711914
06-11-2009,40.95000076293945,41.29999923706055,650000,41.939998626708984,41.7400016784668,40.977455139160156
09-11-2009,41.900001525878906,42.06999969482422,835100,43.349998474121094,42.939998626708984,42.15553283691406
10-11-2009,42.47999954223633,42.90999984741211,615300,43.599998474121094,42.939998626708984,42.15553283691406
11-11-2009,42.63999938964844,43.4900016784668,608600,43.88999938964844,43.0099983215332,42.22426986694336
12-11-2009,41.31999969482422,42.970001220703125,685000,43.04999923706055,41.400001525878906,40.64368438720703
13-11-2009,41.04999923706055,41.529998779296875,787600,41.9900016784668,41.56999969482422,40.81056594848633
16-11-2009,41.9900016784668,41.9900016784668,571100,42.86000061035156,42.540000915527344,41.762840270996094
17-11-2009,41.439998626708984,42.29999923706055,772100,42.470001220703125,42.18000030517578,41.446441650390625
18-11-2009,41.790000915527344,42.25,860800,42.86000061035156,42.38999938964844,41.65278244018555
19-11-2009,42.29999923706055,42.86000061035156,1431400,43.95000076293945,43.0,42.25217819213867
20-11-2009,42.18000030517578,42.56999969482422,1269200,43.220001220703125,43.08000183105469,42.330806732177734
23-11-2009,42.43000030517578,43.34000015258789,686300,43.93000030517578,42.560001373291016,41.8198356628418
24-11-2009,41.689998626708984,42.47999954223633,566000,42.54999923706055,41.790000915527344,41.06321716308594
25-11-2009,41.52000045776367,42.310001373291016,752100,42.369998931884766,41.849998474121094,41.1221923828125
27-11-2009,40.61000061035156,41.060001373291016,233400,41.630001068115234,41.150001525878906,40.43435287475586
30-11-2009,39.59000015258789,41.2599983215332,684600,41.2599983215332,40.0,39.30435562133789
01-12-2009,40.43000030517578,40.5,810900,41.099998474121094,40.75,40.04130554199219
02-12-2009,40.5,40.650001525878906,943800,41.880001068115234,41.119998931884766,40.404876708984375
03-12-2009,40.119998931884766,41.130001068115234,854700,41.189998626708984,40.560001373291016,39.854618072509766
04-12-2009,40.560001373291016,40.95000076293945,736400,42.06999969482422,41.209999084472656,40.493316650390625
07-12-2009,40.369998931884766,41.22999954223633,480700,41.34000015258789,40.5099983215332,39.80548858642578
08-12-2009,39.70000076293945,40.29999923706055,516600,40.66999816894531,40.029998779296875,39.33383560180664
09-12-2009,39.029998779296875,40.099998474121094,870300,40.11000061035156,39.310001373291016,38.62636184692383
10-12-2009,39.5,39.689998626708984,793400,40.22999954223633,39.59000015258789,38.9014892578125
11-12-2009,39.63999938964844,39.68000030517578,514300,40.56999969482422,40.47999954223633,39.77600860595703
14-12-2009,40.029998779296875,40.7599983215332,676300,41.0,40.849998474121094,40.13956832885742
15-12-2009,40.130001068115234,40.529998779296875,524500,40.849998474121094,40.36000061035156,39.658103942871094
16-12-2009,40.220001220703125,40.4900016784668,349400,40.900001525878906,40.29999923706055,39.59914016723633
17-12-2009,39.45000076293945,39.90999984741211,350300,40.130001068115234,39.779998779296875,39.08818817138672
18-12-2009,39.029998779296875,39.7599983215332,926500,39.970001220703125,39.15999984741211,38.47896957397461
21-12-2009,39.36000061035156,39.36000061035156,682000,40.310001373291016,40.279998779296875,39.57949447631836
22-12-2009,40.2599983215332,40.65999984741211,703100,40.81999969482422,40.5,39.79566955566406
23-12-2009,40.119998931884766,40.720001220703125,793600,41.150001525878906,40.40999984741211,39.70724105834961
24-12-2009,40.38999938964844,40.540000915527344,97200,40.95000076293945,40.790000915527344,40.080623626708984
28-12-2009,40.38999938964844,40.880001068115234,516900,41.16999816894531,40.650001525878906,39.943050384521484
29-12-2009,40.5,40.619998931884766,429500,41.04999923706055,40.970001220703125,40.25749206542969
30-12-2009,40.63999938964844,40.66999816894531,350900,41.369998931884766,41.310001373291016,40.59157943725586
31-12-2009,40.63999938964844,41.27000045776367,343900,41.36000061035156,40.68000030517578,39.972530364990234
04-01-2010,40.52000045776367,40.91999816894531,540500,41.54999923706055,41.099998474121094,40.38521957397461
05-01-2010,41.0,41.029998779296875,834600,42.720001220703125,42.63999938964844,41.89844512939453
06-01-2010,42.5099983215332,42.5099983215332,1111400,43.7599983215332,43.65999984741211,42.90071105957031
07-01-2010,43.45000076293945,43.45000076293945,476800,44.5,43.65999984741211,42.90071105957031
08-01-2010,43.13999938964844,43.38999938964844,332400,43.72999954223633,43.59000015258789,42.831932067871094
11-01-2010,43.130001068115234,43.84000015258789,327100,43.869998931884766,43.5,42.74348831176758
12-01-2010,42.849998474121094,44.7599983215332,851600,44.91999816894531,43.349998474121094,42.596099853515625
13-01-2010,43.349998474121094,43.619998931884766,433400,43.91999816894531,43.720001220703125,42.95966720581055
14-01-2010,43.5099983215332,43.54999923706055,571500,44.130001068115234,43.63999938964844,42.88106155395508
15-01-2010,43.060001373291016,43.290000915527344,308200,43.900001525878906,43.209999084472656,42.458518981933594
19-01-2010,42.939998626708984,43.31999969482422,417400,43.599998474121094,43.5099983215332,42.753318786621094
20-01-2010,42.88999938964844,43.040000915527344,509800,43.439998626708984,43.25,42.49783706665039
21-01-2010,42.25,43.290000915527344,598200,43.52000045776367,42.63999938964844,41.89844512939453
22-01-2010,41.34000015258789,42.66999816894531,397600,42.84000015258789,41.5099983215332,40.7880859375
25-01-2010,40.95000076293945,41.9900016784668,662300,41.9900016784668,41.02000045776367,40.30661392211914
26-01-2010,39.939998626708984,40.939998626708984,1022900,41.310001373291016,40.0099983215332,39.314186096191406
27-01-2010,39.540000915527344,39.869998931884766,602700,40.33000183105469,40.220001220703125,39.52053451538086
28-01-2010,39.79999923706055,40.310001373291016,877000,40.47999954223633,40.0,39.30435562133789
29-01-2010,39.20000076293945,40.20000076293945,635200,40.33000183105469,39.290000915527344,38.60670852661133
01-02-2010,39.29999923706055,39.58000183105469,440100,39.959999084472656,39.810001373291016,39.11766052246094
02-02-2010,39.689998626708984,39.7599983215332,373300,40.689998626708984,40.65999984741211,39.952884674072266
03-02-2010,39.7400016784668,40.34000015258789,691400,40.349998474121094,40.040000915527344,39.343658447265625
04-02-2010,39.5,39.66999816894531,747900,40.40999984741211,39.540000915527344,38.85236740112305
05-02-2010,38.25,39.52000045776367,1108200,39.52000045776367,38.689998626708984,38.01713562011719
08-02-2010,38.470001220703125,38.86000061035156,578300,39.41999816894531,38.599998474121094,37.92871856689453
09-02-2010,38.650001525878906,38.939998626708984,353700,39.5,39.2599983215332,38.57722854614258
10-02-2010,38.86000061035156,39.029998779296875,442000,39.5099983215332,39.130001068115234,38.44947814941406
11-02-2010,38.900001525878906,39.15999984741211,370500,39.93000030517578,39.869998931884766,39.17662811279297
12-02-2010,39.2599983215332,39.560001373291016,443500,40.25,40.220001220703125,39.52053451538086
16-02-2010,40.08000183105469,40.459999084472656,422700,40.869998931884766,40.849998474121094,40.13956832885742
17-02-2010,41.5,41.599998474121094,1247000,43.06999969482422,42.380001068115234,41.64295959472656
18-02-2010,42.279998779296875,42.38999938964844,408900,42.72999954223633,42.68000030517578,41.937747955322266
19-02-2010,42.130001068115234,42.709999084472656,502100,42.9900016784668,42.380001068115234,41.64295959472656
22-02-2010,42.150001525878906,42.349998474121094,328900,42.5099983215332,42.36000061035156,41.623313903808594
23-02-2010,41.900001525878906,42.150001525878906,432000,42.790000915527344,42.5,41.76087951660156
24-02-2010,42.40999984741211,42.560001373291016,478900,43.279998779296875,43.220001220703125,42.46836853027344
25-02-2010,42.33000183105469,42.61000061035156,458700,43.029998779296875,42.9900016784668,42.24235534667969
26-02-2010,42.970001220703125,43.09000015258789,401800,43.61000061035156,43.52000045776367,42.76314163208008
01-03-2010,43.5,43.61000061035156,400300,44.31999969482422,44.29999923706055,43.52956771850586
02-03-2010,43.849998474121094,44.310001373291016,513200,44.59000015258789,44.13999938964844,43.372352600097656
03-03-2010,42.380001068115234,43.88999938964844,1443100,43.88999938964844,42.439998626708984,41.701927185058594
04-03-2010,42.4900016784668,42.630001068115234,990600,43.0,42.900001525878906,42.1539421081543
05-03-2010,43.130001068115234,43.189998626708984,902700,44.310001373291016,44.310001373291016,43.5394172668457
08-03-2010,44.349998474121094,44.41999816894531,1511700,46.650001525878906,46.2400016784668,45.43583679199219
09-03-2010,45.459999084472656,46.0099983215332,780600,46.779998779296875,45.709999084472656,44.91504669189453
10-03-2010,45.40999984741211,45.599998474121094,588400,46.45000076293945,46.279998779296875,45.47515106201172
11-03-2010,45.709999084472656,45.939998626708984,1776800,48.369998931884766,47.66999816894531,46.84096908569336
12-03-2010,47.439998626708984,47.81999969482422,634900,48.779998779296875,47.7400016784668,46.90975570678711
15-03-2010,51.25,52.0,4416500,54.63999938964844,52.400001525878906,51.48870849609375
16-03-2010,52.61000061035156,52.63999938964844,2330600,53.900001525878906,53.779998779296875,52.8447151184082
17-03-2010,53.09000015258789,53.779998779296875,1135600,54.18000030517578,54.18000030517578,53.237754821777344
18-03-2010,53.619998931884766,54.220001220703125,1172500,54.75,54.08000183105469,53.13949203491211
19-03-2010,53.25,53.72999954223633,1418100,54.47999954223633,53.72999954223633,52.79558181762695
22-03-2010,52.970001220703125,53.459999084472656,1712000,56.06999969482422,55.43000030517578,54.50456619262695
23-03-2010,55.0099983215332,56.56999969482422,2206300,56.880001068115234,56.09000015258789,55.1535530090332
24-03-2010,55.09000015258789,55.91999816894531,1582200,56.84000015258789,56.70000076293945,55.75335693359375
25-03-2010,55.439998626708984,56.93000030517578,1151400,57.279998779296875,55.52000045776367,54.59305191040039
26-03-2010,55.54999923706055,55.560001373291016,941700,57.06999969482422,57.029998779296875,56.077842712402344
29-03-2010,55.880001068115234,56.97999954223633,1002700,57.56999969482422,57.02000045776367,56.068016052246094
30-03-2010,56.459999084472656,56.91999816894531,548600,57.369998931884766,57.08000183105469,56.12701416015625
31-03-2010,56.880001068115234,56.970001220703125,1039000,57.79999923706055,57.36000061035156,56.402339935302734
01-04-2010,57.52000045776367,57.7599983215332,954400,58.369998931884766,58.27000045776367,57.297149658203125
05-04-2010,58.290000915527344,58.290000915527344,1087000,60.29999923706055,60.029998779296875,59.027774810791016
06-04-2010,59.5,59.9900016784668,821100,60.20000076293945,60.08000183105469,59.07693862915039
07-04-2010,59.529998779296875,60.130001068115234,777300,60.47999954223633,59.93000030517578,58.929447174072266
08-04-2010,59.04999923706055,59.790000915527344,989700,61.38999938964844,61.310001373291016,60.28639221191406
09-04-2010,61.68000030517578,61.68000030517578,1218600,62.66999816894531,62.66999816894531,61.623687744140625
12-04-2010,62.130001068115234,62.79999923706055,872000,63.0,62.75,61.702354431152344
13-04-2010,62.5099983215332,62.75,673400,63.040000915527344,62.86000061035156,61.810516357421875
14-04-2010,62.68000030517578,62.68000030517578,706300,64.25,64.16000366210938,63.088829040527344
15-04-2010,63.7599983215332,63.90999984741211,823900,64.62000274658203,64.25,63.17731475830078
16-04-2010,63.29999923706055,63.90999984741211,1057900,64.83000183105469,63.709999084472656,62.64631652832031
19-04-2010,61.540000915527344,63.380001068115234,943600,63.91999816894531,62.84000015258789,61.79084396362305
20-04-2010,61.970001220703125,63.22999954223633,978300,63.52000045776367,62.43000030517578,61.38770294189453
21-04-2010,62.38999938964844,62.38999938964844,2092500,65.83999633789062,65.63999938964844,64.54410552978516
22-04-2010,65.0,65.13999938964844,1812700,67.5,67.08000183105469,65.96009063720703
23-04-2010,66.6500015258789,67.87999725341797,5589700,68.18000030517578,67.05000305175781,65.93058776855469
26-04-2010,65.69999694824219,66.79000091552734,1629200,67.23999786376953,66.23999786376953,65.13407135009766
27-04-2010,64.11000061035156,66.05999755859375,1367800,66.37999725341797,64.30999755859375,63.23630142211914
28-04-2010,63.16999816894531,64.72000122070312,1333400,65.58999633789062,63.56999969482422,62.5086669921875
29-04-2010,64.12999725341797,64.13999938964844,769800,65.91000366210938,65.41000366210938,64.31794738769531
30-04-2010,62.88999938964844,65.2699966430664,1291100,65.75,63.0099983215332,61.958003997802734
03-05-2010,62.959999084472656,62.959999084472656,1517600,65.22000122070312,64.36000061035156,63.28548812866211
04-05-2010,62.0,63.2400016784668,1008400,63.27000045776367,62.529998779296875,61.48603820800781
05-05-2010,58.79999923706055,61.65999984741211,1455500,63.2400016784668,60.40999984741211,59.401405334472656
06-05-2010,53.86000061035156,59.939998626708984,2723800,60.84000015258789,58.18000030517578,57.208641052246094
07-05-2010,54.630001068115234,57.650001525878906,1767400,58.27000045776367,54.79999923706055,53.885074615478516
10-05-2010,57.04999923706055,57.11000061035156,1469800,59.7599983215332,59.58000183105469,58.58527755737305
11-05-2010,58.75,58.84000015258789,1654500,62.77000045776367,61.18000030517578,60.1585578918457
12-05-2010,60.959999084472656,61.540000915527344,771400,62.18000030517578,61.790000915527344,60.75838088989258
13-05-2010,58.7599983215332,61.5,1234200,62.16999816894531,59.290000915527344,58.30011749267578
14-05-2010,57.0099983215332,58.66999816894531,880800,58.79999923706055,57.88999938964844,56.92348861694336
17-05-2010,55.58000183105469,58.09000015258789,1208900,58.56999969482422,57.52000045776367,56.55966567993164
18-05-2010,55.720001220703125,56.86000061035156,1964200,58.4900016784668,56.290000915527344,55.38679504394531
19-05-2010,53.810001373291016,55.93000030517578,2023500,56.560001373291016,54.29999923706055,53.428714752197266
20-05-2010,50.790000915527344,52.560001373291016,3143300,53.0099983215332,51.40999984741211,50.58509826660156
21-05-2010,49.959999084472656,50.0,2039700,53.81999969482422,52.97999954223633,52.12990188598633
24-05-2010,54.0099983215332,54.02000045776367,2226100,55.75,54.279998779296875,53.4090576171875
25-05-2010,50.34000015258789,51.65999984741211,2480700,54.040000915527344,53.93000030517578,53.064674377441406
26-05-2010,53.20000076293945,54.27000045776367,1284100,55.290000915527344,53.27000045776367,52.415245056152344
27-05-2010,54.29999923706055,54.619998931884766,1298100,56.08000183105469,56.040000915527344,55.14081954956055
28-05-2010,54.2599983215332,55.77000045776367,1820700,56.56999969482422,54.72999954223633,53.85182189941406
01-06-2010,52.060001373291016,54.16999816894531,1171700,54.54999923706055,52.13999938964844,51.30337905883789
02-06-2010,51.439998626708984,52.279998779296875,1552100,53.29999923706055,53.27000045776367,52.415245056152344
03-06-2010,53.20000076293945,53.86000061035156,1356100,54.72999954223633,54.54999923706055,53.674720764160156
04-06-2010,50.779998779296875,53.0,760200,53.4900016784668,51.060001373291016,50.24071502685547
07-06-2010,48.790000915527344,51.2400016784668,1046300,51.86000061035156,48.970001220703125,48.184261322021484
08-06-2010,47.58000183105469,49.400001525878906,1939900,50.459999084472656,50.04999923706055,49.246925354003906
09-06-2010,50.54999923706055,50.54999923706055,1502800,53.060001373291016,51.439998626708984,50.61461639404297
10-06-2010,52.36000061035156,52.36000061035156,818900,53.91999816894531,53.25,52.39558410644531
11-06-2010,51.79999923706055,52.150001525878906,713500,54.0,53.13999938964844,52.287330627441406
14-06-2010,53.5,53.560001373291016,894800,54.959999084472656,54.09000015258789,53.22209167480469
15-06-2010,54.060001373291016,54.470001220703125,1604300,57.119998931884766,57.0,56.08540725708008
16-06-2010,55.380001068115234,55.900001525878906,1542200,56.619998931884766,55.61000061035156,54.71770477294922
17-06-2010,54.849998474121094,55.540000915527344,1007900,56.029998779296875,55.20000076293945,54.314292907714844
18-06-2010,54.41999816894531,55.11000061035156,721500,55.91999816894531,54.93000030517578,54.048622131347656
21-06-2010,53.25,56.2400016784668,1227200,56.2400016784668,53.56999969482422,52.710453033447266
22-06-2010,51.0099983215332,53.7599983215332,959700,54.599998474121094,51.04999923706055,50.23086929321289
23-06-2010,49.400001525878906,51.119998931884766,1200400,51.68000030517578,51.20000076293945,50.37847900390625
24-06-2010,49.599998474121094,50.970001220703125,885000,50.970001220703125,49.709999084472656,48.91236877441406
25-06-2010,49.34000015258789,49.880001068115234,1396700,50.75,50.25,49.44370651245117
28-06-2010,48.790000915527344,50.189998626708984,860900,50.65999984741211,49.04999923706055,48.26297378540039
29-06-2010,45.36000061035156,48.08000183105469,1662300,48.20000076293945,45.75,45.01592254638672
30-06-2010,45.45000076293945,45.77000045776367,1170300,47.349998474121094,46.27000045776367,45.5275764465332
01-07-2010,44.380001068115234,46.29999923706055,1526700,46.86000061035156,46.349998474121094,45.60628890991211
02-07-2010,44.9900016784668,46.529998779296875,956900,46.70000076293945,45.470001220703125,44.740394592285156
06-07-2010,42.810001373291016,46.36000061035156,1701900,47.0,43.0099983215332,42.31989288330078
07-07-2010,43.060001373291016,43.220001220703125,1803100,45.790000915527344,45.63999938964844,44.907684326171875
08-07-2010,45.900001525878906,46.61000061035156,1837500,47.90999984741211,47.65999984741211,46.895259857177734
09-07-2010,47.04999923706055,47.689998626708984,904100,48.09000015258789,47.95000076293945,47.18062210083008
12-07-2010,46.2599983215332,47.75,801000,48.189998626708984,47.11000061035156,46.35409927368164
13-07-2010,47.900001525878906,48.0099983215332,771600,49.22999954223633,48.95000076293945,48.16456985473633
14-07-2010,48.0,48.86000061035156,844100,49.290000915527344,48.22999954223633,47.45612335205078
15-07-2010,46.70000076293945,48.18000030517578,783900,48.369998931884766,47.58000183105469,46.816551208496094
16-07-2010,44.97999954223633,47.11000061035156,741100,47.33000183105469,45.150001525878906,44.42554473876953
19-07-2010,44.56999969482422,45.27000045776367,1148200,46.16999816894531,46.060001373291016,45.32095718383789
20-07-2010,45.11000061035156,45.43000030517578,910600,47.540000915527344,47.22999954223633,46.47217559814453
21-07-2010,46.529998779296875,47.61000061035156,786800,47.93000030517578,47.18000030517578,46.422969818115234
22-07-2010,48.16999816894531,48.41999816894531,990200,50.43000030517578,50.04999923706055,49.246925354003906
23-07-2010,49.349998474121094,49.709999084472656,921100,51.66999816894531,51.16999816894531,50.34894943237305
26-07-2010,50.79999923706055,51.16999816894531,644500,52.56999969482422,52.529998779296875,51.6871223449707
27-07-2010,50.630001068115234,53.11000061035156,1120200,53.20000076293945,50.849998474121094,50.03407669067383
28-07-2010,50.29999923706055,50.599998474121094,968600,51.43000030517578,50.650001525878906,49.83730697631836
29-07-2010,49.939998626708984,51.11000061035156,1326000,51.77000045776367,51.439998626708984,50.61461639404297
30-07-2010,50.279998779296875,50.54999923706055,818000,52.150001525878906,51.88999938964844,51.057403564453125
02-08-2010,52.68000030517578,52.900001525878906,735300,53.45000076293945,53.40999984741211,52.553001403808594
03-08-2010,51.150001525878906,52.97999954223633,930400,53.09000015258789,51.18000030517578,50.358795166015625
04-08-2010,51.470001220703125,51.650001525878906,898700,53.459999084472656,53.33000183105469,52.47428512573242
05-08-2010,52.27000045776367,52.77000045776367,445200,53.41999816894531,53.0,52.14958190917969
06-08-2010,52.119998931884766,52.18000030517578,586500,53.31999969482422,53.099998474121094,52.24797439575195
09-08-2010,53.02000045776367,53.369998931884766,461800,53.880001068115234,53.779998779296875,52.91706466674805
10-08-2010,52.54999923706055,52.66999816894531,426200,53.709999084472656,53.27000045776367,52.415245056152344
11-08-2010,50.119998931884766,52.15999984741211,864700,52.15999984741211,50.2400016784668,49.43387985229492
12-08-2010,49.0,49.040000915527344,638700,51.02000045776367,50.77000045776367,49.95536804199219
13-08-2010,49.18000030517578,50.68000030517578,674000,50.709999084472656,49.2400016784668,48.44990539550781
16-08-2010,48.119998931884766,48.529998779296875,1006000,49.41999816894531,48.31999969482422,47.58140182495117
17-08-2010,49.08000183105469,49.29999923706055,646800,50.88999938964844,49.83000183105469,49.068328857421875
18-08-2010,49.09000015258789,49.66999816894531,522000,50.9900016784668,50.290000915527344,49.52128601074219
19-08-2010,48.88999938964844,50.040000915527344,429000,50.18000030517578,49.16999816894531,48.41839599609375
20-08-2010,48.040000915527344,48.95000076293945,428500,49.59000015258789,49.38999938964844,48.63504409790039
23-08-2010,48.849998474121094,49.75,524500,50.470001220703125,48.849998474121094,48.10328674316406
24-08-2010,46.290000915527344,47.869998931884766,1146000,47.880001068115234,46.33000183105469,45.62181091308594
25-08-2010,45.540000915527344,45.689998626708984,1667900,46.939998626708984,46.599998474121094,45.88768005371094
26-08-2010,45.13999938964844,46.939998626708984,995900,47.0,45.31999969482422,44.62726593017578
27-08-2010,44.790000915527344,45.959999084472656,984600,47.369998931884766,47.08000183105469,46.360347747802734
30-08-2010,45.58000183105469,46.709999084472656,626900,47.150001525878906,45.65999984741211,44.96205520629883
31-08-2010,44.689998626708984,45.099998474121094,1128600,46.84000015258789,45.68000030517578,44.981754302978516
01-09-2010,46.83000183105469,46.970001220703125,922500,48.630001068115234,47.91999816894531,47.187496185302734
02-09-2010,47.7599983215332,47.7599983215332,1149900,50.56999969482422,50.33000183105469,49.56067657470703
03-09-2010,50.38999938964844,51.08000183105469,852700,51.70000076293945,51.099998474121094,50.31892013549805
07-09-2010,50.400001525878906,50.709999084472656,856100,51.130001068115234,50.5,49.72807693481445
08-09-2010,52.7599983215332,53.220001220703125,3882900,55.79999923706055,54.06999969482422,53.243499755859375
09-09-2010,53.97999954223633,55.38999938964844,1049200,55.9900016784668,54.36000061035156,53.529083251953125
10-09-2010,53.84000015258789,54.66999816894531,525500,54.93000030517578,53.88999938964844,53.06624984741211
13-09-2010,54.380001068115234,54.5,905800,56.380001068115234,56.130001068115234,55.272029876708984
14-09-2010,55.52000045776367,55.619998931884766,691400,57.0,56.5,55.636348724365234
15-09-2010,56.0099983215332,56.470001220703125,497000,57.18000030517578,56.459999084472656,55.59698486328125
16-09-2010,56.02000045776367,56.02000045776367,427200,57.0099983215332,56.279998779296875,55.41972351074219
17-09-2010,56.540000915527344,56.880001068115234,2551900,58.189998626708984,58.08000183105469,57.192222595214844
20-09-2010,58.099998474121094,58.2599983215332,1718700,60.18000030517578,60.02000045776367,59.102561950683594
21-09-2010,58.650001525878906,60.02000045776367,1049700,60.09000015258789,59.099998474121094,58.196617126464844
22-09-2010,57.52000045776367,59.33000183105469,944400,59.54999923706055,58.189998626708984,57.300537109375
23-09-2010,56.93000030517578,57.5099983215332,587600,58.150001525878906,57.060001373291016,56.187801361083984
24-09-2010,57.93000030517578,57.93000030517578,803000,59.720001220703125,58.790000915527344,57.891357421875
27-09-2010,58.529998779296875,58.68000030517578,770400,59.79999923706055,58.72999954223633,57.832275390625
28-09-2010,57.29999923706055,58.900001525878906,801400,59.09000015258789,59.04999923706055,58.14738464355469
29-09-2010,58.59000015258789,58.88999938964844,834500,59.65999984741211,59.29999923706055,58.393558502197266
30-09-2010,58.689998626708984,59.720001220703125,1044300,60.599998474121094,60.15999984741211,59.24041748046875
01-10-2010,59.7599983215332,60.86000061035156,887300,61.38999938964844,59.9900016784668,59.072998046875
04-10-2010,59.540000915527344,61.72999954223633,1079200,61.9900016784668,60.540000915527344,59.61461639404297
05-10-2010,61.0099983215332,61.25,750000,62.939998626708984,62.40999984741211,61.45602798461914
06-10-2010,61.400001525878906,62.04999923706055,792800,62.2400016784668,61.93000030517578,60.983375549316406
07-10-2010,62.060001373291016,62.459999084472656,710500,63.22999954223633,62.779998779296875,61.82036590576172
08-10-2010,62.650001525878906,62.849998474121094,571000,63.9900016784668,63.11000061035156,62.145328521728516
11-10-2010,62.119998931884766,63.060001373291016,652800,63.70000076293945,62.560001373291016,61.60373306274414
12-10-2010,61.34000015258789,62.16999816894531,667100,63.31999969482422,63.040000915527344,62.07640075683594
13-10-2010,62.93000030517578,63.5,547800,63.68000030517578,62.970001220703125,62.007469177246094
14-10-2010,62.79999923706055,62.900001525878906,593400,63.70000076293945,63.45000076293945,62.48012161254883
15-10-2010,62.31999969482422,64.12999725341797,728200,64.12999725341797,62.91999816894531,61.95822525024414
18-10-2010,62.189998626708984,62.970001220703125,732100,63.27000045776367,62.470001220703125,61.51511001586914
19-10-2010,59.58000183105469,61.369998931884766,1805000,62.0099983215332,60.02000045776367,59.102561950683594
20-10-2010,60.220001220703125,60.43000030517578,868200,61.150001525878906,60.66999816894531,59.742618560791016
21-10-2010,60.58000183105469,61.08000183105469,1441000,61.380001068115234,60.97999954223633,60.04788589477539
22-10-2010,60.970001220703125,61.060001373291016,358000,62.130001068115234,61.72999954223633,60.78642272949219
25-10-2010,62.380001068115234,62.52000045776367,1236100,63.439998626708984,62.630001068115234,61.67266845703125
26-10-2010,62.06999969482422,62.41999816894531,1016200,63.34000015258789,62.970001220703125,62.007469177246094
27-10-2010,60.52000045776367,62.349998474121094,1021300,62.349998474121094,61.470001220703125,60.530391693115234
28-10-2010,60.38999938964844,62.0,933100,62.0,60.959999084472656,60.0281867980957
29-10-2010,60.720001220703125,60.81999969482422,910800,61.61000061035156,61.34000015258789,60.402374267578125
01-11-2010,61.369998931884766,61.7400016784668,1250000,62.380001068115234,61.599998474121094,60.65840148925781
02-11-2010,61.130001068115234,62.2400016784668,907400,62.58000183105469,61.79999923706055,60.8553466796875
03-11-2010,60.560001373291016,61.93000030517578,845000,62.04999923706055,61.36000061035156,60.42206954956055
04-11-2010,61.900001525878906,62.529998779296875,1017300,63.20000076293945,63.099998474121094,62.13547897338867
05-11-2010,62.900001525878906,63.0,804600,64.38999938964844,64.31999969482422,63.33681869506836
08-11-2010,63.880001068115234,64.0199966430664,850800,65.05000305175781,65.01000213623047,64.01627349853516
09-11-2010,64.83000183105469,64.98999786376953,1317400,66.16999816894531,65.52999877929688,64.52833557128906
10-11-2010,62.790000915527344,64.41999816894531,1810300,64.43000030517578,63.150001525878906,62.1847038269043
11-11-2010,61.90999984741211,62.2599983215332,1011500,63.02000045776367,62.4900016784668,61.53479766845703
12-11-2010,59.47999954223633,61.880001068115234,1568100,62.22999954223633,59.52000045776367,58.610198974609375
15-11-2010,59.9900016784668,61.599998474121094,1364100,62.41999816894531,60.08000183105469,59.161643981933594
16-11-2010,59.060001373291016,59.7599983215332,1387000,60.349998474121094,59.5,58.62757873535156
17-11-2010,59.68000030517578,59.84000015258789,1088500,61.689998626708984,61.540000915527344,60.637672424316406
18-11-2010,62.04999923706055,62.279998779296875,724200,63.150001525878906,62.849998474121094,61.928466796875
19-11-2010,62.560001373291016,62.630001068115234,570900,64.06999969482422,64.01000213623047,63.07146453857422
22-11-2010,63.02000045776367,63.52000045776367,629600,65.41999816894531,65.30000305175781,64.3425521850586
23-11-2010,64.0,64.11000061035156,717800,65.66000366210938,64.75,63.80061721801758
24-11-2010,65.30000305175781,65.83000183105469,895000,67.5999984741211,67.52999877929688,66.53986358642578
26-11-2010,66.7699966430664,66.87000274658203,278300,67.7699966430664,67.54000091552734,66.5496597290039
29-11-2010,66.62999725341797,67.04000091552734,853200,68.0999984741211,67.86000061035156,66.86498260498047
30-11-2010,66.51000213623047,66.9000015258789,2486000,68.43000030517578,67.83999633789062,66.84528350830078
01-12-2010,69.26000213623047,69.29000091552734,1222900,70.72000122070312,70.0199966430664,68.99333953857422
02-12-2010,69.12000274658203,70.08000183105469,1305000,71.62000274658203,71.2300033569336,70.18560028076172
03-12-2010,68.5,70.72000122070312,2166200,72.41999816894531,70.0,68.97364044189453
06-12-2010,68.9000015258789,70.2699966430664,795900,70.33000183105469,69.37999725341797,68.36273193359375
07-12-2010,68.56999969482422,70.06999969482422,1022400,70.5,68.80000305175781,67.79122924804688
08-12-2010,67.79000091552734,69.12999725341797,774100,69.58000183105469,68.55000305175781,67.5448989868164
09-12-2010,68.6500015258789,69.13999938964844,661300,69.30999755859375,69.18000030517578,68.16566467285156
10-12-2010,68.44000244140625,69.27999877929688,541000,69.72000122070312,69.18000030517578,68.16566467285156
13-12-2010,68.01000213623047,69.44999694824219,931500,69.9800033569336,68.12999725341797,67.1310806274414
14-12-2010,66.30000305175781,68.19000244140625,1328900,68.3499984741211,66.48999786376953,65.51510620117188
15-12-2010,65.61000061035156,66.43000030517578,905300,66.83000183105469,65.63999938964844,64.67754364013672
16-12-2010,65.6500015258789,65.94999694824219,1044100,66.72000122070312,66.6500015258789,65.67273712158203
17-12-2010,66.6500015258789,66.66999816894531,1148500,67.79000091552734,67.58999633789062,66.59896087646484
20-12-2010,66.75,67.8499984741211,738500,68.04000091552734,66.94000244140625,65.95850372314453
21-12-2010,66.52999877929688,67.11000061035156,470700,67.4800033569336,67.38999938964844,66.4018783569336
22-12-2010,65.56999969482422,67.76000213623047,676200,67.76000213623047,65.94999694824219,64.9830322265625
23-12-2010,65.12000274658203,66.1500015258789,718000,66.94999694824219,65.58999633789062,64.62828826904297
27-12-2010,64.58000183105469,65.56999969482422,447000,65.56999969482422,64.91999816894531,63.968109130859375
28-12-2010,63.459999084472656,65.01000213623047,624900,65.2699966430664,63.61000061035156,62.67732620239258
29-12-2010,63.459999084472656,63.65999984741211,537900,64.37999725341797,63.529998779296875,62.5984992980957
30-12-2010,63.33000183105469,63.380001068115234,378900,64.26000213623047,63.84000015258789,62.903961181640625
31-12-2010,62.93000030517578,63.779998779296875,465100,63.900001525878906,63.0099983215332,62.08610916137695
03-01-2011,62.52000045776367,63.7599983215332,582300,63.95000076293945,63.2599983215332,62.33245086669922
04-01-2011,61.08000183105469,63.470001220703125,909900,63.560001373291016,61.56999969482422,60.667240142822266
05-01-2011,60.619998931884766,61.22999954223633,909200,62.72999954223633,62.65999984741211,61.741241455078125
06-01-2011,60.439998626708984,62.54999923706055,996700,62.599998474121094,61.130001068115234,60.233680725097656
07-01-2011,58.02000045776367,60.0,2030200,60.290000915527344,58.91999816894531,58.05608367919922
10-01-2011,58.72999954223633,58.849998474121094,1720000,61.93000030517578,61.790000915527344,60.884010314941406
11-01-2011,59.31999969482422,60.27000045776367,2100400,61.0,59.939998626708984,59.061126708984375
12-01-2011,60.0,60.56999969482422,765300,60.75,60.279998779296875,59.39613723754883
13-01-2011,60.119998931884766,60.5,855000,60.79999923706055,60.34000015258789,59.455257415771484
14-01-2011,59.79999923706055,60.38999938964844,518800,60.72999954223633,60.540000915527344,59.65234375
18-01-2011,58.81999969482422,60.31999969482422,1265400,60.47999954223633,59.59000015258789,58.716270446777344
19-01-2011,58.36000061035156,59.41999816894531,665900,59.5099983215332,58.66999816894531,57.80976104736328
20-01-2011,57.95000076293945,58.599998474121094,830600,59.209999084472656,58.099998474121094,57.24810028076172
21-01-2011,56.27000045776367,58.59000015258789,1100100,58.59000015258789,56.83000183105469,55.99673843383789
24-01-2011,57.119998931884766,57.119998931884766,1400100,59.27000045776367,58.599998474121094,57.74076843261719
25-01-2011,57.470001220703125,58.31999969482422,537100,58.58000183105469,58.560001373291016,57.701377868652344
26-01-2011,58.25,59.0,885300,59.880001068115234,59.58000183105469,58.70640563964844
27-01-2011,58.900001525878906,59.38999938964844,963700,60.0,59.599998474121094,58.72611999511719
28-01-2011,57.66999816894531,59.540000915527344,741100,59.72999954223633,58.04999923706055,57.19884490966797
31-01-2011,57.36000061035156,58.15999984741211,1010600,58.75,58.369998931884766,57.5141487121582
01-02-2011,58.25,58.88999938964844,1113600,59.349998474121094,58.86000061035156,57.99696731567383
02-02-2011,57.119998931884766,58.709999084472656,842800,58.75,57.790000915527344,56.94265365600586
03-02-2011,57.790000915527344,57.810001373291016,703700,59.529998779296875,58.93000030517578,58.06593322753906
04-02-2011,58.7400016784668,59.029998779296875,1595800,62.27000045776367,61.560001373291016,60.65738296508789
07-02-2011,61.0099983215332,61.619998931884766,1409200,63.56999969482422,62.77000045776367,61.849632263183594
08-02-2011,61.630001068115234,62.70000076293945,1134000,63.369998931884766,63.220001220703125,62.29303741455078
09-02-2011,62.27000045776367,63.31999969482422,1448600,64.4000015258789,62.43000030517578,61.51462173461914
10-02-2011,60.900001525878906,62.0,1056000,62.2599983215332,62.130001068115234,61.21902847290039
11-02-2011,61.689998626708984,61.880001068115234,550300,62.5099983215332,62.02000045776367,61.11063003540039
14-02-2011,61.18000030517578,62.20000076293945,682700,62.25,61.81999969482422,60.9135627746582
15-02-2011,60.650001525878906,61.59000015258789,969100,62.209999084472656,61.13999938964844,60.243534088134766
16-02-2011,60.029998779296875,61.599998474121094,1037800,61.599998474121094,60.130001068115234,59.24835205078125
17-02-2011,58.75,60.16999816894531,1339600,60.16999816894531,58.93000030517578,58.06593322753906
18-02-2011,58.38999938964844,59.0099983215332,1116200,59.380001068115234,58.650001525878906,57.7900505065918
22-02-2011,58.0,58.27000045776367,2652600,60.70000076293945,59.2599983215332,58.39110565185547
23-02-2011,57.83000183105469,59.209999084472656,1609300,60.25,58.86000061035156,57.99696731567383
24-02-2011,58.7400016784668,59.0,1370200,60.02000045776367,59.47999954223633,58.607872009277344
25-02-2011,59.470001220703125,59.75,1207400,60.810001373291016,60.2599983215332,59.37644958496094
28-02-2011,59.56999969482422,60.54999923706055,599500,61.0,60.0099983215332,59.1301155090332
01-03-2011,58.59000015258789,60.119998931884766,1400800,61.900001525878906,59.08000183105469,58.21375274658203
02-03-2011,58.880001068115234,58.97999954223633,718200,59.91999816894531,59.18000030517578,58.31227111816406
03-03-2011,59.5099983215332,59.88999938964844,806200,61.61000061035156,61.33000183105469,60.43075942993164
04-03-2011,60.849998474121094,61.29999923706055,702300,61.77000045776367,61.310001373291016,60.41103744506836
07-03-2011,59.13999938964844,61.33000183105469,1172500,61.5099983215332,60.470001220703125,59.58335494995117
08-03-2011,60.08000183105469,60.63999938964844,579800,61.880001068115234,61.13999938964844,60.243534088134766
09-03-2011,60.939998626708984,60.939998626708984,852700,63.02000045776367,62.81999969482422,61.89890670776367
10-03-2011,61.02000045776367,61.86000061035156,792100,62.27000045776367,61.43000030517578,60.529273986816406
11-03-2011,60.41999816894531,60.720001220703125,716300,62.849998474121094,62.68000030517578,61.76097106933594
14-03-2011,60.40999984741211,62.02000045776367,613000,62.36000061035156,61.04999923706055,60.19133758544922
15-03-2011,58.7599983215332,59.310001373291016,694300,60.779998779296875,60.380001068115234,59.53077697753906
16-03-2011,59.45000076293945,60.2599983215332,673400,61.310001373291016,59.95000076293945,59.10681915283203
17-03-2011,59.380001068115234,61.119998931884766,881900,61.150001525878906,59.43000030517578,58.59413528442383
18-03-2011,56.59000015258789,60.25,1435700,60.25,56.720001220703125,55.9222526550293
21-03-2011,56.81999969482422,57.63999938964844,1084700,57.810001373291016,57.150001525878906,56.3462028503418
22-03-2011,56.36000061035156,57.34000015258789,1162100,57.599998474121094,56.529998779296875,55.734920501708984
23-03-2011,55.099998474121094,56.36000061035156,1736200,58.13999938964844,57.36000061035156,56.55324935913086
24-03-2011,57.709999084472656,57.709999084472656,1463300,59.29999923706055,59.08000183105469,58.249053955078125
25-03-2011,58.77000045776367,59.310001373291016,1229800,60.86000061035156,60.400001525878906,59.55049514770508
28-03-2011,59.88999938964844,60.70000076293945,2838100,62.02000045776367,60.16999816894531,59.32372283935547
29-03-2011,61.75,62.31999969482422,4047400,65.41999816894531,65.19999694824219,64.28297424316406
30-03-2011,63.95000076293945,64.91000366210938,1841600,64.91000366210938,64.5199966430664,63.61254119873047
31-03-2011,63.90999984741211,64.25,1075000,65.16000366210938,65.02999877929688,64.1153564453125
01-04-2011,65.16999816894531,65.61000061035156,1118000,66.72000122070312,66.18000030517578,65.2491683959961
04-04-2011,65.0199966430664,66.41999816894531,723800,66.88999938964844,65.43000030517578,64.50972747802734
05-04-2011,65.3499984741211,65.43000030517578,979800,66.83000183105469,66.08999633789062,65.16045379638672
06-04-2011,64.68000030517578,66.47000122070312,605400,66.87999725341797,65.23999786376953,64.32242584228516
07-04-2011,64.9000015258789,65.26000213623047,792500,66.45999908447266,64.97000122070312,64.05622100830078
08-04-2011,63.47999954223633,65.19000244140625,536900,65.37999725341797,64.08000183105469,63.17873001098633
11-04-2011,64.0199966430664,64.06999969482422,766400,65.4000015258789,65.0,64.0858154296875
12-04-2011,64.13999938964844,64.55000305175781,1043100,66.22000122070312,65.8499984741211,64.92382049560547
13-04-2011,65.38999938964844,66.33999633789062,967700,66.4000015258789,66.12999725341797,65.19990539550781
14-04-2011,65.51000213623047,65.51000213623047,1222800,67.26000213623047,66.61000061035156,65.67314147949219
15-04-2011,65.83000183105469,66.69999694824219,647600,67.20999908447266,66.4000015258789,65.46613311767578
18-04-2011,64.6500015258789,65.37999725341797,552000,66.12999725341797,65.95999908447266,65.03229522705078
19-04-2011,65.9000015258789,66.18000030517578,823100,67.23999786376953,66.26000213623047,65.32805633544922
20-04-2011,67.5,67.63999938964844,1623800,70.0999984741211,68.80999755859375,67.84219360351562
21-04-2011,67.9800033569336,69.16999816894531,562000,69.16999816894531,68.87999725341797,67.91122436523438
25-04-2011,68.54000091552734,68.72000122070312,757300,69.81999969482422,69.43000030517578,68.45350646972656
26-04-2011,68.55999755859375,70.05999755859375,869600,70.1500015258789,69.16000366210938,68.18730926513672
27-04-2011,69.3499984741211,69.44000244140625,938400,71.56999969482422,71.54000091552734,70.5338134765625
28-04-2011,70.47000122070312,71.0999984741211,731400,71.80999755859375,71.54000091552734,70.5338134765625
29-04-2011,70.2300033569336,71.37999725341797,764000,71.4800033569336,70.41000366210938,69.41969299316406
02-05-2011,68.87000274658203,70.62000274658203,856300,70.87999725341797,69.4000015258789,68.42391204833984
03-05-2011,67.02999877929688,69.26000213623047,1171800,69.66999816894531,67.66000366210938,66.7083740234375
04-05-2011,66.66999816894531,67.7699966430664,886400,68.44999694824219,67.80000305175781,66.84640502929688
05-05-2011,67.20999908447266,67.3499984741211,1145000,70.4000015258789,69.62000274658203,68.64080810546875
06-05-2011,66.91999816894531,70.33999633789062,1305500,70.33999633789062,67.52999877929688,66.58023834228516
09-05-2011,67.33999633789062,67.7699966430664,1000100,69.19000244140625,69.04000091552734,68.06895446777344
10-05-2011,68.98999786376953,69.25,495200,70.29000091552734,69.94999694824219,68.96614837646484
11-05-2011,68.75,69.88999938964844,712900,70.0,69.23999786376953,68.26615905761719
12-05-2011,68.69000244140625,69.11000061035156,387000,70.4800033569336,70.38999938964844,69.39997863769531
13-05-2011,69.37000274658203,70.08000183105469,422000,70.69000244140625,69.8499984741211,68.86759185791016
16-05-2011,67.87000274658203,69.54000091552734,723100,69.80999755859375,68.22000122070312,67.26050567626953
17-05-2011,66.56999969482422,67.80000305175781,759500,68.5,67.29000091552734,66.38056945800781
18-05-2011,67.43000030517578,67.4800033569336,366800,68.4000015258789,68.0199966430664,67.10070037841797
19-05-2011,67.58999633789062,68.41999816894531,399900,69.33000183105469,69.0999984741211,68.16609954833984
20-05-2011,65.23999786376953,68.47000122070312,1574900,68.47000122070312,65.7699966430664,64.88111114501953
23-05-2011,64.30000305175781,64.75,806900,66.20999908447266,65.0,64.12153625488281
24-05-2011,64.76000213623047,65.1500015258789,499100,65.7699966430664,64.93000030517578,64.05247497558594
25-05-2011,61.869998931884766,62.7599983215332,1611600,64.05999755859375,63.310001373291016,62.45436096191406
26-05-2011,63.47999954223633,63.47999954223633,1138500,66.41999816894531,66.19000244140625,65.29544830322266
27-05-2011,64.95999908447266,65.66999816894531,1030600,67.97000122070312,66.58000183105469,65.68016815185547
31-05-2011,65.44000244140625,67.5,2347500,67.88999938964844,65.97000122070312,65.0783920288086
01-06-2011,65.05999755859375,68.4000015258789,3713700,68.45999908447266,66.3499984741211,65.45327758789062
02-06-2011,64.62999725341797,66.27999877929688,1334800,66.87000274658203,65.16000366210938,64.27936553955078
03-06-2011,64.16000366210938,64.31999969482422,1051200,66.31999969482422,64.62999725341797,63.756507873535156
06-06-2011,63.290000915527344,64.63999938964844,845000,65.06999969482422,63.40999984741211,62.55299758911133
07-06-2011,63.380001068115234,63.4900016784668,858900,64.5999984741211,64.1500015258789,63.28300094604492
08-06-2011,62.0,63.7599983215332,1206400,63.880001068115234,62.5099983215332,61.665164947509766
09-06-2011,61.40999984741211,62.84000015258789,905700,63.810001373291016,63.27000045776367,62.41490173339844
10-06-2011,61.79999923706055,62.84000015258789,958000,63.33000183105469,62.150001525878906,61.3100471496582
13-06-2011,62.5,62.52000045776367,1086300,64.2300033569336,63.08000183105469,62.22745895385742
14-06-2011,63.61000061035156,63.810001373291016,1076800,64.66000366210938,63.7599983215332,62.89825439453125
15-06-2011,61.66999816894531,62.939998626708984,1107000,63.400001525878906,62.119998931884766,61.28042221069336
16-06-2011,60.95000076293945,62.41999816894531,1178500,62.810001373291016,61.720001220703125,60.885841369628906
17-06-2011,61.90999984741211,62.29999923706055,1226500,63.130001068115234,62.599998474121094,61.75394058227539
20-06-2011,62.13999938964844,62.279998779296875,793100,63.88999938964844,63.380001068115234,62.523406982421875
21-06-2011,63.54999923706055,63.54999923706055,855700,65.30999755859375,64.52999877929688,63.657859802246094
22-06-2011,63.130001068115234,64.4000015258789,521800,64.6500015258789,63.15999984741211,62.30638122558594
23-06-2011,62.45000076293945,62.56999969482422,1370400,65.47000122070312,65.4000015258789,64.51612091064453
24-06-2011,64.13999938964844,65.4000015258789,1333500,65.80999755859375,64.33999633789062,63.47041320800781
27-06-2011,64.01000213623047,64.45999908447266,575400,65.51000213623047,64.56999969482422,63.69731521606445
28-06-2011,64.83999633789062,64.95999908447266,558700,65.94000244140625,65.48999786376953,64.60490417480469
29-06-2011,64.83999633789062,65.6500015258789,701800,65.97000122070312,65.16999816894531,64.28919219970703
30-06-2011,65.18000030517578,65.19999694824219,798600,66.2699966430664,65.47000122070312,64.58516693115234
01-07-2011,64.9000015258789,65.66999816894531,1039000,67.12000274658203,67.02999877929688,66.12405395507812
05-07-2011,66.4000015258789,67.16999816894531,931100,68.62000274658203,68.4800033569336,67.55450439453125
06-07-2011,67.87999725341797,68.33000183105469,991900,69.48999786376953,69.18000030517578,68.24501037597656
07-07-2011,69.63999938964844,69.88999938964844,1122700,71.37999725341797,70.56999969482422,69.6162338256836
08-07-2011,68.58000183105469,69.4000015258789,904100,70.11000061035156,70.08999633789062,69.14271545410156
11-07-2011,67.58000183105469,68.36000061035156,1036600,70.08000183105469,68.25,67.32756805419922
12-07-2011,67.56999969482422,68.04000091552734,1126300,68.58000183105469,67.87999725341797,66.96257781982422
13-07-2011,68.43000030517578,68.5,1755900,71.12000274658203,70.4000015258789,69.44852447509766
14-07-2011,70.91999816894531,70.98999786376953,2335700,73.31999969482422,72.80000305175781,71.81611633300781
15-07-2011,72.75,73.27999877929688,1957900,74.04000091552734,73.77999877929688,72.78282928466797
18-07-2011,72.75,73.6500015258789,1505100,74.19000244140625,73.38999938964844,72.39811706542969
19-07-2011,73.87000274658203,74.0,1425300,75.58999633789062,75.29000091552734,74.2724380493164
20-07-2011,73.1500015258789,75.1500015258789,778800,75.1500015258789,73.93000030517578,72.93082427978516
21-07-2011,74.16000366210938,74.69000244140625,1108900,75.86000061035156,75.05999755859375,74.04552459716797
22-07-2011,74.47000122070312,75.02999877929688,393400,75.36000061035156,74.66999816894531,73.66085052490234
25-07-2011,73.62000274658203,73.93000030517578,507700,74.73999786376953,74.20999908447266,73.20704650878906
26-07-2011,73.55000305175781,74.12999725341797,885400,74.88999938964844,73.68000030517578,72.6841812133789
27-07-2011,71.56999969482422,73.68000030517578,851000,73.68000030517578,71.75,70.7802963256836
28-07-2011,71.58000183105469,72.08000183105469,787500,73.4800033569336,71.77999877929688,70.80987548828125
29-07-2011,69.4800033569336,70.94999694824219,775600,72.19000244140625,71.55000305175781,70.58299255371094
01-08-2011,69.94000244140625,72.66999816894531,1613400,73.16000366210938,70.69000244140625,69.73458862304688
02-08-2011,67.44000244140625,69.88999938964844,1631700,70.81999969482422,67.54000091552734,66.6271743774414
03-08-2011,65.6500015258789,67.73999786376953,1114600,69.62000274658203,69.43000030517578,68.49165344238281
04-08-2011,62.33000183105469,67.83000183105469,2348100,68.36000061035156,62.45000076293945,61.605960845947266
05-08-2011,61.970001220703125,63.5,2461400,67.20999908447266,66.62999725341797,65.7294692993164
08-08-2011,57.06999969482422,64.30000305175781,3194000,65.06999969482422,57.93000030517578,57.147064208984375
09-08-2011,55.81999969482422,59.09000015258789,1759400,60.970001220703125,60.959999084472656,60.136104583740234
10-08-2011,59.5,59.93000030517578,1980100,63.0099983215332,59.959999084472656,59.149627685546875
11-08-2011,60.119998931884766,60.33000183105469,1397200,63.970001220703125,63.099998474121094,62.2471923828125
12-08-2011,62.310001373291016,63.61000061035156,1077700,65.02999877929688,64.56999969482422,63.69731521606445
15-08-2011,63.349998474121094,64.86000061035156,858100,66.0,64.75,63.87489700317383
16-08-2011,62.0,63.90999984741211,903000,63.970001220703125,62.65999984741211,61.84943389892578
17-08-2011,60.0,63.27000045776367,1199000,63.84000015258789,60.63999938964844,59.855552673339844
18-08-2011,54.15999984741211,58.779998779296875,2193100,58.83000183105469,54.77000045776367,54.06150817871094
19-08-2011,51.150001525878906,53.9900016784668,2174100,55.689998626708984,51.470001220703125,50.80418014526367
22-08-2011,52.27000045776367,52.79999923706055,1188900,54.189998626708984,52.72999954223633,52.047889709472656
23-08-2011,52.27000045776367,53.0,1056600,56.81999969482422,56.56999969482422,55.838218688964844
24-08-2011,56.47999954223633,57.029998779296875,1340600,59.68000030517578,59.34000015258789,58.5723876953125
25-08-2011,57.31999969482422,60.08000183105469,1265500,60.97999954223633,57.70000076293945,56.953590393066406
26-08-2011,57.040000915527344,57.36000061035156,1135900,61.59000015258789,61.08000183105469,60.28987121582031
29-08-2011,62.18000030517578,62.400001525878906,1240900,64.7699966430664,64.48999786376953,63.655757904052734
30-08-2011,62.86000061035156,64.20999908447266,1476700,65.23999786376953,64.9000015258789,64.06047058105469
31-08-2011,65.13999938964844,66.66000366210938,2272200,68.94000244140625,66.66000366210938,65.79769134521484
01-09-2011,65.95999908447266,66.91999816894531,1620600,68.73999786376953,66.4000015258789,65.54108428955078
02-09-2011,61.84000015258789,65.02999877929688,1401500,65.05000305175781,62.41999816894531,61.6125373840332
06-09-2011,58.7599983215332,60.16999816894531,1662200,61.5,60.709999084472656,59.924659729003906
07-09-2011,61.220001220703125,61.939998626708984,1757000,64.33000183105469,63.68000030517578,62.85623550415039
08-09-2011,62.849998474121094,63.060001373291016,1204400,64.95999908447266,63.220001220703125,62.40218734741211
09-09-2011,60.369998931884766,62.45000076293945,1715500,64.41000366210938,61.459999084472656,60.664955139160156
12-09-2011,59.880001068115234,60.31999969482422,1474700,63.40999984741211,62.0099983215332,61.20783996582031
13-09-2011,61.880001068115234,62.52000045776367,1214400,63.869998931884766,63.31999969482422,62.50088882446289
14-09-2011,61.97999954223633,63.72999954223633,1202000,65.80000305175781,64.5,63.66564178466797
15-09-2011,63.970001220703125,65.43000030517578,756200,65.9800033569336,65.66000366210938,64.81061553955078
16-09-2011,64.47000122070312,65.81999969482422,1232400,66.58000183105469,66.0999984741211,65.24494171142578
19-09-2011,63.810001373291016,64.62999725341797,964200,66.79000091552734,66.23999786376953,65.38311004638672
20-09-2011,65.30000305175781,66.41999816894531,1256900,67.0999984741211,65.91000366210938,65.05741119384766
21-09-2011,62.400001525878906,66.0199966430664,1463000,66.38999938964844,62.810001373291016,61.997493743896484
22-09-2011,59.400001525878906,60.36000061035156,1723600,62.470001220703125,60.900001525878906,60.11220169067383
23-09-2011,60.13999938964844,60.65999984741211,1302500,63.209999084472656,63.150001525878906,62.333091735839844
26-09-2011,61.27000045776367,63.939998626708984,882900,64.37999725341797,64.31999969482422,63.48794174194336
27-09-2011,64.86000061035156,65.83999633789062,939600,66.97000122070312,65.33999633789062,64.49473571777344
28-09-2011,63.54999923706055,65.44999694824219,782000,66.91000366210938,63.7400016784668,62.915470123291016
29-09-2011,58.529998779296875,65.26000213623047,1447700,65.26000213623047,62.209999084472656,61.40526580810547
30-09-2011,58.220001220703125,61.0099983215332,1331700,61.400001525878906,58.2400016784668,57.48661422729492
03-10-2011,55.88999938964844,57.66999816894531,1227800,59.63999938964844,56.22999954223633,55.50260925292969
04-10-2011,53.5099983215332,54.7599983215332,1900000,57.5099983215332,57.380001068115234,56.63772964477539
05-10-2011,55.59000015258789,57.529998779296875,1118300,59.91999816894531,59.400001525878906,58.63159942626953
06-10-2011,59.060001373291016,59.310001373291016,855000,61.709999084472656,61.220001220703125,60.42805862426758
07-10-2011,60.43000030517578,61.7599983215332,801300,62.68000030517578,61.36000061035156,60.56624221801758
10-10-2011,62.560001373291016,62.83000183105469,1000400,64.6500015258789,64.02999877929688,63.20170974731445
11-10-2011,63.040000915527344,63.91999816894531,916500,64.72000122070312,64.04000091552734,63.21158218383789
12-10-2011,64.95999908447266,65.11000061035156,1445800,68.7699966430664,66.7300033569336,65.86678314208984
13-10-2011,65.16000366210938,65.98999786376953,841900,66.7300033569336,66.18000030517578,65.3238754272461
14-10-2011,66.66999816894531,67.30000305175781,827700,67.95999908447266,67.83000183105469,66.95256805419922
17-10-2011,65.33999633789062,67.11000061035156,1171600,67.33999633789062,65.66000366210938,64.81061553955078
18-10-2011,62.970001220703125,65.45999908447266,938000,67.08999633789062,66.4800033569336,65.6200180053711
19-10-2011,65.19000244140625,66.54000091552734,1055800,66.80000305175781,65.83000183105469,64.97842407226562
20-10-2011,65.27999877929688,65.97000122070312,860300,67.81999969482422,67.55000305175781,66.6761703491211
21-10-2011,68.4000015258789,68.4000015258789,1316400,70.36000061035156,70.11000061035156,69.20305633544922
24-10-2011,70.76000213623047,71.0199966430664,1029000,74.02999877929688,73.1500015258789,72.20374298095703
25-10-2011,70.66000366210938,72.68000030517578,1029200,73.29000091552734,70.76000213623047,69.84465789794922
26-10-2011,69.41000366210938,71.95999908447266,1114500,72.02999877929688,70.19999694824219,69.29187774658203
27-10-2011,72.0,73.37000274658203,1738100,73.66999816894531,73.20999908447266,72.26294708251953
28-10-2011,72.62999725341797,73.0,1049700,74.83999633789062,74.7699966430664,73.80274200439453
31-10-2011,72.6500015258789,73.30999755859375,1564600,75.0999984741211,74.41000366210938,73.44743347167969
01-11-2011,70.62999725341797,71.1500015258789,1561700,74.75,74.08999633789062,73.1315689086914
02-11-2011,73.3499984741211,75.45999908447266,1381500,75.91000366210938,75.80999755859375,74.82933044433594
03-11-2011,70.5,76.04000091552734,2327300,76.04000091552734,74.61000061035156,73.64483642578125
04-11-2011,72.43000030517578,73.95999908447266,768800,74.94999694824219,74.04000091552734,73.08224487304688
07-11-2011,71.9800033569336,73.7300033569336,517800,74.66000366210938,73.23999786376953,72.29257202148438
08-11-2011,71.56999969482422,73.4800033569336,673900,74.01000213623047,73.44000244140625,72.48998260498047
09-11-2011,68.41000366210938,71.30999755859375,1205500,71.30999755859375,69.2699966430664,68.3739242553711
10-11-2011,67.61000061035156,70.04000091552734,959600,70.37999725341797,68.56999969482422,67.68295288085938
11-11-2011,69.04000091552734,69.55999755859375,557700,71.5999984741211,70.80000305175781,69.8841323852539
14-11-2011,69.8499984741211,70.45999908447266,392700,71.2699966430664,70.29000091552734,69.38070678710938
15-11-2011,69.0,70.08999633789062,777600,70.9000015258789,69.81999969482422,68.95409393310547
16-11-2011,68.25,68.80000305175781,870900,69.5199966430664,68.61000061035156,67.75909423828125
17-11-2011,65.93000030517578,68.18000030517578,1205300,68.9000015258789,66.69000244140625,65.86289978027344
18-11-2011,65.75,67.30000305175781,683300,67.4000015258789,65.80000305175781,64.98395538330078
21-11-2011,62.810001373291016,63.79999923706055,1641600,64.79000091552734,63.59000015258789,62.80134201049805
22-11-2011,63.61000061035156,63.61000061035156,1228100,66.41000366210938,65.33999633789062,64.52962493896484
23-11-2011,64.19999694824219,64.62000274658203,643600,65.52999877929688,64.94000244140625,64.13461303710938
25-11-2011,64.30000305175781,64.62000274658203,259700,65.41000366210938,64.58999633789062,63.78895950317383
28-11-2011,67.01000213623047,67.38999938964844,1165000,68.98999786376953,67.76000213623047,66.91966247558594
29-11-2011,66.2699966430664,67.45999908447266,935000,68.08000183105469,67.13999938964844,66.30732727050781
30-11-2011,67.0,69.8499984741211,1383900,70.12000274658203,67.88999938964844,67.04802703857422
01-12-2011,66.6500015258789,67.88999938964844,1640900,68.3499984741211,67.62000274658203,66.7813720703125
02-12-2011,70.08999633789062,72.25,3284400,74.13999938964844,72.77999877929688,71.87737274169922
05-12-2011,72.97000122070312,73.38999938964844,1734000,75.25,74.83000183105469,73.90196228027344
06-12-2011,74.55999755859375,74.98999786376953,924100,75.4000015258789,74.83999633789062,73.91181945800781
07-12-2011,71.7699966430664,73.98999786376953,1098600,74.44999694824219,72.69999694824219,71.79834747314453
08-12-2011,70.23999786376953,71.13999938964844,1098600,72.70999908447266,70.56999969482422,69.6948013305664
09-12-2011,69.76000213623047,70.86000061035156,1170100,72.30000305175781,71.95999908447266,71.06757354736328
12-12-2011,70.11000061035156,71.0,802600,71.4800033569336,71.19999694824219,70.31697082519531
13-12-2011,67.52999877929688,71.95999908447266,573900,71.98999786376953,68.37000274658203,67.52207946777344
14-12-2011,67.23999786376953,67.9000015258789,1000300,68.5,67.80999755859375,66.96902465820312
15-12-2011,66.95999908447266,68.62000274658203,1145500,68.9800033569336,68.83000183105469,67.9763412475586
16-12-2011,68.12000274658203,69.47000122070312,1135400,69.9000015258789,68.58000183105469,67.7294692993164
19-12-2011,67.76000213623047,69.06999969482422,643400,69.81999969482422,67.9000015258789,67.05791473388672
20-12-2011,68.16000366210938,69.01000213623047,561100,69.5,68.62000274658203,67.76898193359375
21-12-2011,66.36000061035156,66.69999694824219,2509300,68.62000274658203,68.43000030517578,67.58131408691406
22-12-2011,68.41000366210938,68.7699966430664,576200,69.45999908447266,68.58999633789062,67.73931884765625
23-12-2011,68.75,68.75,263600,70.2699966430664,70.25,69.37875366210938
27-12-2011,69.94999694824219,69.94999694824219,532700,71.76000213623047,71.19000244140625,70.30707550048828
28-12-2011,69.61000061035156,71.0,428100,71.06999969482422,69.80999755859375,68.9441909790039
29-12-2011,69.6500015258789,70.04000091552734,476200,71.18000030517578,70.58000183105469,69.70464324951172
30-12-2011,70.3499984741211,70.5999984741211,371100,71.2699966430664,70.48999786376953,69.61578369140625
03-01-2012,71.08000183105469,72.20999908447266,754000,72.51000213623047,71.22000122070312,70.33672332763672
04-01-2012,71.05000305175781,71.2300033569336,963300,73.87000274658203,73.86000061035156,72.94398498535156
05-01-2012,70.38999938964844,72.88999938964844,881400,73.2699966430664,72.68000030517578,71.77862548828125
06-01-2012,71.80000305175781,72.80000305175781,846800,73.93000030517578,73.66000366210938,72.7464599609375
09-01-2012,72.33000183105469,74.5199966430664,979600,74.76000213623047,73.80000305175781,72.88471984863281
10-01-2012,73.20999908447266,73.94000244140625,657300,74.25,74.0,73.08226776123047
11-01-2012,73.5999984741211,73.94999694824219,877200,74.4000015258789,73.9000015258789,72.9834976196289
12-01-2012,70.58999633789062,72.27999877929688,3191600,76.54000091552734,76.16999816894531,75.22532653808594
13-01-2012,74.98999786376953,75.36000061035156,1033400,77.08999633789062,75.4000015258789,74.4648666381836
17-01-2012,74.55000305175781,76.13999938964844,781500,76.37000274658203,74.98999786376953,74.0599594116211
18-01-2012,73.9800033569336,74.58999633789062,1118000,76.37999725341797,76.01000213623047,75.06732940673828
19-01-2012,75.9000015258789,76.16999816894531,893200,77.4000015258789,76.94999694824219,75.99564361572266
20-01-2012,76.27999877929688,77.0,605500,77.2699966430664,76.63999938964844,75.68949890136719
23-01-2012,75.83999633789062,76.5,802200,77.4800033569336,76.27999877929688,75.3339614868164
24-01-2012,75.91999816894531,76.16000366210938,1242400,78.37000274658203,77.94000244140625,76.97337341308594
25-01-2012,76.68000030517578,77.70999908447266,963100,77.98999786376953,77.5999984741211,76.6375961303711
26-01-2012,76.43000030517578,77.83999633789062,748400,77.95999908447266,76.94000244140625,75.98579406738281
27-01-2012,76.4800033569336,76.94999694824219,476500,77.27999877929688,76.69999694824219,75.74874114990234
30-01-2012,75.44000244140625,76.08000183105469,391600,77.18000030517578,76.62000274658203,75.66975402832031
31-01-2012,76.45999908447266,77.08000183105469,935000,77.7699966430664,77.19000244140625,76.2326889038086
01-02-2012,76.16999816894531,77.75,1224000,77.7699966430664,76.47000122070312,75.52162170410156
02-02-2012,76.1500015258789,76.75,884600,76.91999816894531,76.26000213623047,75.3142318725586
03-02-2012,76.43000030517578,77.11000061035156,968200,78.73999786376953,78.11000061035156,77.14128112792969
06-02-2012,77.36000061035156,77.87000274658203,404900,78.61000061035156,78.30999755859375,77.33877563476562
07-02-2012,77.55000305175781,78.01000213623047,625700,79.7300033569336,79.12000274658203,78.13873291015625
08-02-2012,80.2699966430664,81.47000122070312,1093000,82.94999694824219,81.05000305175781,80.0447998046875
09-02-2012,80.19999694824219,81.04000091552734,618800,81.73999786376953,81.2699966430664,80.2620620727539
10-02-2012,80.45999908447266,80.81999969482422,749000,81.45999908447266,81.30000305175781,80.29170989990234
13-02-2012,81.3499984741211,81.9800033569336,674300,82.41000366210938,82.04000091552734,81.02253723144531
14-02-2012,81.19999694824219,81.66999816894531,506000,82.51000213623047,82.37000274658203,81.34844970703125
15-02-2012,81.18000030517578,82.51000213623047,698300,82.9000015258789,81.69999694824219,80.68675231933594
16-02-2012,81.37999725341797,81.52999877929688,435700,82.94000244140625,82.12000274658203,81.1015396118164
17-02-2012,81.79000091552734,82.5,307900,82.9000015258789,82.2300033569336,81.2101821899414
21-02-2012,81.61000061035156,82.66000366210938,629400,83.5,82.26000213623047,81.23981475830078
22-02-2012,81.76000213623047,82.26000213623047,398400,82.69999694824219,82.22000122070312,81.20030212402344
23-02-2012,81.62999725341797,82.05999755859375,363300,82.68000030517578,82.16000366210938,81.14105987548828
24-02-2012,81.44000244140625,82.13999938964844,351500,82.58999633789062,82.41999816894531,81.39781951904297
27-02-2012,81.45999908447266,81.68000030517578,456800,83.80000305175781,82.94999694824219,81.9212417602539
28-02-2012,82.29000091552734,82.88999938964844,407100,83.55000305175781,83.33999633789062,82.3064193725586
29-02-2012,83.30999755859375,83.73999786376953,1007200,85.06999969482422,85.01000213623047,83.95570373535156
01-03-2012,84.6500015258789,85.4800033569336,1129900,86.72000122070312,85.55000305175781,84.489013671875
02-03-2012,84.38999938964844,85.7300033569336,800400,86.0,84.72000122070312,83.66929626464844
05-03-2012,84.13999938964844,84.70999908447266,624000,85.33999633789062,85.18000030517578,84.12358093261719
06-03-2012,82.5,83.91999816894531,581500,84.29000091552734,83.01000213623047,81.98051452636719
07-03-2012,82.87000274658203,83.33999633789062,380600,83.86000061035156,83.5,82.46443939208984
08-03-2012,83.7300033569336,83.9000015258789,571400,85.56999969482422,84.69000244140625,83.63968658447266
09-03-2012,84.66000366210938,84.7699966430664,547200,87.0,86.93000030517578,85.8519058227539
12-03-2012,86.2699966430664,86.9800033569336,460100,87.6500015258789,87.27999877929688,86.19757080078125
13-03-2012,87.01000213623047,87.7699966430664,593400,89.01000213623047,89.0,87.93449401855469
14-03-2012,87.98999786376953,89.4800033569336,588200,89.4800033569336,88.94000244140625,87.87522888183594
15-03-2012,87.97000122070312,88.66999816894531,568900,89.48999786376953,88.7300033569336,87.66770935058594
16-03-2012,88.55000305175781,90.63999938964844,1325800,90.63999938964844,89.2699966430664,88.20126342773438
19-03-2012,88.81999969482422,88.9800033569336,703900,89.97000122070312,89.0,87.93449401855469
20-03-2012,88.37000274658203,88.37000274658203,494000,89.87000274658203,89.33000183105469,88.26053619384766
21-03-2012,89.36000061035156,89.4000015258789,693100,90.11000061035156,89.52999877929688,88.4581527709961
22-03-2012,88.44999694824219,89.23999786376953,834800,90.61000061035156,89.97000122070312,88.89289093017578
23-03-2012,87.44000244140625,90.31999969482422,627100,90.31999969482422,89.55000305175781,88.47791290283203
26-03-2012,89.58999633789062,90.87999725341797,1094500,92.12999725341797,90.83000183105469,89.74259948730469
27-03-2012,89.75,90.80999755859375,1283700,90.95999908447266,89.80999755859375,88.73480987548828
28-03-2012,88.25,90.83999633789062,2551300,92.4000015258789,88.63999938964844,87.57881164550781
29-03-2012,87.3499984741211,88.37000274658203,1521500,89.9000015258789,89.48999786376953,88.41864013671875
30-03-2012,88.6500015258789,89.69000244140625,1407500,90.91000366210938,89.33000183105469,88.26053619384766
02-04-2012,89.52999877929688,90.25,1232600,92.04000091552734,91.4000015258789,90.30574035644531
03-04-2012,90.95999908447266,91.41000366210938,832400,92.41000366210938,91.7300033569336,90.63182067871094
04-04-2012,90.47000122070312,91.0199966430664,934400,92.05999755859375,91.25,90.1575698852539
05-04-2012,90.7699966430664,90.7699966430664,870400,92.80999755859375,91.87999725341797,90.78002166748047
09-04-2012,89.83000183105469,90.66999816894531,1050900,91.2300033569336,90.63999938964844,89.55487823486328
10-04-2012,86.81999969482422,90.66999816894531,1128300,90.68000030517578,87.19000244140625,86.14615631103516
11-04-2012,87.7699966430664,88.29000091552734,1187400,89.97000122070312,88.05999755859375,87.0057601928711
12-04-2012,87.7699966430664,88.44999694824219,1067300,88.80000305175781,88.5,87.44048309326172
13-04-2012,88.05000305175781,88.45999908447266,805700,89.56999969482422,89.01000213623047,87.94436645507812
16-04-2012,87.70999908447266,89.19000244140625,556000,89.69000244140625,88.5999984741211,87.53927612304688
17-04-2012,88.7300033569336,89.36000061035156,652800,90.0,89.87000274658203,88.7940902709961
18-04-2012,89.08000183105469,89.2300033569336,518200,90.33000183105469,90.0199966430664,88.9422836303711
19-04-2012,88.11000061035156,89.79000091552734,642800,90.08999633789062,88.68000030517578,87.61832427978516
20-04-2012,88.37999725341797,89.2699966430664,792400,90.0999984741211,88.5199966430664,87.46023559570312
23-04-2012,85.30999755859375,87.05000305175781,1047200,87.55999755859375,87.08000183105469,86.03749084472656
24-04-2012,86.08999633789062,87.48999786376953,926900,88.75,86.73999786376953,85.70154571533203
25-04-2012,87.45999908447266,87.7300033569336,557300,88.95999908447266,88.93000030517578,87.8653335571289
26-04-2012,88.41999816894531,88.9000015258789,559800,90.98999786376953,90.54000091552734,89.4560775756836
27-04-2012,89.73999786376953,90.7699966430664,709800,91.44999694824219,90.05999755859375,88.98179626464844
30-04-2012,88.3499984741211,89.80000305175781,763100,90.1500015258789,88.80000305175781,87.73689270019531
01-05-2012,88.43000030517578,88.7699966430664,1564000,91.08000183105469,89.62000274658203,88.54708862304688
02-05-2012,89.37000274658203,89.37000274658203,1171000,93.05999755859375,92.3499984741211,91.24440002441406
03-05-2012,90.36000061035156,92.20999908447266,1193000,92.48999786376953,90.9800033569336,89.89081573486328
04-05-2012,85.25,89.68000030517578,2039600,89.76000213623047,85.66000366210938,84.63450622558594
07-05-2012,83.76000213623047,85.11000061035156,1049400,86.0,84.08000183105469,83.07339477539062
08-05-2012,76.44000244140625,81.37999725341797,2863900,82.0,81.31999969482422,80.34645080566406
09-05-2012,79.56999969482422,80.2300033569336,1404600,81.73999786376953,81.38999938964844,80.41559600830078
10-05-2012,79.48999786376953,81.63999938964844,1238900,82.48999786376953,80.20999908447266,79.24971771240234
11-05-2012,79.30000305175781,79.70999908447266,851200,82.22000122070312,81.2300033569336,80.25750732421875
14-05-2012,78.37999725341797,78.80000305175781,853600,80.76000213623047,79.51000213623047,78.55810546875
15-05-2012,79.04000091552734,79.52999877929688,985600,80.73999786376953,79.41000366210938,78.49684143066406
16-05-2012,76.25,79.95999908447266,2274900,80.5199966430664,76.33999633789062,75.4621353149414
17-05-2012,72.58999633789062,76.44000244140625,2150000,76.73999786376953,72.69999694824219,71.86398315429688
18-05-2012,72.47000122070312,73.0199966430664,1501400,74.91000366210938,72.70999908447266,71.8738784790039
21-05-2012,73.0,73.19000244140625,1524700,76.0999984741211,75.9800033569336,75.10623168945312
22-05-2012,76.44000244140625,76.91000366210938,1864500,78.0199966430664,77.55000305175781,76.658203125
23-05-2012,74.98999786376953,77.72000122070312,2665300,78.77999877929688,77.37000274658203,76.48030853271484
24-05-2012,81.5199966430664,81.62999725341797,2954800,84.12000274658203,82.37999725341797,81.43266296386719
25-05-2012,81.83999633789062,82.69000244140625,1134800,82.98999786376953,82.45999908447266,81.51172637939453
29-05-2012,81.91999816894531,83.37000274658203,1483200,84.69000244140625,84.63999938964844,83.66668701171875
30-05-2012,82.55000305175781,83.83000183105469,1654700,83.86000061035156,83.04000091552734,82.08507537841797
31-05-2012,78.80000305175781,83.05000305175781,4214000,83.30000305175781,81.0,80.06855010986328
01-06-2012,75.33999633789062,79.61000061035156,1545300,79.61000061035156,76.47000122070312,75.59064483642578
04-06-2012,74.69999694824219,76.5,1179400,77.25,77.18000030517578,76.29246520996094
05-06-2012,76.9800033569336,77.18000030517578,1555200,79.80000305175781,79.66000366210938,78.74394989013672
06-06-2012,79.9000015258789,80.70999908447266,1031300,81.38999938964844,80.25,79.32715606689453
07-06-2012,77.83000183105469,81.61000061035156,1215400,81.61000061035156,78.79000091552734,77.88397979736328
08-06-2012,77.9000015258789,78.58999633789062,746400,79.98999786376953,79.95999908447266,79.04047393798828
11-06-2012,77.30999755859375,80.87999725341797,835400,80.93000030517578,77.45999908447266,76.56925964355469
12-06-2012,76.83999633789062,78.05999755859375,671900,79.0,78.08999633789062,77.1919937133789
13-06-2012,75.37999725341797,77.66999816894531,859100,78.18000030517578,75.94999694824219,75.07659912109375
14-06-2012,75.30999755859375,76.33000183105469,1205300,78.11000061035156,77.30999755859375,76.42096710205078
15-06-2012,77.02999877929688,77.66000366210938,1188000,79.44999694824219,79.38999938964844,78.47705078125
18-06-2012,77.55000305175781,78.63999938964844,1002100,80.43000030517578,80.18000030517578,79.25797271728516
19-06-2012,79.98999786376953,80.41000366210938,859400,82.1500015258789,80.80999755859375,79.8807144165039
20-06-2012,79.0,80.6500015258789,1097400,81.13999938964844,79.4800033569336,78.56604766845703
21-06-2012,78.8499984741211,80.26000213623047,1474600,82.23999786376953,79.45999908447266,78.54623413085938
22-06-2012,78.2699966430664,79.37999725341797,2535200,80.61000061035156,79.80000305175781,78.88236236572266
25-06-2012,77.04000091552734,78.72000122070312,741300,78.93000030517578,77.88999938964844,76.99430084228516
26-06-2012,76.51000213623047,78.19000244140625,806500,78.80999755859375,78.19000244140625,77.29084014892578
27-06-2012,77.05999755859375,78.70999908447266,656200,78.76000213623047,77.88999938964844,76.99430084228516
28-06-2012,73.91999816894531,77.22000122070312,1251000,77.4000015258789,75.31999969482422,74.4538345336914
29-06-2012,76.5,76.5199966430664,1150700,78.37999725341797,77.79000091552734,76.89545440673828
02-07-2012,77.76000213623047,78.11000061035156,491600,78.87999725341797,78.80999755859375,77.90374755859375
03-07-2012,78.13999938964844,78.70999908447266,498800,80.18000030517578,80.0999984741211,79.17890167236328
05-07-2012,79.31999969482422,80.0999984741211,1335900,82.26000213623047,82.0999984741211,81.1558837890625
06-07-2012,79.41000366210938,81.0199966430664,756900,81.7300033569336,79.68000030517578,78.76371002197266
09-07-2012,77.37000274658203,79.63999938964844,822100,80.48999786376953,77.58999633789062,76.69774627685547
10-07-2012,77.4000015258789,78.29000091552734,1053600,78.94000244140625,78.62000274658203,77.71591186523438
11-07-2012,74.44999694824219,78.5199966430664,1068200,78.5199966430664,75.5199966430664,74.65153503417969
12-07-2012,73.26000213623047,74.69999694824219,868000,74.97000122070312,74.47000122070312,73.6136474609375
13-07-2012,74.76000213623047,75.27999877929688,2414600,77.45999908447266,76.38999938964844,75.51153564453125
16-07-2012,75.01000213623047,76.36000061035156,633700,76.58999633789062,76.44000244140625,75.56098937988281
17-07-2012,75.47000122070312,76.94999694824219,709700,77.5,76.19000244140625,75.31388092041016
18-07-2012,75.43000030517578,76.1500015258789,555900,78.02999877929688,77.4000015258789,76.5099105834961
19-07-2012,77.77999877929688,78.30999755859375,858300,81.4800033569336,80.36000061035156,79.43589782714844
20-07-2012,78.37999725341797,79.62999725341797,621200,79.72000122070312,79.12999725341797,78.22003936767578
23-07-2012,76.5,77.19000244140625,475700,78.27999877929688,77.80999755859375,76.91521453857422
24-07-2012,75.56999969482422,78.23999786376953,544200,78.55999755859375,76.18000030517578,75.303955078125
25-07-2012,74.88999938964844,76.26000213623047,560500,77.08000183105469,75.45999908447266,74.59224700927734
26-07-2012,76.69999694824219,77.3499984741211,420200,78.51000213623047,78.19000244140625,77.29084014892578
27-07-2012,78.56999969482422,78.98999786376953,581000,81.13999938964844,80.91999816894531,79.98944091796875
30-07-2012,80.75,80.83999633789062,790200,82.47000122070312,81.22000122070312,80.28601837158203
31-07-2012,79.11000061035156,80.69000244140625,793600,80.86000061035156,79.43000030517578,78.51659393310547
01-08-2012,77.9000015258789,80.0,1049100,80.20999908447266,77.9800033569336,77.08329772949219
02-08-2012,74.91000366210938,77.25,1948300,78.11000061035156,75.19000244140625,74.32534790039062
03-08-2012,76.19999694824219,77.2300033569336,1698200,78.13999938964844,77.54000091552734,76.6483383178711
06-08-2012,77.37999725341797,77.44999694824219,772600,79.54000091552734,78.86000061035156,77.95316314697266
07-08-2012,80.0,80.0,2099600,84.98999786376953,84.25,83.28115844726562
08-08-2012,82.52999877929688,83.04000091552734,754600,84.66999816894531,84.54000091552734,83.5678482055664
09-08-2012,83.4800033569336,84.33000183105469,521200,84.5999984741211,84.08000183105469,83.11312103271484
10-08-2012,82.94000244140625,83.66000366210938,513300,84.33000183105469,83.83999633789062,82.87588500976562
13-08-2012,82.7300033569336,83.91000366210938,570000,84.9000015258789,84.9000015258789,83.9236831665039
14-08-2012,85.02999877929688,85.62000274658203,591500,86.0,85.2699966430664,84.28942108154297
15-08-2012,85.2699966430664,85.2699966430664,510900,87.08000183105469,86.77999877929688,85.7820816040039
16-08-2012,86.2300033569336,86.98999786376953,434600,88.16000366210938,87.55999755859375,86.5531005859375
17-08-2012,87.44000244140625,87.45999908447266,683900,89.30999755859375,89.01000213623047,87.98640441894531
20-08-2012,86.87999725341797,89.01000213623047,569400,89.01000213623047,87.19000244140625,86.18734741210938
21-08-2012,87.36000061035156,87.36000061035156,424800,88.62999725341797,87.75,86.77874755859375
22-08-2012,86.06999969482422,87.37000274658203,477200,87.75,87.4800033569336,86.51171875
23-08-2012,86.55999755859375,87.05999755859375,556400,87.54000091552734,87.06999969482422,86.10626220703125
24-08-2012,86.73999786376953,86.75,473000,88.38999938964844,87.94000244140625,86.96664428710938
27-08-2012,87.0999984741211,87.80000305175781,1016700,88.83999633789062,88.48999786376953,87.51057434082031
28-08-2012,92.44999694824219,93.16999816894531,3034100,94.73999786376953,92.7699966430664,91.7431640625
29-08-2012,92.66999816894531,93.0,960700,94.0999984741211,93.81999969482422,92.78155517578125
30-08-2012,92.52999877929688,93.18000030517578,539700,94.06999969482422,93.48999786376953,92.45520782470703
31-08-2012,92.80999755859375,94.16000366210938,597400,94.48999786376953,93.9000015258789,92.86066436767578
04-09-2012,92.51000213623047,93.7300033569336,1115600,94.69999694824219,94.37000274658203,93.32544708251953
05-09-2012,92.37999725341797,94.0,787000,94.0,93.0,91.97061920166016
06-09-2012,93.51000213623047,93.9000015258789,648300,95.05000305175781,94.55999755859375,93.51336669921875
07-09-2012,94.05000305175781,94.95999908447266,1005600,95.9800033569336,94.06999969482422,93.02880096435547
10-09-2012,93.58999633789062,94.45999908447266,938200,94.95999908447266,93.5999984741211,92.56397247314453
11-09-2012,91.69000244140625,92.54000091552734,867400,93.29000091552734,92.7300033569336,91.70364379882812
12-09-2012,92.0,93.02999877929688,610600,93.97000122070312,92.76000213623047,91.73328399658203
13-09-2012,91.69000244140625,92.6500015258789,805000,93.94999694824219,93.33999633789062,92.30686950683594
14-09-2012,93.5,93.87000274658203,715400,95.5,94.79000091552734,93.74079895019531
17-09-2012,93.72000122070312,94.37000274658203,457900,94.5999984741211,94.2699966430664,93.22659301757812
18-09-2012,90.1500015258789,93.45999908447266,1063200,93.45999908447266,91.56999969482422,90.55647277832031
19-09-2012,91.58000183105469,92.0,657500,93.02999877929688,92.30999755859375,91.28826141357422
20-09-2012,90.4800033569336,91.69000244140625,649300,92.83999633789062,92.51000213623047,91.48603820800781
21-09-2012,92.05000305175781,93.05999755859375,947100,93.45999908447266,92.62999725341797,91.60472869873047
24-09-2012,92.6500015258789,93.08999633789062,1566500,95.58999633789062,94.2699966430664,93.22659301757812
25-09-2012,92.31999969482422,94.79000091552734,1080700,95.54000091552734,92.75,91.72341918945312
26-09-2012,91.94000244140625,93.1500015258789,871600,95.41000366210938,92.58999633789062,91.56514739990234
27-09-2012,91.2699966430664,92.9000015258789,666000,94.16000366210938,93.43000030517578,92.39585876464844
28-09-2012,91.36000061035156,93.19999694824219,775700,94.19999694824219,93.72000122070312,92.68265533447266
01-10-2012,92.16000366210938,94.08999633789062,872800,95.04000091552734,92.94999694824219,91.92118072509766
02-10-2012,92.58000183105469,94.06999969482422,926400,94.5999984741211,92.91999816894531,91.89153289794922
03-10-2012,93.8499984741211,93.88999938964844,715700,95.0,94.70999908447266,93.66169738769531
04-10-2012,94.3499984741211,94.9000015258789,619900,95.87000274658203,95.83000183105469,94.7693099975586
05-10-2012,95.0,96.27999877929688,618500,96.94000244140625,95.5,94.44294738769531
08-10-2012,94.06999969482422,95.1500015258789,333100,95.97000122070312,94.45999908447266,93.41448211669922
09-10-2012,93.19000244140625,94.61000061035156,469300,95.80000305175781,93.25,92.21784973144531
10-10-2012,92.9000015258789,93.41999816894531,382700,94.31999969482422,93.19000244140625,92.15853881835938
11-10-2012,93.56999969482422,94.30000305175781,546000,94.7300033569336,94.05999755859375,93.01887512207031
12-10-2012,92.68000030517578,93.93000030517578,343500,94.5,92.75,91.72341918945312
15-10-2012,92.95999908447266,93.4000015258789,456000,95.12000274658203,94.95999908447266,93.908935546875
16-10-2012,94.69999694824219,95.11000061035156,682800,97.41999816894531,97.12000274658203,96.04503631591797
17-10-2012,97.02999877929688,97.33999633789062,1131900,98.29000091552734,98.0,96.91527557373047
18-10-2012,97.45999908447266,98.12000274658203,539600,99.05000305175781,98.30000305175781,97.21195983886719
19-10-2012,96.2300033569336,98.0999984741211,419900,98.95999908447266,96.7300033569336,95.65933227539062
22-10-2012,94.23999786376953,94.62999725341797,576100,96.7300033569336,95.41000366210938,94.35395050048828
23-10-2012,93.27999877929688,93.86000061035156,439400,95.91999816894531,94.48999786376953,93.44413757324219
24-10-2012,93.16999816894531,94.88999938964844,391800,94.91000366210938,93.87000274658203,92.83100891113281
25-10-2012,92.29000091552734,94.56999969482422,464600,95.05000305175781,93.01000213623047,91.98051452636719
26-10-2012,90.36000061035156,93.12000274658203,575600,93.52999877929688,91.5,90.48722839355469
31-10-2012,105.01000213623047,109.44999694824219,5934200,112.47000122070312,109.98999786376953,108.77254486083984
01-11-2012,108.1500015258789,109.69000244140625,3137900,115.08999633789062,114.75,113.47991180419922
02-11-2012,110.02999877929688,114.44999694824219,1769200,115.81999969482422,111.12000274658203,109.89006805419922
05-11-2012,110.66999816894531,110.93000030517578,1353000,112.62000274658203,111.37000274658203,110.13729858398438
06-11-2012,111.4000015258789,111.4000015258789,1297100,114.8499984741211,114.11000061035156,112.84695434570312
07-11-2012,111.27999877929688,112.51000213623047,894800,113.66000366210938,112.25,111.00755310058594
08-11-2012,109.91999816894531,112.61000061035156,1163800,112.61000061035156,110.20999908447266,108.99015808105469
09-11-2012,108.26000213623047,109.94999694824219,1318700,111.68000030517578,108.87999725341797,107.67484283447266
12-11-2012,108.75,108.75,773500,111.02999877929688,109.98999786376953,108.77254486083984
13-11-2012,108.44000244140625,109.08999633789062,891200,110.73999786376953,108.5999984741211,107.39796447753906
14-11-2012,106.0,109.81999969482422,908700,110.0999984741211,107.05999755859375,105.87499237060547
15-11-2012,106.2300033569336,106.69000244140625,911400,108.0,107.30999755859375,106.12224578857422
16-11-2012,106.37999725341797,107.48999786376953,671100,108.61000061035156,108.29000091552734,107.0914077758789
19-11-2012,109.61000061035156,109.80000305175781,892600,111.81999969482422,111.23999786376953,110.04633331298828
20-11-2012,109.2300033569336,111.19000244140625,910200,111.72000122070312,110.44999694824219,109.26481628417969
21-11-2012,107.91999816894531,110.05000305175781,895200,111.94999694824219,109.5999984741211,108.42394256591797
23-11-2012,109.29000091552734,109.29000091552734,458800,111.30000305175781,110.97000122070312,109.77925109863281
26-11-2012,109.7699966430664,110.4800033569336,905900,113.80999755859375,110.73999786376953,109.5517349243164
27-11-2012,108.8499984741211,110.66999816894531,1468500,112.0,109.29000091552734,108.1172866821289
28-11-2012,110.0999984741211,110.33000183105469,2617300,116.94000244140625,116.45999908447266,115.21031188964844
29-11-2012,113.12000274658203,116.63999938964844,1118600,117.22000122070312,114.83999633789062,113.60773468017578
30-11-2012,112.55999755859375,115.05999755859375,751000,115.47000122070312,114.58999633789062,113.3603744506836
03-12-2012,112.83999633789062,114.9000015258789,982000,115.7699966430664,115.08999633789062,113.85502624511719
04-12-2012,112.22000122070312,114.87999725341797,1065800,115.4000015258789,113.7300033569336,112.5096206665039
05-12-2012,110.29000091552734,113.76000213623047,1436200,114.29000091552734,111.13999938964844,109.94741821289062
06-12-2012,108.87999725341797,110.44999694824219,696500,112.44000244140625,112.18000030517578,110.97625732421875
07-12-2012,111.45999908447266,112.47000122070312,758400,113.54000091552734,112.51000213623047,111.30271911621094
10-12-2012,109.69000244140625,112.5999984741211,871000,113.20999908447266,110.55999755859375,109.37362670898438
11-12-2012,109.83999633789062,111.37999725341797,901700,111.81999969482422,110.94999694824219,109.75946807861328
12-12-2012,108.37000274658203,111.29000091552734,915900,111.5,109.37000274658203,108.19639587402344
13-12-2012,107.69999694824219,109.51000213623047,746500,110.4800033569336,108.76000213623047,107.5929183959961
14-12-2012,108.19000244140625,108.41000366210938,829700,109.41000366210938,108.36000061035156,107.19722747802734
17-12-2012,107.5999984741211,108.48999786376953,823500,110.38999938964844,110.2300033569336,109.04716491699219
18-12-2012,109.30000305175781,109.9000015258789,1066300,112.26000213623047,111.93000030517578,110.72891998291016
19-12-2012,111.73999786376953,111.80999755859375,1258800,113.5199966430664,112.47000122070312,111.26314544677734
20-12-2012,110.19999694824219,112.72000122070312,1367600,112.83999633789062,112.19000244140625,110.98612976074219
21-12-2012,109.48999786376953,109.6500015258789,1171800,111.69999694824219,109.94999694824219,108.77019500732422
24-12-2012,109.02999877929688,110.0,339900,111.20999908447266,110.55999755859375,109.37362670898438
26-12-2012,107.11000061035156,110.5999984741211,881100,110.75,107.80000305175781,106.64326477050781
27-12-2012,107.29000091552734,108.1500015258789,481600,110.0,109.20999908447266,108.03810119628906
28-12-2012,107.7300033569336,108.55000305175781,518800,110.0,108.22000122070312,107.05872344970703
31-12-2012,107.94999694824219,107.94999694824219,875000,111.88999938964844,111.01000213623047,109.81880187988281
02-01-2013,109.7699966430664,113.30000305175781,969400,113.83000183105469,111.80000305175781,110.60032653808594
03-01-2013,110.86000061035156,111.43000030517578,879800,113.9000015258789,113.69999694824219,112.4799575805664
04-01-2013,113.69000244140625,114.04000091552734,804300,115.98999786376953,115.66000366210938,114.4189224243164
07-01-2013,115.33000183105469,115.81999969482422,1244400,117.5199966430664,117.04000091552734,115.78409576416016
08-01-2013,116.55000305175781,116.7699966430664,738800,117.8499984741211,117.83000183105469,116.56563568115234
09-01-2013,118.06999969482422,118.47000122070312,984900,119.37000274658203,118.45999908447266,117.18883514404297
10-01-2013,116.8499984741211,119.36000061035156,877500,119.36000061035156,117.80999755859375,116.54583740234375
11-01-2013,116.16999816894531,117.9800033569336,431300,118.16999816894531,117.47000122070312,116.20948791503906
14-01-2013,115.91999816894531,117.33999633789062,677300,118.29000091552734,117.73999786376953,116.47657775878906
15-01-2013,116.0,116.0,585900,119.62000274658203,119.44999694824219,118.16825103759766
16-01-2013,117.18000030517578,118.95999908447266,694400,119.26000213623047,118.36000061035156,117.08992004394531
17-01-2013,115.45999908447266,115.45999908447266,999400,119.91999816894531,118.97000122070312,117.69340515136719
18-01-2013,115.80999755859375,117.3499984741211,747800,118.2699966430664,118.0199966430664,116.75360107421875
22-01-2013,117.2300033569336,118.47000122070312,922300,118.86000061035156,117.5999984741211,116.33808898925781
23-01-2013,115.27999877929688,116.0,908100,117.81999969482422,117.56999969482422,116.30841827392578
24-01-2013,116.55999755859375,117.86000061035156,587300,118.88999938964844,118.69000244140625,117.41639709472656
25-01-2013,118.2699966430664,118.68000030517578,848700,121.26000213623047,120.86000061035156,119.56309509277344
28-01-2013,119.54000091552734,121.0,419300,121.19999694824219,120.0999984741211,118.81127166748047
29-01-2013,119.11000061035156,120.58000183105469,561000,120.75,119.8499984741211,118.56395721435547
30-01-2013,117.75,119.73999786376953,715500,119.94000244140625,118.27999877929688,117.01079559326172
31-01-2013,117.01000213623047,118.02999877929688,589900,119.38999938964844,118.87000274658203,117.59445190429688
01-02-2013,115.88999938964844,118.95999908447266,1422400,119.56999969482422,116.26000213623047,115.01248168945312
04-02-2013,114.91999816894531,115.56999969482422,1225200,117.68000030517578,116.12999725341797,114.88385009765625
05-02-2013,115.72000122070312,116.7699966430664,917100,117.30999755859375,116.41000366210938,115.16087341308594
06-02-2013,117.43000030517578,117.7300033569336,1152200,122.68000030517578,121.37999725341797,120.0775146484375
07-02-2013,119.69000244140625,121.22000122070312,1062500,122.97000122070312,122.81999969482422,121.50208282470703
08-02-2013,122.30999755859375,124.02999877929688,698000,124.52999877929688,122.47000122070312,121.15583038330078
11-02-2013,118.63999938964844,122.0999984741211,1233600,122.26000213623047,119.5,118.21772003173828
12-02-2013,119.22000122070312,120.06999969482422,1251600,121.63999938964844,120.72000122070312,119.42463684082031
13-02-2013,119.70999908447266,120.86000061035156,17444200,121.72000122070312,120.48999786376953,119.19705963134766
14-02-2013,119.4000015258789,119.9800033569336,1457700,121.05999755859375,120.30000305175781,119.00910949707031
15-02-2013,119.05000305175781,120.06999969482422,1561000,121.43000030517578,120.0999984741211,118.81127166748047
19-02-2013,119.81999969482422,120.5999984741211,1302100,121.22000122070312,121.13999938964844,119.84012603759766
20-02-2013,118.11000061035156,121.68000030517578,956000,122.0,118.38999938964844,117.1196060180664
21-02-2013,116.94999694824219,118.30000305175781,1279300,118.63999938964844,117.80000305175781,116.53593444824219
22-02-2013,117.79000091552734,118.18000030517578,1202400,119.05999755859375,118.88999938964844,117.61425018310547
25-02-2013,117.36000061035156,120.04000091552734,1155700,120.12999725341797,117.36000061035156,116.10069274902344
26-02-2013,116.94000244140625,118.12999725341797,1160700,120.0199966430664,119.79000091552734,118.50460052490234
27-02-2013,119.29000091552734,119.9000015258789,1116500,121.6500015258789,120.70999908447266,119.41470336914062
28-02-2013,120.26000213623047,120.41999816894531,1176700,122.33000183105469,121.8499984741211,120.54248046875
01-03-2013,121.12999725341797,121.48999786376953,853000,122.81999969482422,122.05999755859375,120.75022888183594
04-03-2013,121.62999725341797,121.76000213623047,716700,123.91000366210938,123.87999725341797,122.5506820678711
05-03-2013,123.95999908447266,124.69999694824219,682800,125.44000244140625,125.06999969482422,123.72794342041016
06-03-2013,122.51000213623047,124.77999877929688,826700,125.5,122.72000122070312,121.40314483642578
07-03-2013,122.76000213623047,123.08999633789062,880200,124.37000274658203,124.08000183105469,122.74855041503906
08-03-2013,122.45999908447266,124.20999908447266,951900,124.51000213623047,123.27999877929688,121.9571533203125
11-03-2013,120.41000366210938,123.20999908447266,1079800,123.23999786376953,120.91999816894531,119.6224594116211
12-03-2013,116.5999984741211,118.05999755859375,1324300,118.81999969482422,118.01000213623047,116.7436752319336
13-03-2013,117.66000366210938,118.37000274658203,905000,119.93000030517578,119.5,118.21772003173828
14-03-2013,118.27999877929688,119.31999969482422,798200,119.68000030517578,118.72000122070312,117.4460678100586
15-03-2013,117.87000274658203,118.18000030517578,1515000,119.69000244140625,117.97000122070312,116.70411682128906
18-03-2013,115.79000091552734,117.54000091552734,1115800,117.72000122070312,116.05999755859375,114.81461334228516
19-03-2013,113.9000015258789,116.26000213623047,1038500,116.26000213623047,114.26000213623047,113.03394317626953
20-03-2013,112.2699966430664,114.80000305175781,1343700,114.98999786376953,112.73999786376953,111.53024291992188
21-03-2013,111.12000274658203,111.5199966430664,958400,113.16999816894531,111.83000183105469,110.66631317138672
22-03-2013,111.56999969482422,112.16999816894531,860800,113.2699966430664,111.86000061035156,110.69600677490234
25-03-2013,111.91000366210938,112.0,984500,113.3499984741211,113.19999694824219,112.02205657958984
26-03-2013,112.55000305175781,113.37000274658203,943400,114.06999969482422,113.94000244140625,112.75436401367188
27-03-2013,111.62000274658203,112.9800033569336,1623700,113.23999786376953,112.79000091552734,111.61634063720703
28-03-2013,106.61000061035156,109.27999877929688,4921300,110.66999816894531,106.80999755859375,105.69855499267578
01-04-2013,104.22000122070312,106.54000091552734,1626900,108.0,106.19999694824219,105.09489440917969
02-04-2013,105.47000122070312,106.9000015258789,1294600,107.11000061035156,105.94000244140625,104.83761596679688
03-04-2013,104.87000274658203,105.8499984741211,1551700,106.1500015258789,105.08000183105469,103.98656463623047
04-04-2013,104.02999877929688,105.01000213623047,1522500,105.5999984741211,104.81999969482422,103.72926330566406
05-04-2013,102.72000122070312,103.5199966430664,1455400,108.02999877929688,107.77999877929688,106.65847778320312
08-04-2013,106.5199966430664,107.29000091552734,833000,108.27999877929688,108.26000213623047,107.13346862792969
09-04-2013,106.36000061035156,108.12999725341797,881300,108.12999725341797,107.77999877929688,106.65847778320312
10-04-2013,107.06999969482422,108.0,888500,109.47000122070312,109.41000366210938,108.2715072631836
11-04-2013,109.4000015258789,109.62000274658203,1379000,112.75,111.43000030517578,110.27050018310547
12-04-2013,109.4800033569336,110.86000061035156,752000,110.98999786376953,109.7300033569336,108.58816528320312
15-04-2013,104.80999755859375,108.80000305175781,1263500,109.29000091552734,104.91000366210938,103.81832885742188
16-04-2013,104.01000213623047,105.9000015258789,1150000,106.55999755859375,106.55000305175781,105.44126892089844
17-04-2013,104.63999938964844,105.97000122070312,1034300,106.37999725341797,104.75,103.65999603271484
18-04-2013,103.30000305175781,105.0199966430664,924000,105.83999633789062,103.8499984741211,102.76936340332031
19-04-2013,104.18000030517578,104.37000274658203,770000,106.13999938964844,106.08000183105469,104.9761734008789
22-04-2013,105.37999725341797,106.19999694824219,613500,106.95999908447266,106.43000030517578,105.3225326538086
23-04-2013,107.30000305175781,107.51000213623047,896800,109.4000015258789,109.36000061035156,108.22201538085938
24-04-2013,108.9000015258789,109.36000061035156,863100,110.48999786376953,109.45999908447266,108.32097625732422
25-04-2013,109.66000366210938,109.94000244140625,739000,111.45999908447266,111.3499984741211,110.19129943847656
26-04-2013,110.12999725341797,111.20999908447266,834600,111.79000091552734,111.5999984741211,110.43871307373047
29-04-2013,112.41000366210938,112.61000061035156,1137700,115.94999694824219,114.3499984741211,113.16011047363281
30-04-2013,113.61000061035156,115.5,1411700,116.5,115.41000366210938,114.20907592773438
01-05-2013,114.26000213623047,115.45999908447266,796300,116.19999694824219,115.05000305175781,113.85282135009766
02-05-2013,113.44999694824219,115.20999908447266,693800,115.20999908447266,114.51000213623047,113.31845092773438
03-05-2013,115.5199966430664,115.87000274658203,539100,116.93000030517578,115.75,114.54553985595703
06-05-2013,115.0,115.76000213623047,525700,116.3499984741211,115.38999938964844,114.18927001953125
07-05-2013,115.68000030517578,116.0999984741211,561600,118.55000305175781,117.93000030517578,116.70285034179688
08-05-2013,117.37999725341797,117.69000244140625,439800,119.23999786376953,119.19999694824219,117.95964813232422
09-05-2013,117.62999725341797,118.93000030517578,799100,119.23999786376953,118.38999938964844,117.1580810546875
10-05-2013,118.27999877929688,118.4800033569336,580300,119.68000030517578,119.41999816894531,118.17733764648438
13-05-2013,117.7300033569336,119.0,461900,119.91000366210938,118.33999633789062,117.10858154296875
14-05-2013,117.41000366210938,118.0999984741211,864400,120.19999694824219,119.41000366210938,118.16746520996094
15-05-2013,117.97000122070312,119.0,1001900,120.19000244140625,118.0199966430664,116.79190826416016
16-05-2013,117.44999694824219,117.98999786376953,773300,119.1500015258789,118.04000091552734,116.81170654296875
17-05-2013,117.91999816894531,118.19000244140625,673800,120.37999725341797,120.27999877929688,119.02839660644531
20-05-2013,119.19000244140625,119.94000244140625,503700,120.58000183105469,119.30999755859375,118.10480499267578
21-05-2013,119.26000213623047,119.83999633789062,434900,120.41999816894531,119.48999786376953,118.28300476074219
22-05-2013,116.69999694824219,119.5,424700,120.2300033569336,116.9800033569336,115.79837036132812
23-05-2013,114.76000213623047,114.91000366210938,874800,118.33000183105469,116.91000366210938,115.72905731201172
24-05-2013,115.20999908447266,115.88999938964844,490800,116.26000213623047,115.73999786376953,114.57087707519531
28-05-2013,115.66000366210938,117.38999938964844,622900,118.51000213623047,116.16000366210938,114.98664855957031
29-05-2013,114.38999938964844,115.5,376700,116.11000061035156,115.2300033569336,114.06603240966797
30-05-2013,114.88999938964844,115.29000091552734,369100,116.48999786376953,115.9800033569336,114.80846405029297
31-05-2013,115.19000244140625,116.0,437100,117.44000244140625,115.19000244140625,114.02643585205078
03-06-2013,112.48999786376953,115.30999755859375,556400,115.30999755859375,114.06999969482422,112.917724609375
04-06-2013,111.73999786376953,111.83999633789062,807600,115.05999755859375,112.54000091552734,111.40322875976562
05-06-2013,111.01000213623047,112.37999725341797,451400,113.02999877929688,111.18000030517578,110.05696105957031
06-06-2013,110.12000274658203,111.33000183105469,773900,112.0,111.93000030517578,110.79936981201172
07-06-2013,112.48999786376953,113.1500015258789,632100,113.9000015258789,113.69999694824219,112.55149841308594
10-06-2013,112.86000061035156,113.86000061035156,795500,114.06999969482422,113.37999725341797,112.2347412109375
11-06-2013,107.08999633789062,107.73999786376953,843300,112.19999694824219,111.19999694824219,110.07675170898438
12-06-2013,110.31999969482422,111.72000122070312,1373600,112.19999694824219,111.27999877929688,110.15592956542969
13-06-2013,120.25,121.4800033569336,3068600,123.19999694824219,122.5999984741211,121.36157989501953
14-06-2013,120.5,121.88999938964844,1463200,123.87000274658203,123.27999877929688,122.03472137451172
17-06-2013,123.55999755859375,123.70999908447266,1209900,126.19999694824219,125.19000244140625,123.92543029785156
18-06-2013,124.45999908447266,125.30999755859375,852500,126.2699966430664,126.26000213623047,124.98462677001953
19-06-2013,125.2300033569336,126.12999725341797,702600,126.98999786376953,125.2300033569336,123.96502685546875
20-06-2013,119.51000213623047,123.54000091552734,779100,123.62999725341797,120.31999969482422,119.10462951660156
21-06-2013,118.0999984741211,121.2300033569336,1683200,121.58000183105469,121.0,119.77774047851562
24-06-2013,118.5,121.0,1031900,122.55999755859375,121.12999725341797,119.90642547607422
25-06-2013,121.12000274658203,122.23999786376953,893900,123.81999969482422,123.41999816894531,122.17332458496094
26-06-2013,123.61000061035156,125.30999755859375,756300,125.9000015258789,124.1500015258789,122.89593505859375
27-06-2013,124.23999786376953,124.30000305175781,616100,125.6500015258789,125.01000213623047,123.74725341796875
28-06-2013,124.23999786376953,124.54000091552734,981600,126.38999938964844,125.05000305175781,123.7868423461914
01-07-2013,126.29000091552734,126.6500015258789,704100,128.5800018310547,126.91000366210938,125.6280517578125
02-07-2013,125.05000305175781,126.56999969482422,653700,127.80999755859375,125.58000183105469,124.31148529052734
03-07-2013,124.08999633789062,124.30999755859375,266300,126.62999725341797,126.04000091552734,124.7668685913086
05-07-2013,125.81999969482422,126.70999908447266,422400,127.27999877929688,126.86000061035156,125.57856750488281
08-07-2013,127.06999969482422,127.5,509900,128.5,128.27999877929688,126.98419952392578
09-07-2013,128.5500030517578,129.0,710700,130.9499969482422,130.86000061035156,129.53814697265625
10-07-2013,130.14999389648438,130.63999938964844,682400,132.07000732421875,131.94000244140625,130.60723876953125
11-07-2013,130.82000732421875,133.6199951171875,849400,133.74000549316406,131.47999572753906,130.15191650390625
12-07-2013,130.07000732421875,131.42999267578125,670600,132.17999267578125,131.17999267578125,129.8549346923828
15-07-2013,130.25999450683594,131.4199981689453,681000,132.0399932861328,130.61000061035156,129.29067993164062
16-07-2013,127.55000305175781,130.57000732421875,824200,130.75,128.0399932861328,126.74662780761719
17-07-2013,126.88999938964844,128.57000732421875,611200,128.94000244140625,127.31999969482422,126.03388214111328
18-07-2013,127.37000274658203,127.55000305175781,426300,129.67999267578125,129.41000366210938,128.1028289794922
19-07-2013,128.10000610351562,129.3800048828125,431900,129.9199981689453,129.64999389648438,128.34036254882812
22-07-2013,129.4600067138672,129.4600067138672,664700,130.52999877929688,130.0,128.6868438720703
23-07-2013,128.69000244140625,130.25,718200,131.05999755859375,130.94000244140625,129.6173095703125
24-07-2013,130.72000122070312,131.1699981689453,991800,131.99000549316406,131.1999969482422,129.8746795654297
25-07-2013,130.47999572753906,130.9199981689453,773100,133.27000427246094,132.39999389648438,131.06259155273438
26-07-2013,131.0,131.1699981689453,423100,132.25999450683594,132.16000366210938,130.8250274658203
29-07-2013,131.55999755859375,132.25,412000,132.8699951171875,131.9600067138672,130.62701416015625
30-07-2013,131.3800048828125,132.36000061035156,315400,133.33999633789062,132.14999389648438,130.81512451171875
31-07-2013,131.7100067138672,132.9199981689453,459200,133.66000366210938,131.7899932861328,130.458740234375
01-08-2013,133.17999267578125,133.50999450683594,530800,134.75999450683594,134.38999938964844,133.03250122070312
02-08-2013,132.30999755859375,134.10000610351562,479300,134.97999572753906,133.60000610351562,132.2505340576172
05-08-2013,131.9600067138672,133.2899932861328,579000,134.57000732421875,133.72999572753906,132.379150390625
06-08-2013,131.0,134.0500030517578,628000,134.0500030517578,132.50999450683594,131.1714630126953
07-08-2013,128.72000122070312,130.44000244140625,873200,132.41000366210938,130.00999450683594,128.6967010498047
08-08-2013,129.69000244140625,131.02000427246094,516000,131.36000061035156,129.82000732421875,128.50869750976562
09-08-2013,129.0500030517578,129.72000122070312,316900,131.1300048828125,130.02999877929688,128.716552734375
12-08-2013,129.55999755859375,130.0500030517578,486000,133.60000610351562,132.6300048828125,131.29026794433594
13-08-2013,131.2100067138672,132.41000366210938,549900,133.36000061035156,131.92999267578125,130.59730529785156
14-08-2013,128.5500030517578,131.7899932861328,809000,132.58999633789062,128.5800018310547,127.28118896484375
15-08-2013,125.94999694824219,127.58000183105469,589600,128.55999755859375,126.81999969482422,125.5389633178711
16-08-2013,126.19999694824219,126.30999755859375,527700,128.00999450683594,127.05000305175781,125.76663970947266
19-08-2013,125.70999908447266,126.61000061035156,444600,128.08999633789062,125.81999969482422,124.54905700683594
20-08-2013,125.62000274658203,125.91000366210938,566600,130.25999450683594,129.38999938964844,128.08302307128906
21-08-2013,128.8000030517578,129.02000427246094,749100,131.19000244140625,130.25999450683594,128.94418334960938
22-08-2013,129.7100067138672,130.52000427246094,508300,131.0,130.8699951171875,129.54803466796875
23-08-2013,129.1199951171875,130.88999938964844,534400,131.0,130.47000122070312,129.15208435058594
26-08-2013,129.08999633789062,130.2899932861328,575200,130.72000122070312,129.32000732421875,128.050048828125
27-08-2013,127.52999877929688,127.56999969482422,613900,130.05999755859375,128.00999450683594,126.75287628173828
28-08-2013,126.62999725341797,127.81999969482422,358900,128.57000732421875,127.41000366210938,126.1587905883789
29-08-2013,127.11000061035156,127.16999816894531,338700,129.4499969482422,128.92999267578125,127.66382598876953
30-08-2013,127.95999908447266,129.00999450683594,375900,129.44000244140625,128.75,127.48560333251953
03-09-2013,128.60000610351562,130.41000366210938,309600,130.91000366210938,129.33999633789062,128.06982421875
04-09-2013,129.16000366210938,129.27000427246094,651400,131.10000610351562,130.50999450683594,129.22833251953125
05-09-2013,128.9600067138672,130.75999450683594,791600,131.0,129.3000030517578,128.03021240234375
06-09-2013,127.62999725341797,129.89999389648438,851200,130.9499969482422,129.97000122070312,128.69366455078125
09-09-2013,129.27999877929688,130.3000030517578,1211200,132.2899932861328,132.11000061035156,130.8126220703125
10-09-2013,122.7699966430664,127.04000091552734,4137000,128.0,124.66000366210938,123.43577575683594
11-09-2013,121.1500015258789,124.44000244140625,1906000,124.73999786376953,122.80000305175781,121.59405517578125
12-09-2013,121.06999969482422,122.51000213623047,1163300,123.83000183105469,123.76000213623047,122.54463195800781
13-09-2013,123.76000213623047,124.3499984741211,682600,124.94000244140625,124.44999694824219,123.22786712646484
16-09-2013,123.51000213623047,125.52999877929688,771200,125.91999816894531,123.73999786376953,122.5248031616211
17-09-2013,122.43000030517578,123.91999816894531,978700,124.56999969482422,122.70999908447266,121.50494384765625
18-09-2013,122.7699966430664,122.93000030517578,810500,126.7300033569336,126.44000244140625,125.19831848144531
19-09-2013,126.38999938964844,126.52999877929688,719500,128.00999450683594,127.0,125.75279235839844
20-09-2013,125.02999877929688,127.0,817000,127.02999877929688,125.08999633789062,123.86153411865234
23-09-2013,121.33000183105469,123.98999786376953,1135200,124.36000061035156,122.56999969482422,121.36629486083984
24-09-2013,121.41000366210938,122.25,1423200,124.05999755859375,123.0999984741211,121.89109802246094
25-09-2013,119.41999816894531,122.87999725341797,1386300,123.2300033569336,119.75,118.57402038574219
26-09-2013,119.37000274658203,120.18000030517578,889900,121.33000183105469,119.80999755859375,118.6334228515625
27-09-2013,116.91000366210938,119.55999755859375,1489100,119.55999755859375,118.51000213623047,117.34619140625
30-09-2013,116.63999938964844,117.44000244140625,1076600,119.2699966430664,118.69000244140625,117.5244140625
01-10-2013,115.12000274658203,118.36000061035156,1702000,118.86000061035156,115.20999908447266,114.07859802246094
02-10-2013,114.5199966430664,115.16999816894531,1436900,117.62999725341797,117.55000305175781,116.39559173583984
03-10-2013,120.20999908447266,121.19000244140625,3002900,125.79000091552734,122.69000244140625,121.48513793945312
04-10-2013,121.33000183105469,122.69000244140625,1469400,124.26000213623047,123.94999694824219,122.7327651977539
07-10-2013,121.5199966430664,123.05999755859375,893600,123.1500015258789,121.7300033569336,120.5345687866211
08-10-2013,117.5999984741211,121.58000183105469,1265000,121.8499984741211,117.69000244140625,116.53424072265625
09-10-2013,115.62999725341797,117.69999694824219,969300,118.52999877929688,117.97000122070312,116.81147766113281
10-10-2013,118.7699966430664,119.37999725341797,653900,120.05000305175781,119.87999725341797,118.70272827148438
11-10-2013,118.20999908447266,119.58999633789062,517500,119.98999786376953,118.91999816894531,117.75215911865234
14-10-2013,117.58000183105469,118.73999786376953,418800,119.2300033569336,119.04000091552734,117.8709945678711
15-10-2013,117.44000244140625,118.91000366210938,866900,119.41000366210938,119.12999725341797,117.96011352539062
16-10-2013,119.33000183105469,119.52999877929688,1005900,122.3499984741211,120.83999633789062,119.6532974243164
17-10-2013,119.9000015258789,120.11000061035156,480400,121.19999694824219,120.19999694824219,119.01959228515625
18-10-2013,120.66000366210938,121.05000305175781,813700,122.55000305175781,122.41999816894531,121.21778106689453
21-10-2013,121.97000122070312,122.66999816894531,1001000,123.19000244140625,123.1500015258789,121.94060516357422
22-10-2013,122.51000213623047,123.08999633789062,969400,124.62000274658203,122.94999694824219,121.74259185791016
23-10-2013,121.0199966430664,122.51000213623047,814700,122.97000122070312,121.36000061035156,120.168212890625
24-10-2013,118.9000015258789,121.36000061035156,1279000,122.38999938964844,119.05000305175781,117.88088989257812
25-10-2013,118.38999938964844,119.52999877929688,865000,119.87000274658203,118.55000305175781,117.38581848144531
28-10-2013,118.31999969482422,118.55000305175781,822400,121.72000122070312,120.88999938964844,119.70280456542969
29-10-2013,120.80000305175781,121.41000366210938,852200,123.33999633789062,123.2300033569336,122.01984405517578
30-10-2013,123.4000015258789,123.66000366210938,1116600,127.16000366210938,124.75,123.52490234375
31-10-2013,123.5199966430664,124.4000015258789,638700,125.37000274658203,124.56999969482422,123.3466567993164
01-11-2013,124.02999877929688,124.83999633789062,511100,125.70999908447266,124.52999877929688,123.30706024169922
04-11-2013,124.95999908447266,125.2300033569336,398300,126.06999969482422,125.68000030517578,124.44577026367188
05-11-2013,124.68000030517578,125.54000091552734,492700,125.63999938964844,124.83999633789062,123.61402893066406
06-11-2013,124.9000015258789,125.94000244140625,607000,126.54000091552734,126.06999969482422,124.83196258544922
07-11-2013,124.44999694824219,126.94999694824219,492000,127.29000091552734,124.63999938964844,123.41597747802734
08-11-2013,124.41000366210938,124.45999908447266,373600,125.6500015258789,125.56999969482422,124.33683776855469
11-11-2013,125.5,125.91999816894531,380600,127.11000061035156,126.80999755859375,125.56468200683594
12-11-2013,125.76000213623047,126.98999786376953,465800,127.44999694824219,127.19000244140625,125.94095611572266
13-11-2013,127.48999786376953,128.32000732421875,1470900,133.58999633789062,132.89999389648438,131.59486389160156
14-11-2013,131.47000122070312,132.74000549316406,668700,133.8300018310547,133.42999267578125,132.11962890625
15-11-2013,131.94000244140625,133.5,488400,133.77999877929688,133.0500030517578,131.743408203125
18-11-2013,131.47000122070312,133.57000732421875,583500,134.14999389648438,132.02999877929688,130.76980590820312
19-11-2013,131.25,131.6999969482422,320400,133.05999755859375,131.7100067138672,130.4528350830078
20-11-2013,130.10000610351562,132.85000610351562,512200,132.85000610351562,130.7100067138672,129.46240234375
21-11-2013,130.82000732421875,131.32000732421875,393100,131.61000061035156,131.27000427246094,130.01702880859375
22-11-2013,131.1699981689453,131.6300048828125,695800,132.99000549316406,132.00999450683594,130.7499542236328
25-11-2013,131.9499969482422,132.52999877929688,718300,133.74000549316406,132.8000030517578,131.532470703125
26-11-2013,133.0,133.1999969482422,693600,135.25999450683594,134.49000549316406,133.206298828125
27-11-2013,133.5800018310547,134.3800048828125,326900,135.42999267578125,134.83999633789062,133.5529327392578
29-11-2013,133.14999389648438,134.7100067138672,243600,135.19000244140625,133.9199981689453,132.64175415039062
02-12-2013,131.25999450683594,133.6699981689453,699100,133.75999450683594,132.0,130.7400360107422
03-12-2013,131.1999969482422,131.52999877929688,577600,133.35000610351562,131.9199981689453,130.6608428955078
04-12-2013,130.47000122070312,132.0,611300,132.86000061035156,132.11000061035156,130.84901428222656
05-12-2013,129.77999877929688,129.77999877929688,589000,131.58999633789062,130.75999450683594,129.51193237304688
06-12-2013,129.42999267578125,132.57000732421875,1072900,132.72000122070312,130.11000061035156,128.8681182861328
09-12-2013,127.27999877929688,130.2100067138672,1862300,130.6999969482422,127.43000030517578,126.21370697021484
10-12-2013,125.72000122070312,125.72000122070312,2673500,134.3300018310547,131.8699951171875,130.611328125
11-12-2013,130.41000366210938,132.14999389648438,1240300,133.91000366210938,130.69000244140625,129.4425506591797
12-12-2013,127.93000030517578,130.0,1243000,130.16000366210938,128.0,126.77825164794922
13-12-2013,126.97000122070312,128.38999938964844,743000,129.1699981689453,129.05999755859375,127.82811737060547
16-12-2013,129.82000732421875,130.66000366210938,1247800,131.4199981689453,130.47999572753906,129.23458862304688
17-12-2013,130.38999938964844,130.8000030517578,1006000,132.30999755859375,131.41000366210938,130.1556854248047
18-12-2013,130.0,131.07000732421875,832800,132.74000549316406,132.6300048828125,131.36404418945312
19-12-2013,130.89999389648438,132.52999877929688,1070500,134.64999389648438,130.97999572753906,129.7297821044922
20-12-2013,130.75,131.6699981689453,1031500,131.7899932861328,130.8800048828125,129.63079833984375
23-12-2013,132.0,132.0,810200,134.72000122070312,134.38999938964844,133.10723876953125
24-12-2013,133.5,134.4499969482422,209500,134.9499969482422,134.44000244140625,133.15676879882812
26-12-2013,134.02000427246094,134.4199981689453,352300,136.32000732421875,134.97000122070312,133.68173217773438
27-12-2013,134.05999755859375,134.7899932861328,321000,135.52999877929688,134.5,133.21621704101562
30-12-2013,133.5399932861328,134.3800048828125,349500,135.08999633789062,134.69000244140625,133.40438842773438
31-12-2013,134.44000244140625,134.72999572753906,437600,136.30999755859375,136.02000427246094,134.72169494628906
02-01-2014,135.49000549316406,135.75999450683594,817700,137.66000366210938,136.5800018310547,135.27633666992188
03-01-2014,136.4499969482422,136.58999633789062,616100,138.94000244140625,137.6199951171875,136.306396484375
06-01-2014,135.1699981689453,137.60000610351562,834600,137.99000549316406,135.35000610351562,134.05810546875
07-01-2014,134.36000061035156,136.1199951171875,378400,136.4499969482422,135.07000732421875,133.78079223632812
08-01-2014,131.77000427246094,135.2899932861328,956900,135.57000732421875,132.3000030517578,131.03720092773438
09-01-2014,131.6699981689453,133.0500030517578,883800,133.60000610351562,133.02000427246094,131.75033569335938
10-01-2014,130.97999572753906,133.0,1038600,133.47000122070312,132.1300048828125,130.8688507080078
13-01-2014,129.41000366210938,132.0,1100200,132.6999969482422,129.5500030517578,128.31344604492188
14-01-2014,126.1500015258789,129.61000061035156,1714800,130.22000122070312,126.5,125.29259490966797
15-01-2014,125.2699966430664,125.98999786376953,1262700,127.13999938964844,126.87999725341797,125.66893768310547
16-01-2014,124.04000091552734,126.18000030517578,1058600,126.30000305175781,125.13999938964844,123.94554901123047
17-01-2014,123.61000061035156,125.56999969482422,784300,126.13999938964844,123.80000305175781,122.61833190917969
21-01-2014,122.08000183105469,123.87999725341797,867600,124.54000091552734,122.19999694824219,121.0335922241211
22-01-2014,121.26000213623047,122.04000091552734,683700,123.44999694824219,122.91000366210938,121.73683166503906
23-01-2014,120.25,122.1500015258789,1043900,122.54000091552734,121.38999938964844,120.23133850097656
24-01-2014,120.55000305175781,120.58999633789062,961200,122.19000244140625,120.80999755859375,119.65687561035156
27-01-2014,120.7300033569336,120.91000366210938,980700,122.2300033569336,121.16000366210938,120.00353240966797
28-01-2014,120.80000305175781,121.0199966430664,749200,123.0,122.2300033569336,121.06332397460938
29-01-2014,119.80999755859375,121.06999969482422,1404900,122.27999877929688,120.5,119.3498306274414
30-01-2014,121.25,121.73999786376953,929300,122.38999938964844,121.44999694824219,120.29075622558594
31-01-2014,119.69999694824219,119.80999755859375,773300,121.2300033569336,120.87000274658203,119.71630859375
03-02-2014,115.62999725341797,120.63999938964844,1534600,120.6500015258789,116.58999633789062,115.47713470458984
04-02-2014,116.44999694824219,117.08000183105469,826500,119.02999877929688,116.72000122070312,115.60590362548828
05-02-2014,114.79000091552734,116.72000122070312,1236800,117.58999633789062,117.1500015258789,116.03179931640625
06-02-2014,117.04000091552734,117.33999633789062,1051200,121.4800033569336,120.69999694824219,119.54793548583984
07-02-2014,121.41000366210938,121.58000183105469,900900,123.7699966430664,121.86000061035156,120.69686126708984
10-02-2014,119.08999633789062,121.62999725341797,878300,122.06999969482422,120.77999877929688,119.62716674804688
11-02-2014,119.05999755859375,120.80000305175781,1468000,121.19000244140625,120.31999969482422,119.17156219482422
12-02-2014,117.19999694824219,120.80999755859375,1415700,121.58000183105469,117.54000091552734,116.41807556152344
13-02-2014,116.9000015258789,117.4000015258789,982500,120.1500015258789,119.45999908447266,118.31978607177734
14-02-2014,117.87000274658203,119.0,936300,119.43000030517578,118.25,117.12129211425781
18-02-2014,116.98999786376953,118.5,1105000,119.33000183105469,117.58000183105469,116.45771026611328
19-02-2014,117.20999908447266,117.56999969482422,842200,118.83999633789062,118.19999694824219,117.07177734375
20-02-2014,117.16000366210938,118.06999969482422,862600,118.83000183105469,118.08999633789062,116.96282196044922
21-02-2014,118.08999633789062,118.08999633789062,1928800,122.62999725341797,121.23999786376953,120.08277893066406
24-02-2014,121.04000091552734,122.0,1331600,124.20999908447266,123.18000030517578,122.0425033569336
25-02-2014,122.9800033569336,122.98999786376953,2018300,127.05000305175781,125.5199966430664,124.36087799072266
26-02-2014,125.11000061035156,126.29000091552734,1084600,126.79000091552734,125.75,124.58877563476562
27-02-2014,125.27999877929688,125.68000030517578,793300,126.56999969482422,126.20999908447266,125.04452514648438
28-02-2014,125.41000366210938,125.98999786376953,676800,126.76000213623047,126.43000030517578,125.26248931884766
03-03-2014,124.51000213623047,125.22000122070312,710500,126.11000061035156,125.0,123.84566497802734
04-03-2014,126.05000305175781,126.25,593100,127.05000305175781,126.33999633789062,125.17332458496094
05-03-2014,124.98999786376953,126.36000061035156,559600,126.72000122070312,125.66999816894531,124.50950622558594
06-03-2014,125.13999938964844,125.7300033569336,502200,126.36000061035156,125.8499984741211,124.68783569335938
07-03-2014,125.66000366210938,126.11000061035156,883200,127.25,126.30000305175781,125.13367462158203
10-03-2014,124.16000366210938,126.30000305175781,732300,126.72000122070312,124.70999908447266,123.55836486816406
11-03-2014,122.43000030517578,125.0,1021600,125.19999694824219,122.73999786376953,121.60655975341797
12-03-2014,121.41999816894531,122.48999786376953,997000,123.20999908447266,122.04000091552734,120.91303253173828
13-03-2014,115.0199966430664,118.94999694824219,3604700,119.97000122070312,115.04000091552734,113.97769927978516
14-03-2014,114.0999984741211,114.62999725341797,1741300,116.75,115.04000091552734,113.97769927978516
17-03-2014,114.56999969482422,115.66000366210938,2076000,116.52999877929688,116.33000183105469,115.25575256347656
18-03-2014,117.76000213623047,118.29000091552734,1094100,120.44000244140625,119.05999755859375,117.96053314208984
19-03-2014,117.58999633789062,119.2699966430664,820200,119.7300033569336,118.44999694824219,117.35616302490234
20-03-2014,117.7300033569336,117.94000244140625,718600,119.45999908447266,119.12000274658203,118.01998138427734
21-03-2014,118.5199966430664,120.06999969482422,1416600,120.5,119.87999725341797,118.7729721069336
24-03-2014,114.2300033569336,114.2300033569336,1150300,120.45999908447266,119.29000091552734,118.18841552734375
25-03-2014,116.43000030517578,119.29000091552734,2330500,119.7699966430664,117.25,116.16725158691406
26-03-2014,120.7300033569336,125.05999755859375,4693100,125.88999938964844,121.43000030517578,120.30867004394531
27-03-2014,121.88999938964844,122.58999633789062,2847900,125.25,123.08000183105469,121.94342803955078
28-03-2014,122.77999877929688,124.0999984741211,1151600,124.12999725341797,123.80999755859375,122.66668701171875
31-03-2014,123.18000030517578,123.87000274658203,1794100,125.23999786376953,124.7699966430664,123.6177978515625
01-04-2014,125.38999938964844,126.16999816894531,1264400,127.16999816894531,125.91999816894531,124.75718688964844
02-04-2014,125.0999984741211,125.81999969482422,931900,126.70999908447266,125.7300033569336,124.56896209716797
03-04-2014,124.12000274658203,126.45999908447266,1191400,126.8499984741211,124.52999877929688,123.38002014160156
04-04-2014,123.80999755859375,126.01000213623047,1925700,126.47000122070312,124.97000122070312,123.81594848632812
07-04-2014,122.33000183105469,124.47000122070312,1289000,125.0199966430664,122.56999969482422,121.43811798095703
08-04-2014,122.22000122070312,122.5,1336000,123.69000244140625,123.48999786376953,122.34962463378906
09-04-2014,123.5199966430664,123.52999877929688,1283000,125.44999694824219,125.18000030517578,124.02403259277344
10-04-2014,123.37999725341797,125.5,1267900,126.26000213623047,123.69000244140625,122.54780578613281
11-04-2014,121.63999938964844,122.69000244140625,1761400,123.58000183105469,121.70999908447266,120.5860824584961
14-04-2014,121.33999633789062,122.27999877929688,639400,123.25,122.33999633789062,121.21025848388672
15-04-2014,120.98999786376953,122.5,729000,123.45999908447266,121.94999694824219,120.82384490966797
16-04-2014,122.30000305175781,122.93000030517578,871300,124.05999755859375,124.05000305175781,122.90447998046875
17-04-2014,122.54000091552734,123.87999725341797,616600,124.6500015258789,122.58999633789062,121.45793151855469
21-04-2014,121.16000366210938,122.75,638400,122.87000274658203,121.38999938964844,120.26902770996094
22-04-2014,120.48999786376953,121.72000122070312,603500,122.30000305175781,121.4800033569336,120.35820007324219
23-04-2014,121.01000213623047,121.58999633789062,559300,122.66999816894531,121.05000305175781,119.93217468261719
24-04-2014,120.05000305175781,121.7699966430664,762400,121.94000244140625,120.94999694824219,119.83308410644531
25-04-2014,121.19000244140625,121.45999908447266,901100,122.86000061035156,122.23999786376953,121.11119842529297
28-04-2014,122.37000274658203,122.91000366210938,1166500,125.37999725341797,124.26000213623047,123.11253356933594
29-04-2014,123.4800033569336,124.23999786376953,819600,125.54000091552734,125.43000030517578,124.271728515625
30-04-2014,123.77999877929688,125.44999694824219,753900,125.86000061035156,125.56999969482422,124.4104232788086
01-05-2014,125.08000183105469,125.47000122070312,739600,127.04000091552734,126.5999984741211,125.43091583251953
02-05-2014,126.30000305175781,126.88999938964844,1092900,128.6999969482422,128.22000122070312,127.03594207763672
05-05-2014,125.83999633789062,127.43000030517578,707000,128.25,128.16000366210938,126.97650146484375
06-05-2014,126.5999984741211,127.69000244140625,918700,128.22000122070312,126.66000366210938,125.4903793334961
07-05-2014,124.94999694824219,127.08000183105469,781700,127.5,127.37999725341797,126.20370483398438
08-05-2014,126.83000183105469,127.58000183105469,1919500,130.66000366210938,129.50999450683594,128.31405639648438
09-05-2014,127.37000274658203,127.68000030517578,776500,130.4499969482422,130.25,129.0472412109375
12-05-2014,130.35000610351562,130.9499969482422,809000,133.1199951171875,132.8800048828125,131.65292358398438
13-05-2014,132.0500030517578,132.97000122070312,604400,133.88999938964844,132.63999938964844,131.41517639160156
14-05-2014,131.42999267578125,132.25,770300,132.97000122070312,131.88999938964844,130.67205810546875
15-05-2014,129.72000122070312,131.64999389648438,767900,131.6999969482422,130.60000610351562,129.3939971923828
16-05-2014,130.55999755859375,130.97000122070312,917600,133.1199951171875,133.0500030517578,131.82135009765625
19-05-2014,132.1999969482422,132.74000549316406,697500,133.72000122070312,133.66000366210938,132.42572021484375
20-05-2014,130.25,133.0,681400,133.35000610351562,130.50999450683594,129.3048095703125
21-05-2014,129.9199981689453,131.05999755859375,528500,131.5500030517578,131.42999267578125,130.2542266845703
22-05-2014,130.14999389648438,130.86000061035156,542100,132.1999969482422,131.1699981689453,129.9965057373047
23-05-2014,130.7100067138672,131.50999450683594,453000,131.64999389648438,131.47999572753906,130.3037567138672
27-05-2014,131.6699981689453,132.07000732421875,692500,132.9499969482422,132.85000610351562,131.66152954101562
28-05-2014,130.1199951171875,132.75,949800,132.75,130.9499969482422,129.77853393554688
29-05-2014,130.72000122070312,131.0,553200,132.05999755859375,132.02999877929688,130.848876953125
30-05-2014,131.16000366210938,132.0399932861328,579400,132.52999877929688,131.6300048828125,130.4524383544922
02-06-2014,130.64999389648438,131.75,871900,131.91000366210938,131.33999633789062,130.16506958007812
03-06-2014,130.02000427246094,131.0800018310547,1116700,132.33999633789062,130.3300018310547,129.16409301757812
04-06-2014,127.87999725341797,129.85000610351562,2128600,130.94000244140625,130.67999267578125,129.51095581054688
05-06-2014,119.56999969482422,121.83999633789062,5432000,123.38999938964844,120.08999633789062,119.01567840576172
06-06-2014,119.11000061035156,120.0999984741211,1741000,120.62000274658203,119.68000030517578,118.60934448242188
09-06-2014,119.55999755859375,119.68000030517578,1850900,122.37999725341797,121.56999969482422,120.48242950439453
10-06-2014,119.93000030517578,121.05000305175781,1102400,121.51000213623047,120.06999969482422,118.9958724975586
11-06-2014,118.37999725341797,120.25,1126800,120.48999786376953,118.55000305175781,117.48947143554688
12-06-2014,116.58000183105469,118.41000366210938,1210300,118.77999877929688,117.12000274658203,116.072265625
13-06-2014,115.93000030517578,117.0199966430664,1386500,117.4800033569336,116.5,115.45780944824219
16-06-2014,115.9000015258789,116.08999633789062,855300,117.0,116.5999984741211,115.55689239501953
17-06-2014,116.01000213623047,116.2699966430664,846400,116.8499984741211,116.63999938964844,115.59654235839844
18-06-2014,115.9000015258789,116.80999755859375,829500,117.55999755859375,117.02999877929688,115.9830551147461
19-06-2014,115.83999633789062,117.0,755800,117.30000305175781,116.16999816894531,115.13075256347656
20-06-2014,114.80999755859375,116.2300033569336,1085100,116.70999908447266,115.19000244140625,114.15953063964844
23-06-2014,114.25,114.9800033569336,878100,115.3499984741211,114.69999694824219,113.67389678955078
24-06-2014,113.98999786376953,114.62000274658203,1445700,115.66000366210938,114.04000091552734,113.01982116699219
25-06-2014,114.12000274658203,114.56999969482422,673800,116.3499984741211,116.22000122070312,115.18030548095703
26-06-2014,115.61000061035156,116.0199966430664,1413400,117.54000091552734,116.55000305175781,115.50736999511719
27-06-2014,116.58999633789062,116.63999938964844,696800,118.20999908447266,117.5,116.4488525390625
30-06-2014,115.70999908447266,117.2300033569336,1555400,117.55999755859375,116.5999984741211,115.55689239501953
01-07-2014,116.91999816894531,117.25,637800,118.08000183105469,117.70999908447266,116.656982421875
02-07-2014,117.0199966430664,117.18000030517578,609200,118.5,117.87999725341797,116.82545471191406
03-07-2014,118.13999938964844,118.30999755859375,790900,119.6500015258789,119.5999984741211,118.53006744384766
07-07-2014,117.7300033569336,119.37999725341797,737200,119.62000274658203,117.98999786376953,116.93447875976562
08-07-2014,116.43000030517578,117.80999755859375,661200,117.91000366210938,116.69000244140625,115.64608764648438
09-07-2014,116.5999984741211,117.29000091552734,1043600,117.58000183105469,117.11000061035156,116.06237030029297
10-07-2014,114.8499984741211,116.2699966430664,827400,116.54000091552734,114.9000015258789,113.87213134765625
11-07-2014,111.95999908447266,114.98999786376953,1811100,115.01000213623047,112.16999816894531,111.1665267944336
14-07-2014,112.30000305175781,112.7300033569336,957700,114.08999633789062,112.66000366210938,111.65216827392578
15-07-2014,111.20999908447266,111.97000122070312,895900,112.94000244140625,111.72000122070312,110.72056579589844
16-07-2014,110.16999816894531,112.02999877929688,1084100,112.5199966430664,110.31999969482422,109.33308410644531
17-07-2014,109.5,109.95999908447266,994200,111.5,110.45999908447266,109.47183227539062
18-07-2014,110.19000244140625,110.68000030517578,631900,111.13999938964844,110.8499984741211,109.85833740234375
21-07-2014,110.11000061035156,110.5,532000,111.08999633789062,110.16999816894531,109.18441772460938
22-07-2014,110.19000244140625,110.44000244140625,499500,111.18000030517578,110.80000305175781,109.80879974365234
23-07-2014,110.33000183105469,110.87999725341797,544200,112.02999877929688,111.81999969482422,110.81966400146484
24-07-2014,112.16999816894531,112.31999969482422,927600,114.33999633789062,114.06999969482422,113.04953002929688
25-07-2014,113.1500015258789,113.62000274658203,569900,114.48999786376953,113.3499984741211,112.33596801757812
28-07-2014,112.95999908447266,112.95999908447266,798300,114.5999984741211,113.83000183105469,112.8116683959961
29-07-2014,112.27999877929688,113.75,603600,114.12999725341797,112.30000305175781,111.29539489746094
30-07-2014,112.05000305175781,112.94000244140625,752100,113.31999969482422,113.19000244140625,112.17741394042969
31-07-2014,110.0999984741211,112.33999633789062,722200,112.6500015258789,110.18000030517578,109.1943359375
01-08-2014,107.5,110.12999725341797,1462900,110.94000244140625,107.98999786376953,107.02391815185547
04-08-2014,107.3499984741211,108.0,989800,108.47000122070312,107.87000274658203,106.9050064086914
05-08-2014,107.05000305175781,107.55000305175781,769500,110.0999984741211,109.27999877929688,108.30240631103516
06-08-2014,108.19000244140625,108.19000244140625,936300,110.61000061035156,110.47000122070312,109.48175048828125
07-08-2014,109.41000366210938,111.29000091552734,634800,111.29000091552734,109.54000091552734,108.5600814819336
08-08-2014,109.5,109.7699966430664,1342300,114.54000091552734,114.43000030517578,113.40631866455078
11-08-2014,114.63999938964844,114.88999938964844,1510800,116.26000213623047,115.1500015258789,114.11988067626953
12-08-2014,114.16999816894531,115.11000061035156,833500,116.69999694824219,114.2699966430664,113.24774169921875
13-08-2014,111.51000213623047,113.75,1243100,113.75,112.19000244140625,111.18637084960938
14-08-2014,112.01000213623047,112.0999984741211,730200,113.06999969482422,112.66000366210938,111.65216827392578
15-08-2014,110.0,112.9000015258789,855200,112.95999908447266,110.5,109.5114974975586
18-08-2014,111.2300033569336,111.2699966430664,841100,112.83999633789062,112.54000091552734,111.533203125
19-08-2014,112.51000213623047,112.51000213623047,1186700,114.45999908447266,113.6500015258789,112.63330841064453
20-08-2014,113.26000213623047,113.4800033569336,976000,115.86000061035156,115.7699966430664,114.73433685302734
21-08-2014,113.97000122070312,115.7699966430664,697500,116.0,114.04000091552734,113.01982116699219
22-08-2014,114.16000366210938,114.16000366210938,1255800,117.72000122070312,117.58000183105469,116.52814483642578
25-08-2014,117.04000091552734,118.0,756500,118.36000061035156,118.0199966430664,116.96421813964844
26-08-2014,117.55000305175781,117.80000305175781,1234900,119.29000091552734,118.41999816894531,117.39842987060547
27-08-2014,116.87999725341797,117.95999908447266,915600,118.29000091552734,118.26000213623047,117.23981475830078
28-08-2014,116.2699966430664,117.5,760900,117.5199966430664,117.45999908447266,116.44669342041016
29-08-2014,116.11000061035156,117.75,416500,118.0,116.73999786376953,115.7329330444336
02-09-2014,115.06999969482422,116.97000122070312,957200,117.55000305175781,116.33000183105469,115.32647705078125
03-09-2014,116.02999877929688,116.93000030517578,1443200,117.30000305175781,117.12999725341797,116.11956787109375
04-09-2014,126.48999786376953,126.54000091552734,4050000,130.0,128.3800048828125,127.27251434326172
05-09-2014,126.2300033569336,126.8499984741211,1736500,129.3699951171875,128.05999755859375,126.95526123046875
08-09-2014,127.04000091552734,128.0,775400,128.82000732421875,127.7699966430664,126.66775512695312
09-09-2014,125.86000061035156,127.66000366210938,979700,127.94000244140625,126.87000274658203,125.77554321289062
10-09-2014,125.0999984741211,126.16999816894531,898700,126.8499984741211,126.55000305175781,125.45829772949219
11-09-2014,125.44000244140625,126.37999725341797,540600,126.98999786376953,125.8499984741211,124.76432800292969
12-09-2014,125.37999725341797,126.30000305175781,883900,127.0,126.7699966430664,125.67640686035156
15-09-2014,125.0999984741211,126.44000244140625,603700,127.0,125.9800033569336,124.89323425292969
16-09-2014,124.2300033569336,125.51000213623047,530700,126.87000274658203,126.43000030517578,125.33930969238281
17-09-2014,126.1500015258789,127.0,484500,127.7699966430664,126.81999969482422,125.7259750366211
18-09-2014,126.22000122070312,127.0999984741211,511800,127.37000274658203,127.16000366210938,126.06305694580078
19-09-2014,125.61000061035156,127.88999938964844,568900,127.98999786376953,125.9800033569336,124.89323425292969
22-09-2014,122.87000274658203,125.16999816894531,568300,125.4800033569336,123.91999816894531,122.8509750366211
23-09-2014,122.76000213623047,123.73999786376953,427400,124.69000244140625,122.80999755859375,121.75055694580078
24-09-2014,121.80999755859375,122.77999877929688,710200,123.76000213623047,123.69999694824219,122.63287353515625
25-09-2014,121.91999816894531,123.16999816894531,706600,123.69999694824219,122.3499984741211,121.29451751708984
26-09-2014,122.2300033569336,123.19000244140625,503000,123.94999694824219,122.9800033569336,121.91910552978516
29-09-2014,121.77999877929688,121.87000274658203,523200,123.16000366210938,122.27999877929688,121.22513580322266
30-09-2014,120.3499984741211,122.25,681300,122.79000091552734,121.1500015258789,120.10487365722656
01-10-2014,119.43000030517578,121.22000122070312,625200,121.55000305175781,120.23999786376953,119.20272064208984
02-10-2014,119.4000015258789,120.19999694824219,575400,122.19000244140625,121.93000030517578,120.87812805175781
03-10-2014,121.33000183105469,122.55999755859375,780900,123.55999755859375,121.5,120.45185852050781
06-10-2014,120.04000091552734,121.62999725341797,488400,122.13999938964844,120.12000274658203,119.08378601074219
07-10-2014,118.95999908447266,119.79000091552734,883800,120.87000274658203,120.16999816894531,119.13331604003906
08-10-2014,118.44999694824219,120.38999938964844,1479600,121.45999908447266,120.0999984741211,119.0639419555664
09-10-2014,115.33999633789062,120.16999816894531,1095500,120.83999633789062,115.45999908447266,114.46397399902344
10-10-2014,113.26000213623047,115.45999908447266,1190200,116.0999984741211,115.83000183105469,114.83077239990234
13-10-2014,113.54000091552734,115.48999786376953,1032500,116.05000305175781,113.72000122070312,112.73898315429688
14-10-2014,112.20999908447266,114.0,909700,114.91000366210938,112.48999786376953,111.51957702636719
15-10-2014,109.44000244140625,111.08000183105469,1145100,113.11000061035156,112.81999969482422,111.84673309326172
16-10-2014,109.66000366210938,110.97000122070312,1236500,113.87000274658203,111.98999786376953,111.02389526367188
17-10-2014,110.31999969482422,112.44000244140625,1150000,112.4800033569336,110.75,109.79460144042969
20-10-2014,109.29000091552734,110.19000244140625,832900,111.80000305175781,111.62999725341797,110.6670150756836
21-10-2014,112.16999816894531,112.19000244140625,828000,115.97000122070312,115.56999969482422,114.57302856445312
22-10-2014,114.45999908447266,115.44999694824219,636700,116.94000244140625,114.5,113.51224517822266
23-10-2014,113.72000122070312,115.75,810300,115.94000244140625,113.98999786376953,113.00665283203125
24-10-2014,113.44000244140625,114.0,1652200,117.70999908447266,117.0,115.99067687988281
27-10-2014,114.87000274658203,116.7699966430664,476400,116.9800033569336,116.05000305175781,115.04888916015625
28-10-2014,114.1500015258789,115.5199966430664,582500,115.7300033569336,115.37999725341797,114.38462829589844
29-10-2014,113.61000061035156,114.88999938964844,843000,116.70999908447266,114.22000122070312,113.23468017578125
30-10-2014,113.6500015258789,113.83999633789062,630100,115.6500015258789,114.75,113.76008605957031
31-10-2014,113.56999969482422,116.06999969482422,689000,116.08999633789062,114.3499984741211,113.36355590820312
03-11-2014,114.13999938964844,114.73999786376953,764900,115.83999633789062,114.87000274658203,113.87905883789062
04-11-2014,112.54000091552734,114.19000244140625,612500,114.33999633789062,112.62999725341797,111.65837097167969
05-11-2014,112.0999984741211,113.0199966430664,576900,113.98999786376953,113.3499984741211,112.37215423583984
06-11-2014,113.16000366210938,113.61000061035156,707100,117.63999938964844,117.41000366210938,116.39713287353516
07-11-2014,116.5,117.2300033569336,673000,118.41999816894531,118.19000244140625,117.17041778564453
10-11-2014,115.79000091552734,117.68000030517578,851500,118.0,116.08000183105469,115.07862854003906
11-11-2014,115.66000366210938,116.33999633789062,671000,116.93000030517578,116.77999877929688,115.7725830078125
12-11-2014,116.62999725341797,116.87999725341797,1129200,119.79000091552734,119.08000183105469,118.05274200439453
13-11-2014,117.27999877929688,117.9000015258789,629500,118.94000244140625,118.80000305175781,117.775146484375
14-11-2014,118.66999816894531,119.18000030517578,833500,120.04000091552734,119.05000305175781,118.02298736572266
17-11-2014,118.73999786376953,119.33999633789062,908800,121.87999725341797,121.1500015258789,120.10487365722656
18-11-2014,120.36000061035156,121.56999969482422,730500,122.3499984741211,121.79000091552734,120.77721405029297
19-11-2014,121.6500015258789,121.86000061035156,731800,123.80999755859375,123.06999969482422,122.04658508300781
20-11-2014,121.9000015258789,122.83000183105469,1082600,124.66000366210938,123.0,121.97718048095703
21-11-2014,121.80999755859375,123.91000366210938,1025900,124.58999633789062,122.44999694824219,121.4317398071289
24-11-2014,122.76000213623047,123.0999984741211,859100,124.36000061035156,123.7699966430664,122.74077606201172
25-11-2014,122.68000030517578,124.16999816894531,1258600,125.62999725341797,125.1500015258789,124.10932159423828
26-11-2014,123.9800033569336,125.0,606400,126.12999725341797,124.48999786376953,123.45478820800781
28-11-2014,124.76000213623047,124.98999786376953,661700,127.43000030517578,127.13999938964844,126.082763671875
01-12-2014,121.91000366210938,126.23999786376953,1111800,126.31999969482422,122.08999633789062,121.07474517822266
02-12-2014,121.4800033569336,121.69999694824219,918300,122.6500015258789,121.81999969482422,120.8069839477539
03-12-2014,121.58000183105469,121.9000015258789,1632700,124.4000015258789,124.4000015258789,123.36553192138672
04-12-2014,120.61000061035156,121.44999694824219,1989900,125.4800033569336,122.68000030517578,121.65983581542969
05-12-2014,121.5,122.51000213623047,1439600,123.5999984741211,122.7699966430664,121.74907684326172
08-12-2014,121.25,122.37999725341797,1042800,123.9800033569336,121.48999786376953,120.47972869873047
09-12-2014,119.1500015258789,119.69999694824219,1318300,123.33000183105469,122.4000015258789,121.3821792602539
10-12-2014,121.6500015258789,122.4000015258789,1219500,123.43000030517578,122.68000030517578,121.65983581542969
11-12-2014,123.69000244140625,123.8499984741211,1301700,126.0999984741211,125.55999755859375,124.515869140625
12-12-2014,124.69999694824219,125.0999984741211,1511000,127.7300033569336,127.02999877929688,125.9736557006836
15-12-2014,126.08999633789062,127.33999633789062,1147700,127.91999816894531,126.4000015258789,125.3488998413086
16-12-2014,121.61000061035156,125.94000244140625,1172300,125.94000244140625,121.69000244140625,120.67808532714844
17-12-2014,120.69999694824219,122.48999786376953,856600,123.95999908447266,123.81999969482422,122.79037475585938
18-12-2014,123.13999938964844,124.86000061035156,943200,124.94000244140625,124.87999725341797,123.84153747558594
19-12-2014,122.11000061035156,125.58999633789062,853900,125.58999633789062,122.91000366210938,121.887939453125
22-12-2014,122.69000244140625,123.26000213623047,435700,124.16999816894531,123.9800033569336,122.94902801513672
23-12-2014,124.51000213623047,124.76000213623047,753700,127.16000366210938,126.37999725341797,125.32907104492188
24-12-2014,125.37999725341797,126.43000030517578,232500,126.44999694824219,125.44000244140625,124.39688873291016
26-12-2014,125.66000366210938,125.9800033569336,246400,126.93000030517578,126.08000183105469,125.03156280517578
29-12-2014,125.55999755859375,125.83000183105469,694800,128.64999389648438,128.13999938964844,127.07442474365234
30-12-2014,126.94999694824219,128.36000061035156,613200,128.6699981689453,127.36000061035156,126.30091857910156
31-12-2014,127.2300033569336,127.9000015258789,594400,129.1699981689453,128.1699981689453,127.10417938232422
02-01-2015,125.62000274658203,128.88999938964844,733000,129.02999877929688,126.33999633789062,125.28938293457031
05-01-2015,121.30999755859375,125.0999984741211,1166800,125.33000183105469,121.91000366210938,120.896240234375
06-01-2015,114.73999786376953,119.55999755859375,2785100,119.80000305175781,116.9800033569336,116.00724792480469
07-01-2015,118.01000213623047,118.44999694824219,1093600,120.41999816894531,119.97000122070312,118.97236633300781
08-01-2015,117.81999969482422,120.5,1037200,122.13999938964844,119.08999633789062,118.09969329833984
09-01-2015,117.52999877929688,118.94000244140625,667700,118.94000244140625,117.87999725341797,116.89974975585938
12-01-2015,116.83000183105469,118.0,586800,118.25,117.73999786376953,116.76091003417969
13-01-2015,116.44000244140625,118.0,825800,119.37999725341797,117.95999908447266,116.97907257080078
14-01-2015,114.16999816894531,116.3499984741211,1199700,117.18000030517578,114.72000122070312,113.76602935791016
15-01-2015,110.69999694824219,114.69999694824219,1436800,114.83000183105469,110.8499984741211,109.92819213867188
16-01-2015,109.69999694824219,110.19000244140625,967000,111.55999755859375,111.41999816894531,110.49345397949219
20-01-2015,109.81999969482422,111.58000183105469,1218600,112.7699966430664,110.93000030517578,110.0075454711914
21-01-2015,110.19000244140625,110.75,875400,112.2699966430664,111.69000244140625,110.76122283935547
22-01-2015,112.20999908447266,112.52999877929688,1019300,114.2300033569336,113.66999816894531,112.72474670410156
23-01-2015,111.91000366210938,113.80000305175781,798400,114.16999816894531,112.01000213623047,111.07857513427734
26-01-2015,110.63999938964844,111.7300033569336,1745700,112.0999984741211,110.93000030517578,110.0075454711914
27-01-2015,109.0,109.8499984741211,1867700,113.37000274658203,112.68000030517578,111.74298858642578
28-01-2015,111.58000183105469,113.0,796100,113.58000183105469,111.62000274658203,110.69180297851562
29-01-2015,111.61000061035156,112.12999725341797,690000,113.91999816894531,112.94000244140625,112.00082397460938
30-01-2015,110.12999725341797,111.98999786376953,995600,113.41999816894531,110.26000213623047,109.34312438964844
02-02-2015,109.05000305175781,110.44999694824219,845300,111.44999694824219,111.38999938964844,110.46372985839844
03-02-2015,111.5199966430664,111.80000305175781,897200,113.83999633789062,113.73999786376953,112.79418182373047
04-02-2015,106.19000244140625,112.06999969482422,2629400,112.06999969482422,106.95999908447266,106.07056427001953
05-02-2015,106.63999938964844,106.63999938964844,942600,109.41000366210938,108.58999633789062,107.68698120117188
06-02-2015,107.91000366210938,109.0,930800,109.91000366210938,108.58999633789062,107.68698120117188
09-02-2015,102.0,107.0,3332900,107.08999633789062,103.19000244140625,102.3319091796875
10-02-2015,101.73999786376953,103.61000061035156,1485900,104.55999755859375,102.51000213623047,101.65757751464844
11-02-2015,102.01000213623047,102.7300033569336,1008700,104.55000305175781,104.36000061035156,103.49217987060547
12-02-2015,104.4800033569336,104.80000305175781,619500,105.75,105.41000366210938,104.533447265625
13-02-2015,105.87000274658203,106.06999969482422,1142800,106.69000244140625,106.54000091552734,105.654052734375
17-02-2015,104.66999816894531,105.95999908447266,925100,107.27999877929688,106.75,105.86229705810547
18-02-2015,105.93000030517578,106.1500015258789,1091500,107.47000122070312,107.2699966430664,106.37796783447266
19-02-2015,107.20999908447266,107.33999633789062,1302200,109.98999786376953,108.5199966430664,107.61756896972656
20-02-2015,107.61000061035156,108.44000244140625,981500,110.2300033569336,110.0,109.08528900146484
23-02-2015,109.88999938964844,110.2699966430664,1229900,110.8499984741211,110.8499984741211,109.92819213867188
24-02-2015,110.75,110.80000305175781,1419400,112.12999725341797,111.68000030517578,110.78931427001953
25-02-2015,110.70999908447266,111.61000061035156,1481400,111.93000030517578,110.9800033569336,110.0948715209961
26-02-2015,107.66999816894531,111.04000091552734,1331500,111.95999908447266,107.9800033569336,107.11882019042969
27-02-2015,106.44999694824219,108.0,1572300,108.44000244140625,106.52999877929688,105.68035888671875
02-03-2015,106.01000213623047,106.06999969482422,1359900,108.19999694824219,106.73999786376953,105.88867950439453
03-03-2015,104.25,104.5,2060100,106.23999786376953,105.83000183105469,104.9859390258789
04-03-2015,105.13999938964844,105.63999938964844,1040700,106.4800033569336,105.76000213623047,104.91649627685547
05-03-2015,105.29000091552734,106.13999938964844,682800,106.36000061035156,105.47000122070312,104.62882232666016
06-03-2015,102.4000015258789,105.13999938964844,1582600,105.55000305175781,102.7300033569336,101.91067504882812
09-03-2015,101.87999725341797,102.76000213623047,1234300,102.97000122070312,102.70999908447266,101.89083099365234
10-03-2015,99.45999908447266,101.6500015258789,2105500,101.6500015258789,99.93000030517578,99.13299560546875
11-03-2015,96.47000122070312,100.26000213623047,1954200,100.91999816894531,96.9800033569336,96.20655059814453
12-03-2015,96.51000213623047,97.18000030517578,2168600,98.93000030517578,97.86000061035156,97.07949829101562
13-03-2015,96.87999725341797,97.48999786376953,1518600,98.69999694824219,97.30000305175781,96.52397918701172
16-03-2015,94.05000305175781,97.44000244140625,2716300,98.69999694824219,94.3499984741211,93.59748840332031
17-03-2015,93.80000305175781,94.1500015258789,2557800,98.41999816894531,98.29000091552734,97.5060806274414
18-03-2015,97.94000244140625,98.0,2074700,102.0199966430664,101.16000366210938,100.35318756103516
19-03-2015,100.55999755859375,101.12000274658203,1455700,101.98999786376953,101.62999725341797,100.8194351196289
20-03-2015,101.69000244140625,101.69000244140625,1298600,102.95999908447266,102.44000244140625,101.62295532226562
23-03-2015,102.51000213623047,102.58000183105469,1492600,105.27999877929688,103.7699966430664,102.9423599243164
24-03-2015,102.81999969482422,104.04000091552734,1162400,104.23999786376953,103.58000183105469,102.7538833618164
25-03-2015,103.16999816894531,103.5199966430664,2617600,105.20999908447266,104.02999877929688,103.20028686523438
26-03-2015,102.16999816894531,104.66999816894531,3666100,107.11000061035156,104.55999755859375,103.72605895996094
27-03-2015,102.19999694824219,105.56999969482422,2164400,105.58999633789062,103.91000366210938,103.08126068115234
30-03-2015,104.11000061035156,104.69999694824219,999600,106.30999755859375,105.36000061035156,104.51968383789062
31-03-2015,104.58000183105469,104.87000274658203,1402700,107.69000244140625,106.55999755859375,105.71011352539062
01-04-2015,105.70999908447266,106.68000030517578,1391700,107.44999694824219,107.4000015258789,106.54341125488281
02-04-2015,106.87000274658203,107.5,1488500,108.86000061035156,107.47000122070312,106.61287689208984
06-04-2015,106.66999816894531,106.77999877929688,1272700,109.86000061035156,109.3499984741211,108.47786712646484
07-04-2015,109.04000091552734,109.2699966430664,1217700,111.2300033569336,111.05000305175781,110.16431427001953
08-04-2015,110.31999969482422,111.22000122070312,1228100,111.44999694824219,110.75,109.86669158935547
09-04-2015,110.5,111.08000183105469,969500,111.9800033569336,111.02999877929688,110.14446258544922
10-04-2015,109.69000244140625,110.97000122070312,955100,111.30999755859375,110.37999725341797,109.4996566772461
13-04-2015,108.55000305175781,110.2300033569336,942100,110.2300033569336,108.88999938964844,108.02153778076172
14-04-2015,108.58999633789062,108.81999969482422,1296900,109.88999938964844,109.75,108.87467956542969
15-04-2015,108.69000244140625,110.0,1001100,110.27999877929688,108.91999816894531,108.0512924194336
16-04-2015,107.48999786376953,108.75,800100,109.9800033569336,107.63999938964844,106.78152465820312
17-04-2015,103.4800033569336,106.12000274658203,1771300,106.19999694824219,103.73999786376953,102.91262817382812
20-04-2015,103.38999938964844,104.62000274658203,1260200,104.62000274658203,103.75,102.92253112792969
21-04-2015,103.56999969482422,103.86000061035156,678800,104.4800033569336,103.72000122070312,102.89278411865234
22-04-2015,103.26000213623047,103.81999969482422,640500,103.97000122070312,103.33000183105469,102.50589752197266
23-04-2015,102.93000030517578,103.30999755859375,908700,106.12999725341797,105.29000091552734,104.45024108886719
24-04-2015,104.19000244140625,105.68000030517578,492500,106.01000213623047,104.43000030517578,103.59711456298828
27-04-2015,103.91000366210938,104.72000122070312,718500,105.41000366210938,104.02999877929688,103.20028686523438
28-04-2015,103.13999938964844,103.51000213623047,581700,104.41999816894531,103.23999786376953,102.41658782958984
29-04-2015,102.30000305175781,102.91000366210938,687100,103.62000274658203,102.88999938964844,102.06941223144531
30-04-2015,102.5199966430664,102.91000366210938,819100,104.08000183105469,103.3499984741211,102.52571105957031
01-05-2015,102.9000015258789,103.9800033569336,1302000,104.3499984741211,103.88999938964844,103.0614242553711
04-05-2015,104.06999969482422,104.1500015258789,821400,105.77999877929688,105.6500015258789,104.80738067626953
05-05-2015,105.16999816894531,105.94000244140625,746900,106.22000122070312,105.70999908447266,104.86689758300781
06-05-2015,103.77999877929688,105.69999694824219,899500,105.69999694824219,105.0,104.16258239746094
07-05-2015,103.93000030517578,105.05999755859375,563600,105.62999725341797,105.5,104.65857696533203
08-05-2015,105.91000366210938,106.38999938964844,579200,107.1500015258789,106.05999755859375,105.21409606933594
11-05-2015,105.16999816894531,105.87000274658203,493500,106.22000122070312,105.69000244140625,104.84705352783203
12-05-2015,104.41000366210938,104.98999786376953,645300,106.44999694824219,104.44000244140625,103.60704040527344
13-05-2015,102.54000091552734,104.4000015258789,1019600,104.51000213623047,103.0199966430664,102.19835662841797
14-05-2015,102.12000274658203,103.52999877929688,935200,103.73999786376953,103.0199966430664,102.19835662841797
15-05-2015,103.04000091552734,103.25,765400,105.29000091552734,104.91000366210938,104.07328796386719
18-05-2015,104.41999816894531,105.16999816894531,601900,105.97000122070312,105.55000305175781,104.70819091796875
19-05-2015,103.54000091552734,105.30999755859375,879300,105.80000305175781,104.55000305175781,103.75352478027344
20-05-2015,104.26000213623047,104.83000183105469,493400,105.54000091552734,104.91999816894531,104.12068939208984
21-05-2015,104.41999816894531,104.58000183105469,461100,105.87000274658203,105.81999969482422,105.01383209228516
22-05-2015,104.75,105.76000213623047,521600,106.56999969482422,106.13999938964844,105.33140563964844
26-05-2015,103.91000366210938,105.68000030517578,977800,106.12000274658203,104.12000274658203,103.3267822265625
27-05-2015,103.38999938964844,103.98999786376953,815300,105.61000061035156,103.9000015258789,103.10845184326172
28-05-2015,103.41000366210938,103.41000366210938,692700,105.9800033569336,104.97000122070312,104.17030334472656
29-05-2015,104.18000030517578,105.05000305175781,963100,105.41000366210938,104.63999938964844,103.84280395507812
01-06-2015,103.9000015258789,104.54000091552734,1459700,105.72000122070312,104.68000030517578,103.88250732421875
02-06-2015,108.62000274658203,108.62000274658203,4506800,114.30000305175781,112.08999633789062,111.2360610961914
03-06-2015,112.47000122070312,112.69000244140625,1993800,115.9000015258789,115.43000030517578,114.55062103271484
04-06-2015,113.70999908447266,114.31999969482422,1389900,116.91000366210938,115.58000183105469,114.69947052001953
05-06-2015,113.83000183105469,115.72000122070312,810600,115.80999755859375,114.43000030517578,113.55821990966797
08-06-2015,114.11000061035156,114.27999877929688,958100,116.37999725341797,115.69000244140625,114.80864715576172
09-06-2015,114.29000091552734,116.04000091552734,665000,116.36000061035156,115.5199966430664,114.63992309570312
10-06-2015,113.97000122070312,116.31999969482422,898400,116.31999969482422,113.98999786376953,113.1216049194336
11-06-2015,111.5,114.2699966430664,1473300,114.86000061035156,112.51000213623047,111.65287017822266
12-06-2015,111.6500015258789,112.4000015258789,692800,113.01000213623047,112.75,111.89104461669922
15-06-2015,110.6500015258789,112.08000183105469,909400,112.41000366210938,111.16999816894531,110.32306671142578
16-06-2015,110.58999633789062,111.51000213623047,1176500,113.47000122070312,112.93000030517578,112.06966400146484
17-06-2015,111.05000305175781,112.9000015258789,743800,113.37000274658203,112.91999816894531,112.05975341796875
18-06-2015,113.16999816894531,113.16999816894531,763700,114.19999694824219,113.19000244140625,112.32769012451172
19-06-2015,112.83999633789062,113.38999938964844,1178600,115.0999984741211,114.5999984741211,113.72693634033203
22-06-2015,113.80999755859375,115.31999969482422,687400,115.31999969482422,114.63999938964844,113.76665496826172
23-06-2015,114.19000244140625,114.4800033569336,448000,115.16999816894531,114.86000061035156,113.98495483398438
24-06-2015,113.62999725341797,114.80000305175781,385800,115.0199966430664,113.69000244140625,112.8238754272461
25-06-2015,114.37000274658203,114.37999725341797,1043000,117.11000061035156,116.25,115.36436462402344
26-06-2015,115.30000305175781,116.5,1862400,117.5,115.5,114.62005615234375
29-06-2015,112.83000183105469,114.58999633789062,746600,115.55000305175781,112.9800033569336,112.11929321289062
30-06-2015,113.4000015258789,113.93000030517578,1283200,115.81999969482422,115.19999694824219,114.3223648071289
01-07-2015,113.70999908447266,116.13999938964844,972900,117.56999969482422,117.23999786376953,116.34681701660156
02-07-2015,116.79000091552734,117.5,923600,118.2699966430664,117.80999755859375,116.9124755859375
06-07-2015,115.05000305175781,116.79000091552734,944200,117.91000366210938,115.91000366210938,115.0269546508789
07-07-2015,112.75,115.91000366210938,975300,116.18000030517578,115.73999786376953,114.85823822021484
08-07-2015,112.54000091552734,115.30000305175781,728900,115.52999877929688,112.87999725341797,112.0200424194336
09-07-2015,112.80999755859375,114.0,740900,115.55999755859375,112.86000061035156,112.00019836425781
10-07-2015,112.56999969482422,114.0,1008900,114.08000183105469,113.5999984741211,112.73456573486328
13-07-2015,114.44000244140625,114.5,760300,116.72000122070312,116.52999877929688,115.64224243164062
14-07-2015,115.6500015258789,116.47000122070312,503900,116.91000366210938,115.76000213623047,114.87812042236328
15-07-2015,114.55000305175781,115.66999816894531,576700,116.25,114.80000305175781,113.9254150390625
16-07-2015,113.5999984741211,115.19000244140625,660200,115.91000366210938,115.41999816894531,114.54068756103516
17-07-2015,113.75,115.0999984741211,440400,115.54000091552734,114.08999633789062,113.22081756591797
20-07-2015,113.33000183105469,114.5,560000,114.9000015258789,114.43000030517578,113.55821990966797
21-07-2015,113.44000244140625,114.5199966430664,391900,115.62999725341797,114.27999877929688,113.40937805175781
22-07-2015,114.05000305175781,114.05000305175781,531800,115.26000213623047,115.0999984741211,114.22313690185547
23-07-2015,114.5,115.66000366210938,544800,116.4800033569336,114.6500015258789,113.77654266357422
24-07-2015,111.76000213623047,115.0,566900,115.45999908447266,113.05000305175781,112.18876647949219
27-07-2015,111.06999969482422,112.7300033569336,570200,112.76000213623047,111.5,110.65054321289062
28-07-2015,111.62000274658203,112.2300033569336,432300,113.86000061035156,113.41000366210938,112.5460205078125
29-07-2015,113.45999908447266,113.45999908447266,578000,116.0,115.69999694824219,114.81855010986328
30-07-2015,115.05000305175781,115.19999694824219,440100,116.45999908447266,116.16000366210938,115.27506256103516
31-07-2015,114.58999633789062,116.23999786376953,569700,116.62999725341797,116.04000091552734,115.1559829711914
03-08-2015,112.81999969482422,115.61000061035156,1176700,115.76000213623047,114.45999908447266,113.58799743652344
04-08-2015,113.29000091552734,114.7699966430664,485800,115.77999877929688,114.54000091552734,113.66740417480469
05-08-2015,115.72000122070312,115.7699966430664,544500,117.52999877929688,116.87999725341797,115.98955535888672
06-08-2015,114.83999633789062,117.30999755859375,834200,117.73999786376953,115.20999908447266,114.33229064941406
07-08-2015,112.70999908447266,114.75,692200,115.0999984741211,113.80000305175781,112.93302917480469
10-08-2015,113.0199966430664,114.86000061035156,700200,115.38999938964844,115.12000274658203,114.24297332763672
11-08-2015,112.56999969482422,113.83999633789062,635800,114.45999908447266,113.66999816894531,112.80402374267578
12-08-2015,111.0,112.45999908447266,1093400,113.6500015258789,112.33000183105469,111.4742431640625
13-08-2015,111.0,112.4000015258789,1288300,112.5,111.77999877929688,110.92842864990234
14-08-2015,111.29000091552734,111.7699966430664,588900,115.19999694824219,114.5199966430664,113.64754486083984
17-08-2015,113.37000274658203,114.29000091552734,444300,115.61000061035156,115.52999877929688,114.64986419677734
18-08-2015,115.12000274658203,115.87000274658203,529000,116.83999633789062,116.6500015258789,115.7613296508789
19-08-2015,115.38999938964844,115.83999633789062,857100,118.30999755859375,117.37999725341797,116.48575592041016
20-08-2015,113.66000366210938,115.95999908447266,1160300,116.55000305175781,114.9800033569336,114.10404205322266
21-08-2015,111.4000015258789,113.68000030517578,964100,114.16000366210938,112.27999877929688,111.42462158203125
24-08-2015,104.87999725341797,112.26000213623047,1742000,115.0,107.3499984741211,106.56824493408203
25-08-2015,109.05000305175781,110.1500015258789,2034900,113.29000091552734,109.22000122070312,108.42462158203125
26-08-2015,108.19000244140625,111.45999908447266,1583500,112.44000244140625,111.44000244140625,110.62846374511719
27-08-2015,115.58000183105469,117.16999816894531,2789000,120.0,118.16999816894531,117.30944061279297
28-08-2015,116.2699966430664,118.0,1488900,119.33999633789062,116.9800033569336,116.12812805175781
31-08-2015,115.80000305175781,116.38999938964844,1395500,120.11000061035156,118.9800033569336,118.11353302001953
01-09-2015,115.79000091552734,116.33999633789062,1241800,118.37000274658203,116.80999755859375,115.95934295654297
02-09-2015,116.02999877929688,117.7300033569336,798900,118.29000091552734,118.26000213623047,117.3987808227539
03-09-2015,117.12999725341797,119.0,975300,120.66999816894531,117.80000305175781,116.94214630126953
04-09-2015,116.4000015258789,117.30000305175781,765900,118.41999816894531,116.88999938964844,116.03876495361328
08-09-2015,117.08999633789062,118.95999908447266,1158500,119.02999877929688,118.16000366210938,117.29952239990234
09-09-2015,114.44000244140625,119.0,943100,119.69000244140625,114.68000030517578,113.84485626220703
10-09-2015,113.83000183105469,114.95999908447266,863200,115.93000030517578,114.48999786376953,113.65621948242188
11-09-2015,113.02999877929688,113.88999938964844,788700,114.83000183105469,114.02999877929688,113.1995849609375
14-09-2015,112.23999786376953,113.76000213623047,874400,113.91999816894531,112.79000091552734,111.96863555908203
15-09-2015,111.5999984741211,112.9800033569336,833700,113.5999984741211,113.44000244140625,112.61388397216797
16-09-2015,113.41000366210938,113.68000030517578,471900,115.83999633789062,115.73999786376953,114.89713287353516
17-09-2015,114.55999755859375,115.5,773700,116.98999786376953,114.95999908447266,114.12281036376953
18-09-2015,111.31999969482422,113.47000122070312,818900,114.16999816894531,111.61000061035156,110.79723358154297
21-09-2015,111.7300033569336,112.62999725341797,789000,114.27999877929688,113.5,112.67345428466797
22-09-2015,110.70999908447266,111.80000305175781,669600,112.76000213623047,112.29000091552734,111.47225952148438
23-09-2015,108.62999725341797,112.12000274658203,566300,112.54000091552734,108.80999755859375,108.01760864257812
24-09-2015,105.5199966430664,108.30000305175781,1475500,108.45999908447266,107.0999984741211,106.3200454711914
25-09-2015,103.7300033569336,108.2300033569336,1521600,108.6500015258789,104.8499984741211,104.0864486694336
28-09-2015,98.91999816894531,104.20999908447266,1118600,104.52999877929688,100.05000305175781,99.32140350341797
29-09-2015,96.26000213623047,100.08999633789062,1680400,100.69000244140625,96.76000213623047,96.05535888671875
30-09-2015,98.04000091552734,98.20999908447266,1483700,102.05999755859375,101.94000244140625,101.1976318359375
01-10-2015,99.19000244140625,101.80999755859375,1098200,102.70999908447266,99.94000244140625,99.21220397949219
02-10-2015,97.2699966430664,98.91999816894531,710400,101.4800033569336,101.43000030517578,100.69136810302734
05-10-2015,101.05000305175781,101.81999969482422,727600,103.33999633789062,103.18000030517578,102.42860412597656
06-10-2015,100.27999877929688,102.62000274658203,724400,103.37000274658203,101.05999755859375,100.32402038574219
07-10-2015,98.16999816894531,101.61000061035156,973200,101.62999725341797,98.98999786376953,98.26912689208984
08-10-2015,98.0199966430664,98.98999786376953,978000,102.22000122070312,101.5999984741211,100.86009979248047
09-10-2015,99.55000305175781,101.36000061035156,695700,101.63999938964844,100.63999938964844,99.9071044921875
12-10-2015,100.08000183105469,101.06999969482422,569800,101.5999984741211,100.45999908447266,99.72840118408203
13-10-2015,99.0,100.0,626400,101.29000091552734,100.37999725341797,99.64898681640625
14-10-2015,99.44999694824219,100.54000091552734,942000,102.19000244140625,99.87999725341797,99.15263366699219
15-10-2015,98.37000274658203,100.3499984741211,1188200,100.5999984741211,98.5999984741211,97.8819580078125
16-10-2015,98.83000183105469,99.38999938964844,877000,101.2699966430664,101.19000244140625,100.4531021118164
19-10-2015,99.12000274658203,100.58000183105469,867500,101.33999633789062,100.18000030517578,99.45045471191406
20-10-2015,99.13999938964844,100.06999969482422,633700,100.91000366210938,99.51000213623047,98.78533172607422
21-10-2015,95.18000030517578,100.01000213623047,1987800,100.22000122070312,95.7300033569336,95.0328598022461
22-10-2015,95.54000091552734,95.94000244140625,1715800,97.69000244140625,95.93000030517578,95.23139953613281
23-10-2015,87.12000274658203,95.66999816894531,3653300,95.66999816894531,88.16999816894531,87.52792358398438
26-10-2015,88.48999786376953,88.63999938964844,1448900,90.66999816894531,89.94999694824219,89.29492950439453
27-10-2015,89.30000305175781,89.69000244140625,923000,90.86000061035156,89.48999786376953,88.83830261230469
28-10-2015,88.7699966430664,89.94999694824219,830800,91.6500015258789,90.69000244140625,90.02957916259766
29-10-2015,89.0,90.33999633789062,1167100,91.27999877929688,91.0,90.3373031616211
30-10-2015,90.69000244140625,91.19000244140625,1268300,91.97000122070312,90.94999694824219,90.28765869140625
02-11-2015,89.43000030517578,90.94999694824219,696800,92.58000183105469,92.18000030517578,91.50871276855469
03-11-2015,91.72000122070312,92.12999725341797,878100,93.97000122070312,92.91999816894531,92.24331665039062
04-11-2015,91.05000305175781,93.37000274658203,753400,93.95999908447266,92.08000183105469,91.40943145751953
05-11-2015,93.19000244140625,95.27999877929688,1427700,96.16000366210938,94.91000366210938,94.21881866455078
06-11-2015,91.88999938964844,94.75,1066800,94.75,94.23999786376953,93.55369567871094
09-11-2015,90.8499984741211,94.02999877929688,1261100,94.05000305175781,91.23999786376953,90.57555389404297
10-11-2015,90.91999816894531,90.91999816894531,724000,93.11000061035156,92.93000030517578,92.25325012207031
11-11-2015,87.1500015258789,89.75,1446800,91.19999694824219,88.26000213623047,87.61727142333984
12-11-2015,87.48999786376953,87.73999786376953,1349000,90.86000061035156,89.37999725341797,88.7291030883789
13-11-2015,84.37000274658203,87.91000366210938,1270800,87.91000366210938,85.16000366210938,84.53984069824219
16-11-2015,84.38999938964844,84.80000305175781,1204700,86.9000015258789,86.69000244140625,86.05870819091797
17-11-2015,84.05000305175781,86.66999816894531,917700,86.9000015258789,85.0999984741211,84.48028564453125
18-11-2015,85.51000213623047,85.51000213623047,1201500,89.70999908447266,89.56999969482422,88.95744323730469
19-11-2015,88.5999984741211,89.44000244140625,615800,90.5,88.91000366210938,88.30196380615234
20-11-2015,89.52999877929688,89.52999877929688,1020800,92.04000091552734,91.01000213623047,90.38761138916016
23-11-2015,90.72000122070312,90.87000274658203,640700,93.0999984741211,92.70999908447266,92.07597351074219
24-11-2015,90.86000061035156,91.68000030517578,739600,93.11000061035156,92.5999984741211,91.96672821044922
25-11-2015,91.44999694824219,92.98999786376953,686800,93.19999694824219,92.5999984741211,91.96672821044922
27-11-2015,91.41999816894531,92.8499984741211,322500,93.41999816894531,93.06999969482422,92.43350219726562
30-11-2015,90.79000091552734,92.38999938964844,1144900,92.5999984741211,91.29000091552734,90.66567993164062
01-12-2015,91.0199966430664,91.23999786376953,1143600,94.19000244140625,92.22000122070312,91.5893325805664
02-12-2015,92.01000213623047,92.33000183105469,1565300,94.87999725341797,93.37999725341797,92.74140167236328
03-12-2015,82.80999755859375,92.29000091552734,4705600,92.47000122070312,83.0199966430664,82.45223236083984
04-12-2015,80.33000183105469,82.81999969482422,2636300,83.86000061035156,81.81999969482422,81.26044464111328
07-12-2015,79.05000305175781,81.16999816894531,1509000,81.16999816894531,80.4800033569336,79.92961883544922
08-12-2015,78.87999725341797,79.44000244140625,2683700,80.80999755859375,79.75,79.20460510253906
09-12-2015,77.8499984741211,78.91999816894531,1931400,80.45999908447266,78.56999969482422,78.03267669677734
10-12-2015,77.05999755859375,78.37999725341797,1200000,78.87000274658203,77.20999908447266,76.68195343017578
11-12-2015,75.70999908447266,76.30999755859375,1368200,77.22000122070312,76.16999816894531,75.64908599853516
14-12-2015,75.44999694824219,76.19999694824219,2184200,77.06999969482422,76.20999908447266,75.68881225585938
15-12-2015,76.08000183105469,77.0,1733600,77.66999816894531,76.3499984741211,75.82784271240234
16-12-2015,75.01000213623047,77.01000213623047,1874700,77.69000244140625,75.83999633789062,75.32133483886719
17-12-2015,73.37999725341797,75.97000122070312,3365100,76.04000091552734,74.08999633789062,73.58332061767578
18-12-2015,72.69999694824219,74.05000305175781,2088000,74.5199966430664,73.29000091552734,72.78877258300781
21-12-2015,72.3499984741211,73.54000091552734,1153200,74.08000183105469,72.88999938964844,72.3915023803711
22-12-2015,71.98999786376953,73.0,1030000,73.44999694824219,73.12000274658203,72.61994934082031
23-12-2015,73.05999755859375,73.69000244140625,1066200,74.41999816894531,73.87000274658203,73.36482238769531
24-12-2015,72.41999816894531,73.87000274658203,392700,73.87000274658203,72.79000091552734,72.2922134399414
28-12-2015,72.33999633789062,72.80000305175781,895900,73.37999725341797,72.91999816894531,72.42131042480469
29-12-2015,73.20999908447266,73.62999725341797,850600,74.69999694824219,74.30000305175781,73.79186248779297
30-12-2015,73.0199966430664,74.05999755859375,800000,74.29000091552734,73.1500015258789,72.64974212646484
31-12-2015,72.73999786376953,72.97000122070312,801800,74.7699966430664,73.6500015258789,73.14633178710938
04-01-2016,72.0999984741211,72.72000122070312,1353200,74.20999908447266,73.48999786376953,72.9874038696289
05-01-2016,73.0999984741211,73.94999694824219,1400800,74.83000183105469,74.5,73.99050903320312
06-01-2016,71.68000030517578,73.31999969482422,1238800,74.37000274658203,72.79000091552734,72.2922134399414
07-01-2016,70.9800033569336,71.68000030517578,1569300,73.2300033569336,71.44000244140625,70.95143127441406
08-01-2016,70.20999908447266,71.91000366210938,1219400,72.11000061035156,70.33999633789062,69.85892486572266
11-01-2016,69.0199966430664,70.4800033569336,988900,71.45999908447266,69.7699966430664,69.29285430908203
12-01-2016,69.18000030517578,70.9800033569336,970800,72.4000015258789,70.06999969482422,69.59081268310547
13-01-2016,69.86000061035156,70.55999755859375,1324900,71.68000030517578,69.94999694824219,69.47161865234375
14-01-2016,67.66000366210938,69.93000030517578,915900,69.93000030517578,68.77999877929688,68.30962371826172
15-01-2016,66.41000366210938,66.95999908447266,2067100,69.18000030517578,68.3499984741211,67.882568359375
19-01-2016,65.91999816894531,68.62999725341797,2682200,69.13999938964844,66.41000366210938,65.95581817626953
20-01-2016,64.16000366210938,65.5,1853200,66.93000030517578,66.44000244140625,65.98563385009766
21-01-2016,65.87000274658203,66.5199966430664,1060900,69.81999969482422,68.68000030517578,68.21031188964844
22-01-2016,68.66999816894531,69.75,728500,70.45999908447266,69.83000183105469,69.3524398803711
25-01-2016,67.26000213623047,69.51000213623047,944100,69.7300033569336,67.58000183105469,67.11783599853516
26-01-2016,67.91999816894531,68.19000244140625,1007700,70.54000091552734,69.56999969482422,69.0942153930664
27-01-2016,68.8499984741211,69.19999694824219,738800,71.19000244140625,69.44999694824219,68.97504425048828
28-01-2016,68.43000030517578,70.4800033569336,907500,71.0199966430664,69.30000305175781,68.82608032226562
29-01-2016,69.2699966430664,69.66000366210938,1173400,73.41999816894531,73.37999725341797,72.87816619873047
01-02-2016,71.31999969482422,72.37000274658203,1123100,74.16000366210938,73.16999816894531,72.66959381103516
02-02-2016,74.68000030517578,79.08999633789062,3783500,79.11000061035156,75.1500015258789,74.63606262207031
03-02-2016,75.69000244140625,76.05999755859375,2492200,79.68000030517578,79.26000213623047,78.71794891357422
04-02-2016,76.1500015258789,78.16999816894531,2115600,78.16999816894531,77.41999816894531,76.89053344726562
05-02-2016,74.63999938964844,76.7699966430664,1754500,77.61000061035156,74.91999816894531,74.40762329101562
08-02-2016,70.38999938964844,74.0999984741211,1465900,74.0999984741211,71.87999725341797,71.38842010498047
09-02-2016,68.95999908447266,71.16000366210938,1521100,72.13999938964844,71.08999633789062,70.60381317138672
10-02-2016,71.37999725341797,71.73999786376953,949400,72.4800033569336,71.58000183105469,71.09046173095703
11-02-2016,69.33000183105469,70.86000061035156,847900,71.5,70.45999908447266,69.9781265258789
12-02-2016,70.56999969482422,71.47000122070312,857400,73.55999755859375,73.3499984741211,72.84838104248047
16-02-2016,72.73999786376953,74.31999969482422,1035500,74.4800033569336,73.91999816894531,73.41447448730469
17-02-2016,73.51000213623047,75.0999984741211,1280600,75.97000122070312,75.91999816894531,75.40079498291016
18-02-2016,74.43000030517578,75.51000213623047,1168000,77.0199966430664,76.37999725341797,75.85763549804688
19-02-2016,71.87999725341797,74.62000274658203,1284000,75.16000366210938,74.98999786376953,74.4771499633789
22-02-2016,75.20999908447266,75.44999694824219,800600,77.05000305175781,76.37999725341797,75.85763549804688
23-02-2016,75.58000183105469,76.75,1292200,79.26000213623047,77.7300033569336,77.2368392944336
24-02-2016,75.38999938964844,76.87000274658203,1381800,77.25,76.8499984741211,76.36243438720703
25-02-2016,76.79000091552734,77.05000305175781,1340200,80.27999877929688,80.25,79.74085235595703
26-02-2016,78.58999633789062,80.94000244140625,1065300,80.94000244140625,79.69000244140625,79.18441772460938
29-02-2016,78.9800033569336,79.83000183105469,708900,80.94999694824219,79.1500015258789,78.64784240722656
01-03-2016,79.0999984741211,80.08999633789062,1217900,82.83999633789062,82.51000213623047,81.98652648925781
02-03-2016,81.5199966430664,81.77999877929688,1223900,84.51000213623047,84.3499984741211,83.81484985351562
03-03-2016,83.91000366210938,83.94999694824219,899900,85.48999786376953,85.44999694824219,84.90786743164062
04-03-2016,85.1500015258789,85.45999908447266,1007800,87.5999984741211,85.94999694824219,85.40467071533203
07-03-2016,85.37000274658203,85.48999786376953,912800,86.62999725341797,86.2300033569336,85.68291473388672
08-03-2016,84.0,85.38999938964844,1102900,86.62999725341797,84.18000030517578,83.64592742919922
09-03-2016,83.12000274658203,84.77999877929688,654900,85.30000305175781,85.01000213623047,84.47065734863281
10-03-2016,84.05000305175781,85.29000091552734,732300,86.29000091552734,85.5999984741211,85.05692291259766
11-03-2016,86.02999877929688,86.76000213623047,759000,87.55999755859375,87.45999908447266,86.90509796142578
14-03-2016,87.0,87.5199966430664,668100,88.44000244140625,87.87999725341797,87.32243347167969
15-03-2016,86.77999877929688,87.30999755859375,683700,88.01000213623047,87.9800033569336,87.42181396484375
16-03-2016,86.3499984741211,87.4800033569336,836400,88.16999816894531,87.77999877929688,87.22309875488281
17-03-2016,87.19999694824219,87.77999877929688,989900,89.41000366210938,89.20999908447266,88.64399719238281
18-03-2016,87.83999633789062,89.52999877929688,1435100,89.52999877929688,88.27999877929688,87.71990966796875
21-03-2016,88.30000305175781,88.30000305175781,1558400,90.80999755859375,90.56999969482422,89.99539184570312
22-03-2016,87.55000305175781,89.5,1523700,89.5999984741211,88.98999786376953,88.42539978027344
23-03-2016,87.41999816894531,88.30000305175781,1677800,88.95999908447266,87.62999725341797,87.07402801513672
24-03-2016,90.69000244140625,92.43000030517578,3632200,95.25,94.29000091552734,93.6917724609375
28-03-2016,94.44999694824219,94.80000305175781,1521400,97.05000305175781,96.5199966430664,95.90763092041016
29-03-2016,96.0,96.58999633789062,1336600,98.1500015258789,97.75,97.12982177734375
30-03-2016,97.1500015258789,99.3499984741211,1272000,99.55000305175781,98.91999816894531,98.29240417480469
31-03-2016,98.5,98.69000244140625,1127100,100.0,99.05999755859375,98.43151092529297
01-04-2016,97.66000366210938,98.68000030517578,1115100,99.79000091552734,99.38999938964844,98.75942993164062
04-04-2016,96.81999969482422,99.16000366210938,1023100,99.48999786376953,97.66000366210938,97.04039764404297
05-04-2016,96.33999633789062,96.80000305175781,1010500,97.72000122070312,96.48999786376953,95.87781524658203
06-04-2016,95.13999938964844,96.58000183105469,1231100,97.05999755859375,96.5,95.88776397705078
07-04-2016,94.41999816894531,95.7300033569336,1257300,96.66999816894531,95.22000122070312,94.61588287353516
08-04-2016,92.44000244140625,95.52999877929688,1228800,95.83999633789062,93.05000305175781,92.45965576171875
11-04-2016,93.05000305175781,93.12999725341797,1110900,94.52999877929688,93.20999908447266,92.6186294555664
12-04-2016,91.38999938964844,93.0,1319100,93.75,93.62000274658203,93.02603149414062
13-04-2016,94.11000061035156,94.11000061035156,1138300,95.66000366210938,94.93000030517578,94.32771301269531
14-04-2016,94.5,94.93000030517578,635900,95.7300033569336,94.93000030517578,94.32771301269531
15-04-2016,94.66000366210938,94.80999755859375,756400,96.2699966430664,95.37000274658203,94.76494598388672
18-04-2016,94.43000030517578,94.7300033569336,672100,96.5,95.43000030517578,94.8245620727539
19-04-2016,94.01000213623047,95.88999938964844,867500,95.94999694824219,95.25,94.64569091796875
20-04-2016,94.31999969482422,94.94000244140625,595900,96.02999877929688,95.58999633789062,94.9835205078125
21-04-2016,95.26000213623047,96.12000274658203,702600,97.51000213623047,96.37000274658203,95.75858306884766
22-04-2016,95.5999984741211,96.80000305175781,709300,97.55999755859375,96.08000183105469,95.47042846679688
25-04-2016,94.52999877929688,95.48999786376953,673900,95.52999877929688,95.23999786376953,94.63575744628906
26-04-2016,95.62000274658203,95.69000244140625,751500,97.69999694824219,97.69000244140625,97.07020568847656
27-04-2016,97.0,97.31999969482422,517700,98.22000122070312,97.8499984741211,97.22919464111328
28-04-2016,95.20999908447266,97.62000274658203,568500,97.86000061035156,95.51000213623047,94.90404510498047
29-04-2016,93.91000366210938,95.76000213623047,899500,95.93000030517578,95.5999984741211,94.99346923828125
02-05-2016,94.13999938964844,96.0,524100,97.16000366210938,96.91000366210938,96.29517364501953
03-05-2016,95.69999694824219,96.41999816894531,752000,96.9000015258789,95.94999694824219,95.34123229980469
04-05-2016,94.9000015258789,95.44000244140625,733300,96.26000213623047,95.54000091552734,94.93385314941406
05-05-2016,91.19000244140625,95.08000183105469,1968300,95.33000183105469,91.5,90.91948699951172
06-05-2016,90.45999908447266,91.4800033569336,1237000,92.05999755859375,91.4000015258789,90.82011413574219
09-05-2016,90.80000305175781,91.51000213623047,536300,92.66000366210938,91.6500015258789,91.06851959228516
10-05-2016,89.83000183105469,91.37999725341797,1280800,92.91999816894531,89.95999908447266,89.38925170898438
11-05-2016,83.01000213623047,86.62999725341797,3035100,86.62999725341797,83.1500015258789,82.6224594116211
12-05-2016,82.0999984741211,84.05999755859375,3356600,85.06999969482422,84.16000366210938,83.62605285644531
13-05-2016,82.55999755859375,83.37999725341797,1380900,85.6500015258789,83.44999694824219,82.92054748535156
16-05-2016,83.20999908447266,83.91999816894531,1457900,86.30000305175781,85.75,85.20596313476562
17-05-2016,84.43000030517578,85.33000183105469,2211900,88.05000305175781,86.6500015258789,86.138427734375
18-05-2016,84.8499984741211,85.94999694824219,1358800,86.70999908447266,85.95999908447266,85.45250701904297
19-05-2016,85.19000244140625,86.22000122070312,1035700,88.6500015258789,86.41999816894531,85.90978240966797
20-05-2016,85.63999938964844,86.91999816894531,1924800,89.19999694824219,88.95999908447266,88.43478393554688
23-05-2016,87.20999908447266,88.76000213623047,1275900,89.22000122070312,88.11000061035156,87.5898208618164
24-05-2016,87.9000015258789,88.25,1422600,89.68000030517578,89.0199966430664,88.4944076538086
25-05-2016,87.95999908447266,88.79000091552734,2158000,89.86000061035156,89.83000183105469,89.2996597290039
26-05-2016,93.5199966430664,96.12999725341797,3016500,96.66999816894531,93.7300033569336,93.1766128540039
27-05-2016,93.61000061035156,93.95999908447266,1319600,95.44999694824219,94.54000091552734,93.98182678222656
31-05-2016,93.08000183105469,94.06999969482422,1225500,94.54000091552734,93.80000305175781,93.24620056152344
01-06-2016,93.5,93.5999984741211,1141200,95.55999755859375,95.44999694824219,94.88646697998047
02-06-2016,94.9800033569336,95.33000183105469,1342700,97.33000183105469,97.33000183105469,96.75537872314453
03-06-2016,95.79000091552734,97.02999877929688,613500,97.2300033569336,96.8499984741211,96.27819061279297
06-06-2016,96.08000183105469,96.66000366210938,757800,97.51000213623047,96.79000091552734,96.21854400634766
07-06-2016,94.54000091552734,95.66000366210938,809900,97.66999816894531,97.19999694824219,96.62612915039062
08-06-2016,96.19999694824219,97.13999938964844,993500,97.69999694824219,96.80000305175781,96.22850799560547
09-06-2016,95.2300033569336,96.05000305175781,796100,97.38999938964844,97.20999908447266,96.63607788085938
10-06-2016,95.83999633789062,97.0999984741211,903900,97.11000061035156,96.6500015258789,96.07937622070312
13-06-2016,95.16000366210938,96.27999877929688,672900,97.12999725341797,95.22000122070312,94.65782928466797
14-06-2016,93.93000030517578,94.66000366210938,1347500,95.61000061035156,94.37999725341797,93.82279205322266
15-06-2016,95.0,95.33000183105469,1611500,99.5,97.37999725341797,96.8050765991211
16-06-2016,95.27999877929688,96.58999633789062,849500,96.8499984741211,96.72000122070312,96.14897918701172
17-06-2016,95.87000274658203,96.8499984741211,1101900,98.86000061035156,98.62999725341797,98.04769897460938
20-06-2016,99.04000091552734,99.05000305175781,962600,101.8499984741211,100.44000244140625,99.84700775146484
21-06-2016,100.13999938964844,101.1500015258789,699000,101.62999725341797,101.4800033569336,100.88086700439453
22-06-2016,100.68000030517578,101.1500015258789,781700,102.7699966430664,100.7699966430664,100.17505645751953
23-06-2016,101.76000213623047,101.86000061035156,818000,103.36000061035156,102.73999786376953,102.1334228515625
24-06-2016,93.30999755859375,97.12999725341797,2999100,98.36000061035156,93.55000305175781,92.99768829345703
27-06-2016,83.80000305175781,92.19999694824219,4365500,92.19999694824219,84.91000366210938,84.40869903564453
28-06-2016,87.51000213623047,87.51000213623047,2102500,89.75,89.58000183105469,89.05113220214844
29-06-2016,90.63999938964844,90.63999938964844,1688700,93.2699966430664,92.81999969482422,92.27201080322266
30-06-2016,92.05000305175781,92.68000030517578,1135900,94.33000183105469,94.2300033569336,93.6736831665039
01-07-2016,94.0,94.38999938964844,863200,96.04000091552734,95.02999877929688,94.46894836425781
05-07-2016,91.73999786376953,94.63999938964844,842100,94.70999908447266,92.44999694824219,91.9041748046875
06-07-2016,91.30999755859375,92.16000366210938,1067200,94.56999969482422,94.55000305175781,93.99178314208984
07-07-2016,93.55999755859375,94.62000274658203,894400,95.61000061035156,94.91000366210938,94.34965515136719
08-07-2016,95.80000305175781,96.1500015258789,970500,98.19999694824219,97.31999969482422,96.74544525146484
11-07-2016,97.43000030517578,97.8499984741211,644200,98.87000274658203,97.75,97.17288208007812
12-07-2016,98.79000091552734,98.87000274658203,1365100,99.98999786376953,99.4000015258789,98.81315612792969
13-07-2016,97.83999633789062,99.44999694824219,665400,99.58000183105469,98.58000183105469,97.99799346923828
14-07-2016,98.44000244140625,99.94000244140625,357800,99.95999908447266,98.7699966430664,98.18685913085938
15-07-2016,98.3499984741211,99.05000305175781,604100,99.7300033569336,98.51000213623047,97.92840576171875
18-07-2016,98.05999755859375,98.61000061035156,653600,99.70999908447266,99.06999969482422,98.485107421875
19-07-2016,97.69999694824219,99.0,388500,99.02999877929688,98.2699966430664,97.68981170654297
20-07-2016,99.0999984741211,99.0999984741211,628100,100.73999786376953,100.19000244140625,99.59847259521484
21-07-2016,98.95999908447266,99.94000244140625,627200,101.19999694824219,99.5999984741211,99.01197814941406
22-07-2016,97.80000305175781,99.16999816894531,759000,100.52999877929688,99.80000305175781,99.21080017089844
25-07-2016,99.05999755859375,99.61000061035156,595300,100.7699966430664,100.5999984741211,100.00605010986328
26-07-2016,100.54000091552734,100.54000091552734,804500,102.93000030517578,101.12000274658203,100.52298736572266
27-07-2016,99.27999877929688,101.58999633789062,809400,101.97000122070312,100.47000122070312,99.8768310546875
28-07-2016,98.41999816894531,100.44000244140625,651800,100.54000091552734,99.62000274658203,99.03185272216797
29-07-2016,98.58000183105469,99.45999908447266,814200,101.30999755859375,101.05999755859375,100.46333312988281
01-08-2016,99.33000183105469,100.8499984741211,686200,101.12999725341797,99.91999816894531,99.33008575439453
02-08-2016,96.16000366210938,99.76000213623047,638100,99.76000213623047,96.51000213623047,95.94020080566406
03-08-2016,92.83000183105469,94.94999694824219,1347100,96.2300033569336,95.69000244140625,95.12504577636719
04-08-2016,96.0999984741211,96.0999984741211,661100,98.0,96.47000122070312,95.90044403076172
05-08-2016,96.58000183105469,97.3499984741211,817300,99.18000030517578,98.62999725341797,98.04769897460938
08-08-2016,98.22000122070312,99.05999755859375,589200,100.37999725341797,98.5,97.91845703125
09-08-2016,96.4000015258789,98.0,607200,98.13999938964844,96.58999633789062,96.01972961425781
10-08-2016,97.25,97.77999877929688,626000,99.55000305175781,98.13999938964844,97.56057739257812
11-08-2016,99.75,101.94000244140625,1540600,103.91000366210938,103.05000305175781,102.44159698486328
12-08-2016,102.31999969482422,102.61000061035156,644700,104.22000122070312,104.0,103.385986328125
15-08-2016,104.05999755859375,104.05999755859375,419700,105.5199966430664,105.05000305175781,104.42977905273438
16-08-2016,104.3499984741211,105.04000091552734,487400,105.62000274658203,105.18000030517578,104.55902099609375
17-08-2016,104.0,104.94999694824219,856800,105.69000244140625,105.05000305175781,104.42977905273438
18-08-2016,105.0,105.30000305175781,955200,107.05000305175781,106.5,105.87123107910156
19-08-2016,106.08000183105469,106.16000366210938,885500,108.2699966430664,107.98999786376953,107.3524169921875
22-08-2016,106.61000061035156,107.80000305175781,744100,108.0,107.22000122070312,106.62449645996094
23-08-2016,107.9000015258789,108.5199966430664,1294800,110.72000122070312,109.55000305175781,108.94155883789062
24-08-2016,107.52999877929688,110.0,1555600,110.01000213623047,108.81999969482422,108.21562194824219
25-08-2016,105.16000366210938,110.18000030517578,2452000,111.75,107.37000274658203,106.77367401123047
26-08-2016,106.61000061035156,107.93000030517578,1314600,110.19000244140625,107.58000183105469,106.98249053955078
29-08-2016,107.37000274658203,107.45999908447266,616200,109.72000122070312,108.7300033569336,108.1261215209961
30-08-2016,106.83000183105469,108.7300033569336,788800,108.7300033569336,107.91999816894531,107.32062530517578
31-08-2016,106.1500015258789,107.91999816894531,974400,108.5999984741211,107.76000213623047,107.16150665283203
01-09-2016,107.05000305175781,107.83999633789062,750100,108.80999755859375,108.18000030517578,107.57916259765625
02-09-2016,108.04000091552734,108.23999786376953,509700,109.68000030517578,108.55999755859375,107.9570541381836
06-09-2016,107.30000305175781,108.55999755859375,763400,108.91999816894531,108.38999938964844,107.78800964355469
07-09-2016,108.08999633789062,108.52999877929688,867000,110.41000366210938,110.19000244140625,109.57799530029297
08-09-2016,108.5199966430664,109.18000030517578,784500,110.4000015258789,108.7699966430664,108.16590118408203
09-09-2016,106.48999786376953,107.77999877929688,912300,108.44999694824219,107.1500015258789,106.55488586425781
12-09-2016,106.4000015258789,107.33000183105469,889600,108.9800033569336,108.6500015258789,108.04656219482422
13-09-2016,105.94999694824219,107.6500015258789,710500,108.80000305175781,106.7300033569336,106.13722229003906
14-09-2016,106.37999725341797,106.48999786376953,874800,108.58999633789062,106.93000030517578,106.33612823486328
15-09-2016,105.2699966430664,105.7300033569336,855400,107.58999633789062,107.4800033569336,106.88306427001953
16-09-2016,106.12000274658203,106.6500015258789,929400,107.44999694824219,107.19000244140625,106.59468841552734
19-09-2016,107.1500015258789,108.12000274658203,827700,108.80000305175781,108.05000305175781,107.44989013671875
20-09-2016,107.38999938964844,108.80000305175781,555900,109.77999877929688,107.87000274658203,107.27088928222656
21-09-2016,107.9000015258789,108.08999633789062,840100,109.51000213623047,109.27999877929688,108.67304992675781
22-09-2016,107.94000244140625,109.75,769900,109.9800033569336,108.80999755859375,108.20567321777344
23-09-2016,108.54000091552734,108.7699966430664,500500,110.02999877929688,108.5999984741211,107.99683380126953
26-09-2016,105.7300033569336,108.16000366210938,602700,108.31999969482422,105.80000305175781,105.21239471435547
27-09-2016,105.04000091552734,105.8499984741211,702600,107.26000213623047,106.37000274658203,105.77922058105469
28-09-2016,105.73999786376953,106.61000061035156,542000,107.05999755859375,106.83000183105469,106.23665618896484
29-09-2016,106.16999816894531,106.4800033569336,886600,108.26000213623047,106.66000366210938,106.06761932373047
30-09-2016,107.93000030517578,107.98999786376953,1612700,111.93000030517578,110.5,109.88628387451172
03-10-2016,109.7300033569336,110.29000091552734,1168800,112.61000061035156,111.54000091552734,110.92050170898438
04-10-2016,111.18000030517578,111.86000061035156,849100,112.91999816894531,112.19000244140625,111.56690216064453
05-10-2016,111.12999725341797,112.41000366210938,655100,112.69999694824219,111.16999816894531,110.55257415771484
06-10-2016,110.26000213623047,110.94999694824219,689200,112.13999938964844,111.91000366210938,111.2884521484375
07-10-2016,112.43000030517578,112.80000305175781,1182900,114.41999816894531,114.0,113.3668441772461
10-10-2016,113.81999969482422,114.41999816894531,1053400,115.4000015258789,113.97000122070312,113.3370132446289
11-10-2016,112.58999633789062,113.86000061035156,837700,114.18000030517578,112.63999938964844,112.014404296875
12-10-2016,111.44000244140625,112.9000015258789,867700,112.9800033569336,111.45999908447266,110.8409652709961
13-10-2016,108.93000030517578,110.36000061035156,777500,111.87999725341797,111.30999755859375,110.6917724609375
14-10-2016,109.88999938964844,111.94000244140625,569200,112.04000091552734,110.33999633789062,109.7271728515625
17-10-2016,109.77999877929688,110.6500015258789,721300,111.27999877929688,110.44000244140625,109.82662200927734
18-10-2016,110.16999816894531,111.61000061035156,681300,111.70999908447266,110.22000122070312,109.60783386230469
19-10-2016,110.29000091552734,110.83999633789062,843400,111.94000244140625,111.33000183105469,110.71167755126953
20-10-2016,109.91999816894531,110.56999969482422,462100,110.93000030517578,110.51000213623047,109.8962173461914
21-10-2016,108.70999908447266,109.36000061035156,645300,109.61000061035156,109.36000061035156,108.75260162353516
24-10-2016,108.47000122070312,109.47000122070312,685400,110.47000122070312,108.7699966430664,108.16590118408203
25-10-2016,105.06999969482422,107.2699966430664,1377900,107.2699966430664,105.52999877929688,104.94388580322266
26-10-2016,105.16000366210938,105.16000366210938,890700,106.45999908447266,105.56999969482422,104.9836654663086
27-10-2016,104.91999816894531,105.94999694824219,913400,106.30000305175781,105.0999984741211,104.5162582397461
28-10-2016,105.0,105.81999969482422,809300,106.68000030517578,105.88999938964844,105.30187225341797
31-10-2016,105.0999984741211,105.9000015258789,791300,107.12000274658203,106.9800033569336,106.38583374023438
01-11-2016,105.58999633789062,107.56999969482422,749400,108.43000030517578,106.52999877929688,105.93832397460938
02-11-2016,105.58999633789062,105.58999633789062,820400,108.19999694824219,106.7300033569336,106.13722229003906
03-11-2016,102.73999786376953,107.27999877929688,1123100,107.27999877929688,102.87000274658203,102.29866790771484
04-11-2016,102.80000305175781,103.04000091552734,962800,106.33000183105469,104.31999969482422,103.74060821533203
07-11-2016,105.72000122070312,106.02999877929688,802100,107.95999908447266,107.69999694824219,107.10183715820312
08-11-2016,106.47000122070312,107.52999877929688,875500,107.97000122070312,107.11000061035156,106.5151138305664
09-11-2016,102.29000091552734,105.45999908447266,2117000,107.45999908447266,107.05000305175781,106.45545959472656
10-11-2016,107.31999969482422,108.20999908447266,1714600,114.87999725341797,112.30000305175781,111.67630767822266
11-11-2016,110.5199966430664,111.41999816894531,982700,112.29000091552734,112.08000183105469,111.45751190185547
14-11-2016,105.48999786376953,112.41000366210938,2115400,113.75,105.68000030517578,105.09305572509766
15-11-2016,104.72000122070312,105.80000305175781,1274300,108.98999786376953,108.5999984741211,107.99683380126953
16-11-2016,107.45999908447266,107.83999633789062,836400,109.0999984741211,108.0999984741211,107.49961853027344
17-11-2016,107.94999694824219,109.26000213623047,730500,110.3499984741211,110.12999725341797,109.5183334350586
18-11-2016,106.26000213623047,109.9800033569336,701100,110.23999786376953,106.37000274658203,105.77922058105469
21-11-2016,106.91999816894531,106.91999816894531,769900,108.9800033569336,107.95999908447266,107.39875793457031
22-11-2016,107.66000366210938,108.4800033569336,702300,108.93000030517578,108.44999694824219,107.88619995117188
23-11-2016,108.31999969482422,108.31999969482422,490200,109.94999694824219,109.0199966430664,108.4532470703125
25-11-2016,108.31999969482422,109.58000183105469,319400,110.2699966430664,108.69000244140625,108.1249771118164
28-11-2016,107.47000122070312,108.37000274658203,582200,108.73999786376953,108.06999969482422,107.50819396972656
29-11-2016,105.4800033569336,108.12000274658203,1083700,109.16999816894531,106.02999877929688,105.47879791259766
30-11-2016,105.38999938964844,106.37000274658203,1469400,107.36000061035156,105.94000244140625,105.38926696777344
01-12-2016,104.80999755859375,105.0,2462900,110.97000122070312,107.98999786376953,107.4285888671875
02-12-2016,102.08000183105469,107.4800033569336,1956800,107.51000213623047,102.44999694824219,101.91741180419922
05-12-2016,102.80999755859375,103.2300033569336,1755200,107.11000061035156,106.95999908447266,106.4039535522461
06-12-2016,104.61000061035156,106.55000305175781,1124800,106.7300033569336,106.48999786376953,105.9364013671875
07-12-2016,106.61000061035156,106.61000061035156,1469700,111.38999938964844,111.36000061035156,110.78109741210938
08-12-2016,108.0,112.48999786376953,1625400,113.20999908447266,108.23999786376953,107.67731475830078
09-12-2016,106.48999786376953,108.16000366210938,1189200,108.3499984741211,106.5,105.94635772705078
12-12-2016,101.31999969482422,106.7300033569336,1697700,107.08999633789062,102.4000015258789,101.86766815185547
13-12-2016,101.55999755859375,102.8499984741211,1309100,103.4000015258789,102.01000213623047,101.47969818115234
14-12-2016,99.73999786376953,102.12000274658203,1216600,102.5,100.0199966430664,99.50004577636719
15-12-2016,93.11000061035156,99.8499984741211,4061300,99.86000061035156,93.94000244140625,93.45165252685547
16-12-2016,91.86000061035156,94.37000274658203,3736700,94.5,91.9800033569336,91.50184631347656
19-12-2016,90.54000091552734,92.06999969482422,1566400,92.88999938964844,91.70999908447266,91.23323059082031
20-12-2016,91.44000244140625,92.58999633789062,1588000,93.83000183105469,92.41999816894531,91.93954467773438
21-12-2016,91.2699966430664,92.01000213623047,1390100,92.62999725341797,92.5,92.01913452148438
22-12-2016,90.13999938964844,92.12999725341797,1070800,92.61000061035156,90.36000061035156,89.89026641845703
23-12-2016,89.80000305175781,90.77999877929688,744500,91.98999786376953,90.04000091552734,89.5719223022461
27-12-2016,90.02999877929688,90.19999694824219,561400,91.23999786376953,90.47000122070312,89.99968719482422
28-12-2016,89.51000213623047,90.48999786376953,684200,90.7699966430664,90.01000213623047,89.54207611083984
29-12-2016,90.01000213623047,90.3499984741211,873400,91.33999633789062,90.87000274658203,90.3976058959961
30-12-2016,89.55999755859375,90.7699966430664,742400,91.30000305175781,90.23999786376953,89.77088928222656
03-01-2017,90.3499984741211,90.95999908447266,964300,91.7300033569336,90.9800033569336,90.50703430175781
04-01-2017,91.54000091552734,91.54000091552734,1432500,93.83999633789062,91.97000122070312,91.49189758300781
05-01-2017,89.97000122070312,90.5999984741211,2209700,93.08000183105469,92.95999908447266,92.47673034667969
06-01-2017,91.52999877929688,92.69000244140625,1174000,93.22000122070312,92.86000061035156,92.37725067138672
09-01-2017,91.83000183105469,93.06999969482422,917300,93.06999969482422,92.26000213623047,91.78036499023438
10-01-2017,92.19000244140625,92.76000213623047,1417800,94.47000122070312,93.8499984741211,93.36210632324219
11-01-2017,91.31999969482422,93.37999725341797,1023500,93.98999786376953,92.38999938964844,91.90970611572266
12-01-2017,91.5999984741211,91.87000274658203,834900,93.23999786376953,93.12999725341797,92.64585876464844
13-01-2017,88.70999908447266,93.13999938964844,2137500,93.80000305175781,89.30999755859375,88.84571838378906
17-01-2017,90.33999633789062,90.41000366210938,2998300,96.5,94.83000183105469,94.33702850341797
18-01-2017,91.6500015258789,94.52999877929688,1361200,94.9800033569336,93.36000061035156,92.87466430664062
19-01-2017,90.94000244140625,93.02999877929688,945900,93.69000244140625,91.56999969482422,91.09396362304688
20-01-2017,91.41999816894531,91.91999816894531,988500,93.20999908447266,92.81999969482422,92.33747100830078
23-01-2017,91.41999816894531,92.3499984741211,864500,93.2699966430664,92.19999694824219,91.7206802368164
24-01-2017,92.16000366210938,92.55999755859375,733300,94.02999877929688,93.19000244140625,92.70555114746094
25-01-2017,93.58000183105469,94.06999969482422,742400,94.97000122070312,94.80999755859375,94.31712341308594
26-01-2017,93.2300033569336,95.11000061035156,649800,95.5,93.30000305175781,92.81497955322266
27-01-2017,90.0999984741211,93.55000305175781,1052200,93.97000122070312,90.30000305175781,89.83058166503906
30-01-2017,89.19000244140625,90.0999984741211,924200,92.31999969482422,92.27999877929688,91.8002700805664
31-01-2017,90.0999984741211,90.62000274658203,1283800,93.97000122070312,93.80999755859375,93.32233428955078
01-02-2017,89.6500015258789,93.25,1592300,93.30999755859375,89.87000274658203,89.40280151367188
02-02-2017,88.0999984741211,88.5999984741211,1075400,90.76000213623047,89.4000015258789,88.93525695800781
03-02-2017,86.16999816894531,88.95999908447266,1727600,88.95999908447266,87.56999969482422,87.1147689819336
06-02-2017,87.12999725341797,87.6500015258789,770300,89.3499984741211,88.43000030517578,87.97028350830078
07-02-2017,85.18000030517578,88.04000091552734,1850100,88.3499984741211,85.4800033569336,85.03561401367188
08-02-2017,84.52999877929688,85.68000030517578,2845800,87.20999908447266,87.19000244140625,86.73673248291016
09-02-2017,87.16000366210938,87.19000244140625,1368600,89.19000244140625,87.19000244140625,86.73673248291016
10-02-2017,87.70999908447266,88.08000183105469,1527600,90.33000183105469,90.12000274658203,89.65150451660156
13-02-2017,88.87000274658203,90.16999816894531,959600,90.63999938964844,88.93000030517578,88.46769714355469
14-02-2017,88.91000366210938,88.91000366210938,1123900,91.52999877929688,90.26000213623047,89.79078674316406
15-02-2017,89.33000183105469,89.98999786376953,957900,90.44000244140625,89.86000061035156,89.39285278320312
16-02-2017,88.05999755859375,90.25,909400,90.29000091552734,88.37000274658203,87.91060638427734
17-02-2017,88.19000244140625,88.19000244140625,1239100,90.6500015258789,90.31999969482422,89.8504638671875
21-02-2017,90.01000213623047,90.25,737700,91.5199966430664,90.25,89.78082275390625
22-02-2017,90.0199966430664,90.26000213623047,694100,91.4800033569336,91.38999938964844,90.95319366455078
23-02-2017,90.4800033569336,91.45999908447266,1585200,93.0,90.76000213623047,90.32621765136719
24-02-2017,89.98999786376953,90.72000122070312,2208000,93.31999969482422,91.56999969482422,91.13233184814453
27-02-2017,91.44000244140625,91.44000244140625,730300,92.93000030517578,92.33000183105469,91.88870239257812
28-02-2017,90.91999816894531,91.94000244140625,963200,92.43000030517578,91.5999984741211,91.16218566894531
01-03-2017,90.97000122070312,92.4800033569336,1134300,92.81999969482422,92.23999786376953,91.79911804199219
02-03-2017,90.95999908447266,92.05999755859375,1264100,92.37000274658203,91.91999816894531,91.48065948486328
03-03-2017,89.76000213623047,92.29000091552734,953000,92.86000061035156,90.08999633789062,89.6594009399414
06-03-2017,89.55000305175781,89.91000366210938,1333900,90.80000305175781,90.19999694824219,89.76888275146484
07-03-2017,88.88999938964844,89.56999969482422,685800,90.33000183105469,89.75,89.32103729248047
08-03-2017,89.83000183105469,90.16999816894531,654000,91.7300033569336,91.38999938964844,90.95319366455078
09-03-2017,90.5,91.19000244140625,653500,91.83000183105469,91.13999938964844,90.70439910888672
10-03-2017,90.93000030517578,91.58000183105469,824100,92.37000274658203,91.12000274658203,90.68449401855469
13-03-2017,90.05999755859375,91.5199966430664,787700,91.9800033569336,90.93000030517578,90.49539947509766
14-03-2017,91.11000061035156,91.19999694824219,753100,92.33000183105469,91.5199966430664,91.08257293701172
15-03-2017,90.72000122070312,92.12000274658203,1152100,92.80000305175781,92.38999938964844,91.94841766357422
16-03-2017,91.52999877929688,92.27999877929688,1365900,95.19000244140625,93.83000183105469,93.38153076171875
17-03-2017,93.0,94.36000061035156,1249500,95.0,94.6500015258789,94.19762420654297
20-03-2017,92.87000274658203,94.44999694824219,923800,94.94999694824219,93.58000183105469,93.13273620605469
21-03-2017,91.33999633789062,93.56999969482422,1373500,93.93000030517578,92.68000030517578,92.23702239990234
22-03-2017,89.5199966430664,92.38999938964844,2385800,92.5999984741211,90.8499984741211,90.41577911376953
23-03-2017,97.44999694824219,99.4000015258789,4915300,100.0,98.55000305175781,98.0789794921875
24-03-2017,98.87999725341797,100.16999816894531,2520500,102.11000061035156,100.94000244140625,100.45755004882812
27-03-2017,100.1500015258789,100.33999633789062,1705900,102.51000213623047,101.5,101.014892578125
28-03-2017,101.52999877929688,101.62999725341797,1056800,103.12000274658203,102.69000244140625,102.19918823242188
29-03-2017,101.1500015258789,101.81999969482422,1049100,104.27999877929688,103.83999633789062,103.34368896484375
30-03-2017,102.11000061035156,103.41999816894531,755900,104.27999877929688,103.62000274658203,103.12474060058594
31-03-2017,102.97000122070312,103.52999877929688,774500,103.91000366210938,103.47000122070312,102.9754638671875
03-04-2017,102.66999816894531,103.4800033569336,793700,104.25,103.18000030517578,102.68685150146484
04-04-2017,101.36000061035156,103.54000091552734,956500,104.01000213623047,101.77999877929688,101.29353332519531
05-04-2017,101.4800033569336,101.95999908447266,822300,103.5999984741211,101.9800033569336,101.49258422851562
06-04-2017,101.66999816894531,102.37999725341797,853900,103.83999633789062,101.97000122070312,101.48263549804688
07-04-2017,101.69999694824219,101.91999816894531,1326900,102.87000274658203,101.9000015258789,101.4129638671875
10-04-2017,101.55000305175781,102.02999877929688,781500,103.70999908447266,101.63999938964844,101.15421295166016
11-04-2017,100.66000366210938,101.69999694824219,851400,101.83999633789062,101.36000061035156,100.87554931640625
12-04-2017,100.81999969482422,101.2699966430664,973400,101.8499984741211,101.20999908447266,100.72626495361328
13-04-2017,99.47000122070312,101.41999816894531,1330000,101.95999908447266,99.80999755859375,99.33295440673828
17-04-2017,99.56999969482422,100.02999877929688,1117300,100.54000091552734,99.94000244140625,99.46233367919922
18-04-2017,99.0,99.5199966430664,886000,100.56999969482422,99.5199966430664,99.0443344116211
19-04-2017,99.33000183105469,99.94000244140625,811800,100.48999786376953,99.44999694824219,98.97466278076172
20-04-2017,99.81999969482422,100.0199966430664,1497000,101.55999755859375,101.41000366210938,100.92530822753906
21-04-2017,98.04000091552734,100.70999908447266,1521200,101.08999633789062,98.26000213623047,97.79036712646484
24-04-2017,99.94999694824219,100.0199966430664,1954900,102.94000244140625,102.30999755859375,101.82099914550781
25-04-2017,101.44000244140625,102.41999816894531,1098000,103.16999816894531,102.87000274658203,102.37832641601562
26-04-2017,102.80000305175781,103.0999984741211,867900,104.72000122070312,103.44999694824219,102.95555877685547
27-04-2017,102.38999938964844,103.41000366210938,702800,103.9000015258789,103.0199966430664,102.52759552001953
28-04-2017,100.22000122070312,102.79000091552734,826000,102.79000091552734,101.02999877929688,100.54713439941406
01-05-2017,99.83999633789062,101.0199966430664,506400,101.61000061035156,100.08000183105469,99.60166931152344
02-05-2017,100.2300033569336,100.70999908447266,754000,101.62000274658203,101.5999984741211,101.1144027709961
03-05-2017,99.8499984741211,101.41999816894531,714300,101.86000061035156,100.91000366210938,100.42769622802734
04-05-2017,100.2300033569336,101.51000213623047,789900,101.80000305175781,101.16000366210938,100.6764907836914
05-05-2017,101.11000061035156,101.16000366210938,734500,103.0,102.5999984741211,102.10961151123047
08-05-2017,102.22000122070312,103.30999755859375,527200,103.4000015258789,102.38999938964844,101.90062713623047
09-05-2017,102.30999755859375,102.81999969482422,957100,103.44000244140625,102.76000213623047,102.26885986328125
10-05-2017,101.31999969482422,102.27999877929688,750500,103.44000244140625,103.30999755859375,102.81621551513672
11-05-2017,99.94999694824219,101.9800033569336,1065000,102.66000366210938,100.93000030517578,100.44760131835938
12-05-2017,98.55999755859375,100.19000244140625,886100,100.72000122070312,100.19000244140625,99.71113586425781
15-05-2017,100.2300033569336,100.23999786376953,796100,101.0,100.48999786376953,100.00971221923828
16-05-2017,98.77999877929688,99.97000122070312,1188600,100.52999877929688,99.08999633789062,98.6536865234375
17-05-2017,97.37999725341797,99.08999633789062,1158900,99.1500015258789,97.47000122070312,97.04082489013672
18-05-2017,97.11000061035156,97.87000274658203,1498500,100.37000274658203,99.08999633789062,98.6536865234375
19-05-2017,96.8499984741211,99.12000274658203,1582500,101.06999969482422,100.41000366210938,99.9678955078125
22-05-2017,100.9800033569336,101.37000274658203,1456000,102.72000122070312,102.12000274658203,101.67036437988281
23-05-2017,102.08999633789062,103.0,1667300,104.5,102.37999725341797,101.92921447753906
24-05-2017,100.37000274658203,102.2300033569336,2285700,102.4000015258789,102.04000091552734,101.59070587158203
25-05-2017,105.94999694824219,107.58999633789062,3913400,109.01000213623047,106.9800033569336,106.50895690917969
26-05-2017,105.27999877929688,106.55999755859375,1337800,107.05000305175781,105.29000091552734,104.8263931274414
30-05-2017,105.02999877929688,106.25,1420500,107.01000213623047,105.58999633789062,105.12506866455078
31-05-2017,104.3499984741211,105.88999938964844,1278600,106.05999755859375,105.94999694824219,105.4834976196289
01-06-2017,105.73999786376953,106.04000091552734,983800,107.56999969482422,106.20999908447266,105.74235534667969
02-06-2017,105.05999755859375,106.43000030517578,672900,106.69000244140625,105.95999908447266,105.49345397949219
05-06-2017,104.55999755859375,105.73999786376953,1174200,105.9800033569336,105.20999908447266,104.74675750732422
06-06-2017,103.4800033569336,104.5199966430664,963100,105.06999969482422,103.6500015258789,103.1936264038086
07-06-2017,102.05000305175781,103.52999877929688,988500,103.83000183105469,103.18000030517578,102.72569274902344
08-06-2017,102.88999938964844,103.18000030517578,639000,104.13999938964844,103.16000366210938,102.7057876586914
09-06-2017,102.80999755859375,103.30000305175781,751900,105.98999786376953,105.58999633789062,105.12506866455078
12-06-2017,105.30000305175781,105.37000274658203,1115000,107.20999908447266,106.19999694824219,105.73238372802734
13-06-2017,105.12000274658203,106.2699966430664,752400,106.2699966430664,105.61000061035156,105.14500427246094
14-06-2017,105.26000213623047,106.05000305175781,694900,106.58000183105469,106.43000030517578,105.96137237548828
15-06-2017,104.76000213623047,104.91999816894531,711000,105.91999816894531,105.66000366210938,105.19477081298828
16-06-2017,104.68000030517578,105.4800033569336,980800,105.73999786376953,105.12999725341797,104.66710662841797
19-06-2017,104.33999633789062,105.26000213623047,611600,105.80999755859375,105.72000122070312,105.25450134277344
20-06-2017,104.51000213623047,105.5999984741211,769600,105.5999984741211,104.88999938964844,104.42815399169922
21-06-2017,104.47000122070312,104.52999877929688,826800,105.26000213623047,105.06999969482422,104.60736083984375
22-06-2017,105.58000183105469,105.5999984741211,1628400,110.12000274658203,109.06999969482422,108.58975219726562
23-06-2017,108.05999755859375,108.70999908447266,1386900,110.58999633789062,110.4800033569336,109.9935531616211
26-06-2017,111.05999755859375,111.05999755859375,1243600,112.80000305175781,112.33000183105469,111.83539581298828
27-06-2017,111.93000030517578,112.44000244140625,901600,112.95999908447266,112.4800033569336,111.98474884033203
28-06-2017,112.77999877929688,113.05000305175781,1227000,115.86000061035156,113.37000274658203,112.87084197998047
29-06-2017,112.73999786376953,113.5999984741211,1086400,114.5199966430664,113.77999877929688,113.27901458740234
30-06-2017,114.08999633789062,114.95999908447266,995400,115.41999816894531,114.5,113.99584197998047
03-07-2017,114.2300033569336,114.44999694824219,561500,115.16999816894531,114.83999633789062,114.3343505859375
05-07-2017,112.91000366210938,114.63999938964844,801600,114.81999969482422,113.44999694824219,112.95047760009766
06-07-2017,110.58999633789062,113.04000091552734,850000,113.23999786376953,110.87999725341797,110.39178466796875
07-07-2017,111.30999755859375,111.33999633789062,431300,112.58000183105469,112.16999816894531,111.67610931396484
10-07-2017,111.4800033569336,112.0,685100,113.12999725341797,112.0,111.5068588256836
11-07-2017,110.76000213623047,111.88999938964844,704400,112.51000213623047,111.76000213623047,111.26791381835938
12-07-2017,111.68000030517578,112.2699966430664,685700,112.98999786376953,111.83000183105469,111.3376235961914
13-07-2017,111.5199966430664,112.27999877929688,1037600,113.69999694824219,113.29000091552734,112.79116821289062
14-07-2017,112.05999755859375,113.66999816894531,568100,113.69999694824219,112.55999755859375,112.06437683105469
17-07-2017,112.73999786376953,112.94999694824219,545500,114.51000213623047,113.61000061035156,113.1097640991211
18-07-2017,112.16999816894531,113.69999694824219,550900,114.12000274658203,112.94000244140625,112.44271850585938
19-07-2017,112.77999877929688,113.30000305175781,444400,114.27999877929688,114.06999969482422,113.56774139404297
20-07-2017,113.80000305175781,114.38999938964844,858600,116.19000244140625,115.75,115.24034118652344
21-07-2017,115.37999725341797,115.87000274658203,714100,117.66999816894531,116.9800033569336,116.46493530273438
24-07-2017,116.06999969482422,117.23999786376953,658100,117.23999786376953,116.5199966430664,116.00695037841797
25-07-2017,116.2699966430664,116.76000213623047,765500,119.72000122070312,118.7300033569336,118.20722198486328
26-07-2017,117.51000213623047,118.7300033569336,560500,118.9000015258789,118.41000366210938,117.88865661621094
27-07-2017,118.19999694824219,118.51000213623047,629400,119.95999908447266,119.16000366210938,118.63534545898438
28-07-2017,118.56999969482422,119.27999877929688,914300,120.48999786376953,119.94000244140625,119.4118881225586
31-07-2017,118.16999816894531,119.94000244140625,696400,119.94000244140625,119.29000091552734,118.76475524902344
01-08-2017,118.44999694824219,119.41000366210938,475100,120.13999938964844,120.01000213623047,119.48158264160156
02-08-2017,119.41999816894531,119.69999694824219,557300,120.98999786376953,119.7300033569336,119.20281219482422
03-08-2017,119.61000061035156,120.0,654200,121.61000061035156,121.2699966430664,120.73603820800781
04-08-2017,121.30000305175781,121.30000305175781,760300,122.75,122.0999984741211,121.56237030029297
07-08-2017,122.13999938964844,123.04000091552734,675200,124.94999694824219,124.08999633789062,123.54361724853516
08-08-2017,124.08999633789062,125.83999633789062,846000,126.11000061035156,124.30000305175781,123.752685546875
09-08-2017,123.13999938964844,123.58000183105469,610200,124.69999694824219,124.11000061035156,123.56352996826172
10-08-2017,121.41999816894531,123.41999816894531,857000,123.79000091552734,121.62999725341797,121.09443664550781
11-08-2017,121.08999633789062,121.3499984741211,686300,124.30999755859375,123.87999725341797,123.33454132080078
14-08-2017,123.94999694824219,124.63999938964844,580100,125.08999633789062,124.37000274658203,123.82239532470703
15-08-2017,121.73999786376953,123.80999755859375,806600,124.86000061035156,123.37999725341797,122.83675384521484
16-08-2017,122.98999786376953,123.48999786376953,634700,124.63999938964844,124.16000366210938,123.61332702636719
17-08-2017,122.23999786376953,124.0,1150300,124.83000183105469,122.30000305175781,121.76151275634766
18-08-2017,119.06999969482422,121.5,1128500,121.51000213623047,121.05000305175781,120.51700592041016
21-08-2017,119.22000122070312,120.80999755859375,898800,120.94000244140625,120.05999755859375,119.53136444091797
22-08-2017,119.16999816894531,120.38999938964844,1097700,121.41999816894531,120.31999969482422,119.82814025878906
23-08-2017,118.66000366210938,120.3499984741211,1583200,120.91999816894531,120.04000091552734,119.54928588867188
24-08-2017,122.0,128.0,3806400,130.25,126.91999816894531,126.40117645263672
25-08-2017,124.13999938964844,127.52999877929688,1507700,129.27999877929688,125.9000015258789,125.3853530883789
28-08-2017,124.58999633789062,126.11000061035156,1043600,126.41999816894531,126.2300033569336,125.71399688720703
29-08-2017,123.77999877929688,125.87000274658203,909800,127.08999633789062,126.62000274658203,126.10240173339844
30-08-2017,125.95999908447266,126.52999877929688,735700,127.91999816894531,126.04000091552734,125.5247573852539
31-08-2017,125.3499984741211,126.55000305175781,602200,126.83000183105469,125.88999938964844,125.37537384033203
01-09-2017,125.27999877929688,126.19000244140625,498700,126.87000274658203,126.52999877929688,126.01275634765625
05-09-2017,126.55000305175781,126.87999725341797,1033300,128.75,128.5,127.97470092773438
06-09-2017,128.6199951171875,129.52000427246094,881000,130.75,129.11000061035156,128.5822296142578
07-09-2017,128.3699951171875,129.5399932861328,975400,130.0800018310547,128.69000244140625,128.1639404296875
08-09-2017,127.33999633789062,128.57000732421875,648400,128.57000732421875,127.76000213623047,127.23773193359375
11-09-2017,128.11000061035156,128.41000366210938,752100,130.14999389648438,129.60000610351562,129.0702362060547
12-09-2017,127.83000183105469,129.8800048828125,645600,130.24000549316406,128.08999633789062,127.56637573242188
13-09-2017,126.55999755859375,128.1999969482422,765800,129.1300048828125,127.43000030517578,126.9090805053711
14-09-2017,123.77999877929688,127.31999969482422,822200,127.31999969482422,126.43000030517578,125.91317749023438
15-09-2017,126.58999633789062,127.12999725341797,1186800,128.5800018310547,128.10000610351562,127.57634735107422
18-09-2017,127.66000366210938,128.60000610351562,932100,128.63999938964844,128.00999450683594,127.48670959472656
19-09-2017,126.5,128.0800018310547,759600,128.6999969482422,127.47000122070312,126.94891357421875
20-09-2017,125.97000122070312,127.76000213623047,803300,128.13999938964844,126.68000030517578,126.16214752197266
21-09-2017,125.69000244140625,126.69000244140625,496600,127.0999984741211,125.8499984741211,125.33554077148438
22-09-2017,125.44000244140625,125.97000122070312,433000,126.20999908447266,126.06999969482422,125.55464935302734
25-09-2017,124.91000366210938,125.5999984741211,611300,126.95999908447266,125.12000274658203,124.60852813720703
26-09-2017,125.0199966430664,125.30000305175781,786500,127.36000061035156,126.70999908447266,126.19203186035156
27-09-2017,124.87999725341797,126.45999908447266,837100,126.93000030517578,126.36000061035156,125.84346771240234
28-09-2017,124.19000244140625,126.20999908447266,869800,126.20999908447266,125.5199966430664,125.00688934326172
29-09-2017,125.18000030517578,125.66000366210938,512200,126.61000061035156,126.05999755859375,125.54468536376953
02-10-2017,124.68000030517578,125.91999816894531,504300,127.01000213623047,127.0,126.4808349609375
03-10-2017,125.63999938964844,127.0,1220300,127.0,126.2699966430664,125.75382232666016
04-10-2017,126.1500015258789,126.31999969482422,719400,127.91999816894531,127.29000091552734,126.76966094970703
05-10-2017,126.01000213623047,127.19999694824219,909300,127.73999786376953,127.31999969482422,126.7995376586914
06-10-2017,126.23999786376953,127.18000030517578,652100,127.55999755859375,127.52999877929688,127.0086669921875
09-10-2017,124.43000030517578,127.58000183105469,641000,127.62000274658203,125.02999877929688,124.51889038085938
10-10-2017,124.73999786376953,125.06999969482422,643400,126.31999969482422,126.04000091552734,125.5247573852539
11-10-2017,124.83000183105469,125.97000122070312,769600,126.45999908447266,126.20999908447266,125.69408416748047
12-10-2017,124.12999725341797,125.77999877929688,652700,125.77999877929688,124.80000305175781,124.28984069824219
13-10-2017,124.08999633789062,124.8499984741211,711300,127.18000030517578,124.94000244140625,124.42927551269531
16-10-2017,123.6500015258789,124.88999938964844,775000,125.36000061035156,124.66999816894531,124.16036224365234
17-10-2017,123.97000122070312,124.16999816894531,575200,125.33999633789062,124.16000366210938,123.65245819091797
18-10-2017,123.98999786376953,124.7300033569336,480700,125.2699966430664,124.36000061035156,123.85163116455078
19-10-2017,123.81999969482422,124.16000366210938,634400,126.12999725341797,125.73999786376953,125.22599792480469
20-10-2017,126.22000122070312,126.33999633789062,980100,128.67999267578125,128.30999755859375,127.78546142578125
23-10-2017,128.72999572753906,128.85000610351562,1051100,133.24000549316406,129.67999267578125,129.14988708496094
24-10-2017,129.1199951171875,129.22999572753906,607700,130.1199951171875,129.6199951171875,129.0901336669922
25-10-2017,128.55999755859375,129.60000610351562,536400,130.1999969482422,130.0,129.4685821533203
26-10-2017,129.02000427246094,130.1300048828125,467900,130.72999572753906,129.0399932861328,128.51248168945312
27-10-2017,126.9000015258789,128.5399932861328,692400,128.57000732421875,127.05000305175781,126.53064727783203
30-10-2017,125.43000030517578,126.26000213623047,676100,127.5,127.36000061035156,126.83937072753906
31-10-2017,126.11000061035156,126.91999816894531,536400,127.27999877929688,126.80999755859375,126.29161071777344
01-11-2017,126.91000366210938,127.37000274658203,717200,129.9199981689453,127.91000366210938,127.38713836669922
02-11-2017,126.51000213623047,129.02000427246094,706200,129.2899932861328,127.55999755859375,127.03854370117188
03-11-2017,126.5199966430664,127.23999786376953,721300,128.50999450683594,126.87999725341797,126.36132049560547
06-11-2017,127.04000091552734,127.37000274658203,374100,129.38999938964844,127.38999938964844,126.86925506591797
07-11-2017,122.30999755859375,127.44000244140625,921300,127.44000244140625,122.73999786376953,122.23824310302734
08-11-2017,120.91000366210938,122.44999694824219,898300,124.61000061035156,123.56999969482422,123.06488037109375
09-11-2017,123.0,123.22000122070312,776600,126.11000061035156,124.87000274658203,124.35954284667969
10-11-2017,125.0199966430664,125.0199966430664,1009400,127.62000274658203,127.47000122070312,126.94891357421875
13-11-2017,125.83999633789062,127.2300033569336,508300,127.75,127.47000122070312,126.94891357421875
14-11-2017,125.41999816894531,126.7300033569336,491100,127.37999725341797,126.83000183105469,126.3115463256836
15-11-2017,125.44000244140625,126.86000061035156,798300,127.43000030517578,126.87999725341797,126.36132049560547
16-11-2017,125.9800033569336,126.87000274658203,684500,130.25999450683594,129.94000244140625,129.4088134765625
17-11-2017,130.41000366210938,130.6699981689453,1301500,133.47000122070312,133.1199951171875,132.57582092285156
20-11-2017,133.1699981689453,133.6699981689453,996500,136.39999389648438,136.3699951171875,135.8125457763672
21-11-2017,135.3699951171875,136.41000366210938,812300,136.83999633789062,136.11000061035156,135.5913848876953
22-11-2017,134.72999572753906,135.89999389648438,915700,136.1199951171875,135.27000427246094,134.7545623779297
24-11-2017,135.36000061035156,136.25,249400,136.75999450683594,135.47000122070312,134.95382690429688
27-11-2017,134.8300018310547,135.47999572753906,935600,137.10000610351562,135.24000549316406,134.72470092773438
28-11-2017,135.3000030517578,135.3000030517578,1021100,138.66000366210938,137.55999755859375,137.03585815429688
29-11-2017,136.4600067138672,138.42999267578125,1385700,139.50999450683594,137.13999938964844,136.61744689941406
30-11-2017,132.52000427246094,137.0,2410500,138.5,134.5500030517578,134.03732299804688
01-12-2017,133.6300048828125,135.17999267578125,1347300,138.11000061035156,137.30999755859375,136.7867889404297
04-12-2017,134.27000427246094,137.82000732421875,1691800,138.27000427246094,134.27999877929688,133.7683563232422
05-12-2017,131.77000427246094,134.75999450683594,1512900,134.80999755859375,133.60000610351562,133.09092712402344
06-12-2017,132.0,133.89999389648438,814300,134.13999938964844,133.27999877929688,132.7721710205078
07-12-2017,132.60000610351562,133.00999450683594,668500,134.13999938964844,133.72999572753906,133.22044372558594
08-12-2017,133.63999938964844,134.19000244140625,554200,135.41000366210938,135.39999389648438,134.88406372070312
11-12-2017,133.5800018310547,134.9499969482422,537200,135.72000122070312,134.55999755859375,134.0472869873047
12-12-2017,132.61000061035156,134.72999572753906,781100,134.9499969482422,132.94000244140625,132.43345642089844
13-12-2017,132.60000610351562,132.75,791400,134.3000030517578,132.61000061035156,132.10470581054688
14-12-2017,130.80999755859375,133.38999938964844,981600,133.44000244140625,131.69000244140625,131.188232421875
15-12-2017,132.61000061035156,132.6300048828125,987700,134.5800018310547,134.0399932861328,133.52926635742188
18-12-2017,133.8699951171875,134.36000061035156,963400,137.85000610351562,136.30999755859375,135.7906036376953
19-12-2017,135.94000244140625,137.0500030517578,1020400,137.91000366210938,136.60000610351562,136.07952880859375
20-12-2017,135.4199981689453,137.47000122070312,530300,137.47000122070312,135.6199951171875,135.10325622558594
21-12-2017,134.9499969482422,135.69000244140625,673900,136.8800048828125,135.61000061035156,135.0933074951172
22-12-2017,134.63999938964844,136.17999267578125,767700,136.32000732421875,135.60000610351562,135.0833282470703
26-12-2017,135.39999389648438,135.39999389648438,342100,136.82000732421875,136.52000427246094,135.9998321533203
27-12-2017,135.88999938964844,136.92999267578125,407900,137.16000366210938,136.6699981689453,136.1492462158203
28-12-2017,135.86000061035156,136.77000427246094,469100,137.1300048828125,136.91000366210938,136.38832092285156
29-12-2017,137.08999633789062,137.7899932861328,628000,138.6999969482422,137.2100067138672,136.68719482421875
02-01-2018,137.27000427246094,137.58999633789062,638300,139.3800048828125,138.97000122070312,138.44049072265625
03-01-2018,137.92999267578125,139.36000061035156,855200,139.75999450683594,139.2100067138672,138.67958068847656
04-01-2018,137.8000030517578,139.19000244140625,1033300,142.6999969482422,141.4199981689453,140.88111877441406
05-01-2018,140.10000610351562,141.32000732421875,1099800,143.6999969482422,143.08999633789062,142.54476928710938
08-01-2018,140.4199981689453,143.10000610351562,821800,143.6300048828125,142.74000549316406,142.1961212158203
09-01-2018,140.5399932861328,142.00999450683594,414300,142.80999755859375,141.16000366210938,140.62216186523438
10-01-2018,139.14999389648438,140.8800048828125,581500,141.1999969482422,140.94000244140625,140.40298461914062
11-01-2018,140.19000244140625,141.0500030517578,490000,142.6300048828125,142.5800018310547,142.0367431640625
12-01-2018,142.58999633789062,143.0,488800,144.8300018310547,143.6300048828125,143.08273315429688
16-01-2018,141.0800018310547,144.14999389648438,518900,144.14999389648438,141.39999389648438,140.86122131347656
17-01-2018,140.86000061035156,141.9499969482422,510800,143.22999572753906,142.49000549316406,141.9470672607422
18-01-2018,143.7899932861328,147.33999633789062,640900,148.2899932861328,144.6999969482422,144.14865112304688
19-01-2018,144.97999572753906,145.52999877929688,568700,147.19000244140625,147.07000732421875,146.50962829589844
22-01-2018,145.89999389648438,147.05999755859375,589000,148.6699981689453,148.35000610351562,147.78475952148438
23-01-2018,147.11000061035156,148.05999755859375,665900,151.36000061035156,151.0800018310547,150.50436401367188
24-01-2018,150.74000549316406,151.6300048828125,628800,153.74000549316406,151.33999633789062,150.76333618164062
25-01-2018,151.02999877929688,152.38999938964844,926400,155.63999938964844,152.7100067138672,152.12815856933594
26-01-2018,150.88999938964844,153.5800018310547,708300,154.0500030517578,153.83999633789062,153.2538299560547
29-01-2018,152.99000549316406,152.99000549316406,680900,157.22000122070312,155.16000366210938,154.56878662109375
30-01-2018,153.6300048828125,154.85000610351562,729600,157.9600067138672,156.25,155.65464782714844
31-01-2018,154.5800018310547,156.3699951171875,716000,157.8000030517578,155.0800018310547,154.48910522460938
01-02-2018,152.08999633789062,153.0,695400,155.66000366210938,154.1699981689453,153.58258056640625
02-02-2018,150.47000122070312,153.30999755859375,592800,154.47999572753906,151.07000732421875,150.494384765625
05-02-2018,146.25,150.49000549316406,840800,152.58999633789062,146.25,145.69276428222656
06-02-2018,141.05999755859375,143.05999755859375,1385300,147.67999267578125,146.92999267578125,146.3701629638672
07-02-2018,149.02999877929688,152.8000030517578,784600,152.8000030517578,149.2100067138672,148.6414794921875
08-02-2018,142.5800018310547,148.3699951171875,908700,148.5500030517578,142.67999267578125,142.13633728027344
09-02-2018,139.42999267578125,143.6699981689453,986100,145.3000030517578,144.08999633789062,143.5409698486328
12-02-2018,144.44000244140625,144.44000244140625,697600,148.2899932861328,146.77999877929688,146.22071838378906
13-02-2018,146.07000732421875,146.22000122070312,411900,147.88999938964844,146.97999572753906,146.41995239257812
14-02-2018,146.05999755859375,146.16000366210938,1395100,151.3800048828125,150.66000366210938,150.08595275878906
15-02-2018,148.0399932861328,150.77999877929688,751600,151.5500030517578,151.5500030517578,150.9725341796875
16-02-2018,147.27000427246094,150.1999969482422,659800,150.27000427246094,148.5500030517578,147.98399353027344
20-02-2018,145.94000244140625,147.3300018310547,581900,147.75,146.67999267578125,146.12110900878906
21-02-2018,146.64999389648438,146.64999389648438,405600,150.8800048828125,148.05999755859375,147.49586486816406
22-02-2018,148.55999755859375,148.89999389648438,545600,150.75,149.33999633789062,148.77096557617188
23-02-2018,147.6999969482422,149.9600067138672,760000,149.97999572753906,148.86000061035156,148.29283142089844
26-02-2018,147.75999450683594,149.42999267578125,542000,150.55999755859375,149.55999755859375,148.99009704589844
27-02-2018,147.5500030517578,150.5800018310547,898100,152.1300048828125,147.72000122070312,147.1945343017578
28-02-2018,144.1699981689453,148.1699981689453,1021700,149.00999450683594,144.27999877929688,143.76678466796875
01-03-2018,141.19000244140625,143.88999938964844,1183400,145.00999450683594,142.64999389648438,142.14254760742188
02-03-2018,139.52000427246094,141.8699951171875,947900,143.80999755859375,143.6199951171875,143.109130859375
05-03-2018,141.05999755859375,142.7899932861328,898700,144.14999389648438,143.6300048828125,143.1190948486328
06-03-2018,142.55999755859375,143.99000549316406,888700,144.4199981689453,143.0,142.4913330078125
07-03-2018,139.10000610351562,141.8800048828125,1388200,143.07000732421875,140.49000549316406,139.9902801513672
08-03-2018,139.8000030517578,141.5399932861328,1024700,142.9499969482422,140.25999450683594,139.76107788085938
09-03-2018,140.49000549316406,140.8300018310547,836400,143.17999267578125,143.07000732421875,142.5610809326172
12-03-2018,142.60000610351562,143.05999755859375,576400,144.50999450683594,143.32000732421875,142.81021118164062
13-03-2018,142.66000366210938,144.41000366210938,509700,144.86000061035156,143.33999633789062,142.8301239013672
14-03-2018,142.58999633789062,144.1300048828125,1550300,144.5500030517578,143.6699981689453,143.15896606445312
15-03-2018,141.10000610351562,144.36000061035156,600400,144.36000061035156,142.3800048828125,141.87353515625
16-03-2018,142.6300048828125,142.6300048828125,835300,144.9600067138672,143.77000427246094,143.2585906982422
19-03-2018,141.25,143.72000122070312,777200,144.77000427246094,142.57000732421875,142.06285095214844
20-03-2018,142.08999633789062,142.6999969482422,619300,145.67999267578125,144.77999877929688,144.26498413085938
21-03-2018,142.9499969482422,144.67999267578125,638700,145.77999877929688,143.0,142.4913330078125
22-03-2018,141.2899932861328,142.25999450683594,611100,143.25999450683594,141.4499969482422,140.94683837890625
23-03-2018,139.72999572753906,142.22000122070312,575800,143.99000549316406,139.86000061035156,139.36253356933594
26-03-2018,140.92999267578125,144.17999267578125,1044400,146.41000366210938,145.25,144.7333221435547
27-03-2018,142.38999938964844,145.0,993700,145.72000122070312,143.16000366210938,142.65077209472656
28-03-2018,143.19000244140625,144.3000030517578,1846500,145.72000122070312,144.02000427246094,143.50772094726562
29-03-2018,150.0,151.9499969482422,2752900,154.74000549316406,151.42999267578125,150.891357421875
02-04-2018,149.80999755859375,151.6300048828125,1747600,153.85000610351562,150.9199981689453,150.3831787109375
03-04-2018,150.97999572753906,151.52999877929688,1524100,155.47999572753906,155.16000366210938,154.60809326171875
04-04-2018,153.33999633789062,154.0,1111000,155.8800048828125,155.41000366210938,154.85720825195312
05-04-2018,155.61000061035156,155.8699951171875,1225200,160.22000122070312,159.50999450683594,158.942626953125
06-04-2018,155.25999450683594,158.36000061035156,1240700,159.97000122070312,156.72999572753906,156.17250061035156
09-04-2018,155.5,158.0,930800,158.85000610351562,155.58999633789062,155.0365447998047
10-04-2018,155.86000061035156,157.0,973600,158.6300048828125,157.9499969482422,157.38815307617188
11-04-2018,156.67999267578125,156.67999267578125,765700,159.42999267578125,158.00999450683594,157.4479522705078
12-04-2018,159.0,159.36000061035156,1079800,162.7899932861328,162.25,161.67286682128906
13-04-2018,157.5500030517578,163.50999450683594,1093700,163.5800018310547,159.1300048828125,158.56396484375
16-04-2018,159.38999938964844,160.47999572753906,1303400,161.6999969482422,160.42999267578125,159.8593292236328
17-04-2018,160.0,161.16000366210938,1708800,161.97000122070312,161.27000427246094,160.6963653564453
18-04-2018,160.61000061035156,162.19000244140625,931500,163.77999877929688,161.00999450683594,160.437255859375
19-04-2018,159.66000366210938,160.83999633789062,630600,161.64999389648438,160.36000061035156,159.78958129882812
20-04-2018,158.82000732421875,159.9199981689453,843300,160.60000610351562,159.47999572753906,158.91270446777344
23-04-2018,159.74000549316406,160.08999633789062,659200,161.9600067138672,160.25999450683594,159.68995666503906
24-04-2018,159.32000732421875,161.22999572753906,743500,161.97999572753906,159.8300018310547,159.261474609375
25-04-2018,158.2899932861328,159.58999633789062,634700,161.0800018310547,158.77000427246094,158.20526123046875
26-04-2018,157.3800048828125,158.50999450683594,526300,160.91000366210938,160.58999633789062,160.0187530517578
27-04-2018,159.97999572753906,160.61000061035156,601200,162.33999633789062,160.50999450683594,159.93905639648438
30-04-2018,159.6699981689453,160.92999267578125,618700,161.44000244140625,159.6699981689453,159.10203552246094
01-05-2018,155.0,158.75,973200,159.55999755859375,155.36000061035156,154.80735778808594
02-05-2018,150.8800048828125,154.36000061035156,1476300,154.97999572753906,152.25999450683594,151.7183837890625
03-05-2018,150.25,151.10000610351562,1084300,152.5800018310547,151.4600067138672,150.92124938964844
04-05-2018,149.14999389648438,151.30999755859375,1027200,152.8300018310547,152.27000427246094,151.72837829589844
07-05-2018,149.75999450683594,152.1699981689453,837500,152.57000732421875,151.52000427246094,150.9810333251953
08-05-2018,150.6999969482422,151.66000366210938,850400,152.61000061035156,151.7100067138672,151.17034912109375
09-05-2018,151.3699951171875,151.7100067138672,750100,153.33999633789062,153.05999755859375,152.5155487060547
10-05-2018,151.9499969482422,153.4499969482422,722000,153.97999572753906,153.0,152.4557647705078
11-05-2018,152.4600067138672,153.25,492400,153.89999389648438,153.19000244140625,152.64508056640625
14-05-2018,152.9199981689453,153.52000427246094,760600,155.27999877929688,154.32000732421875,153.7710723876953
15-05-2018,153.0500030517578,153.91000366210938,605300,156.11000061035156,154.61000061035156,154.06004333496094
16-05-2018,154.0399932861328,155.0,759500,156.6300048828125,155.2100067138672,154.69593811035156
17-05-2018,154.02000427246094,154.63999938964844,1037800,158.25,156.24000549316406,155.72251892089844
18-05-2018,153.9600067138672,155.49000549316406,607000,155.88999938964844,155.11000061035156,154.59625244140625
21-05-2018,154.30999755859375,155.52999877929688,718200,156.4600067138672,154.5399932861328,154.0281219482422
22-05-2018,153.92999267578125,155.39999389648438,970000,155.8800048828125,154.6199951171875,154.10784912109375
23-05-2018,154.22999572753906,154.3800048828125,1017400,158.9199981689453,158.0399932861328,157.51654052734375
24-05-2018,156.86000061035156,157.60000610351562,592700,159.05999755859375,158.5399932861328,158.01487731933594
25-05-2018,157.25,157.9600067138672,565900,158.8699951171875,157.82000732421875,157.2972869873047
29-05-2018,154.77000427246094,156.64999389648438,1276500,157.39999389648438,155.11000061035156,154.59625244140625
30-05-2018,155.3699951171875,156.0,2218100,157.00999450683594,155.5,154.98497009277344
31-05-2018,155.0399932861328,155.75,2821700,160.4600067138672,160.0,159.47006225585938
01-06-2018,157.72000122070312,162.0,1283700,162.49000549316406,158.9600067138672,158.43350219726562
04-06-2018,157.25999450683594,159.10000610351562,911300,159.8300018310547,159.8300018310547,159.30062866210938
05-06-2018,158.8000030517578,159.85000610351562,947400,161.19000244140625,160.9600067138672,160.4268798828125
06-06-2018,160.6999969482422,161.5399932861328,1124400,164.5,164.39999389648438,163.85546875
07-06-2018,164.60000610351562,165.0,969700,167.6999969482422,165.11000061035156,164.56312561035156
08-06-2018,164.25999450683594,165.0,837200,168.27000427246094,168.16000366210938,167.60302734375
11-06-2018,166.3800048828125,168.52000427246094,562200,169.22000122070312,166.5,165.94851684570312
12-06-2018,165.55999755859375,166.4499969482422,677500,167.41000366210938,166.2100067138672,165.6595001220703
13-06-2018,162.0,165.92999267578125,878100,166.41000366210938,162.3000030517578,161.762451171875
14-06-2018,159.97999572753906,162.44000244140625,1107200,162.44000244140625,160.24000549316406,159.7092742919922
15-06-2018,159.57000732421875,159.72999572753906,987900,161.60000610351562,161.41000366210938,160.8754119873047
18-06-2018,160.4600067138672,160.61000061035156,758400,164.00999450683594,163.61000061035156,163.06809997558594
19-06-2018,159.5,161.67999267578125,985500,162.4600067138672,160.38999938964844,159.85874938964844
20-06-2018,156.63999938964844,160.4499969482422,931100,160.74000549316406,157.35000610351562,156.82882690429688
21-06-2018,154.02000427246094,157.13999938964844,1089800,157.50999450683594,154.39999389648438,153.88861083984375
22-06-2018,152.02999877929688,155.22999572753906,1493300,155.24000549316406,152.0800018310547,151.57627868652344
25-06-2018,148.8000030517578,150.6999969482422,1244400,150.97999572753906,149.75,149.25399780273438
26-06-2018,151.47999572753906,151.5,1597300,155.0,153.8300018310547,153.32049560546875
27-06-2018,150.8699951171875,153.41000366210938,1049100,155.66000366210938,151.6999969482422,151.1975555419922
28-06-2018,149.3300018310547,150.6300048828125,878900,151.97999572753906,151.3699951171875,150.86863708496094
29-06-2018,149.63999938964844,152.22999572753906,960700,154.75999450683594,149.72000122070312,149.22410583496094
02-07-2018,146.72999572753906,148.2899932861328,828300,148.6699981689453,148.52999877929688,148.0380401611328
03-07-2018,145.63999938964844,148.52999877929688,511400,148.9499969482422,145.8699951171875,145.3868408203125
05-07-2018,144.47000122070312,146.91000366210938,1009100,147.32000732421875,145.82000732421875,145.33702087402344
06-07-2018,145.5399932861328,145.64999389648438,618700,147.66000366210938,146.4199981689453,145.9350128173828
09-07-2018,146.49000549316406,146.49000549316406,1199800,150.11000061035156,149.66000366210938,149.16429138183594
10-07-2018,149.0,149.9199981689453,996100,151.47999572753906,151.30999755859375,150.808837890625
11-07-2018,147.07000732421875,149.8000030517578,1097800,149.99000549316406,147.6199951171875,147.1310577392578
12-07-2018,147.86000061035156,148.42999267578125,717000,148.9600067138672,148.2100067138672,147.7191162109375
13-07-2018,147.42999267578125,148.1199951171875,471700,149.86000061035156,148.27000427246094,147.77891540527344
16-07-2018,147.89999389648438,148.49000549316406,927300,149.44000244140625,148.0,147.50979614257812
17-07-2018,148.25,148.25,1281300,152.32000732421875,151.49000549316406,150.98825073242188
18-07-2018,150.33999633789062,150.7899932861328,846000,152.1199951171875,151.77999877929688,151.27728271484375
19-07-2018,151.44000244140625,151.8300018310547,734600,154.24000549316406,153.5500030517578,153.04139709472656
20-07-2018,153.5399932861328,154.0,977700,156.39999389648438,154.47000122070312,153.95838928222656
23-07-2018,154.22999572753906,155.3699951171875,1065600,156.5800018310547,155.3699951171875,154.85537719726562
24-07-2018,153.52000427246094,155.27999877929688,1028800,156.3699951171875,153.97999572753906,153.46998596191406
25-07-2018,153.5500030517578,153.5500030517578,709300,157.0399932861328,156.99000549316406,156.47003173828125
26-07-2018,156.22000122070312,157.3699951171875,973000,159.83999633789062,157.5,156.9783477783203
27-07-2018,153.17999267578125,157.60000610351562,518300,158.02999877929688,154.0800018310547,153.56967163085938
30-07-2018,152.36000061035156,153.52999877929688,724400,154.1699981689453,153.3000030517578,152.79226684570312
31-07-2018,151.72000122070312,155.0,839800,155.85000610351562,153.52000427246094,153.0115203857422
01-08-2018,150.00999450683594,152.91000366210938,668500,154.41000366210938,150.1699981689453,149.672607421875
02-08-2018,147.4199981689453,149.16000366210938,730400,150.86000061035156,150.7899932861328,150.29055786132812
03-08-2018,150.25,150.7100067138672,479000,151.69000244140625,150.85000610351562,150.350341796875
06-08-2018,149.33999633789062,150.47000122070312,657300,152.6699981689453,152.0500030517578,151.54640197753906
07-08-2018,152.08999633789062,152.72999572753906,635700,154.1699981689453,153.72999572753906,153.22080993652344
08-08-2018,153.5399932861328,154.17999267578125,489500,154.97999572753906,154.11000061035156,153.59957885742188
09-08-2018,153.2899932861328,154.1300048828125,652800,157.6300048828125,156.17999267578125,155.66270446777344
10-08-2018,153.25999450683594,154.9499969482422,789800,155.97999572753906,153.74000549316406,153.23080444335938
13-08-2018,152.5,154.49000549316406,433000,154.5,153.24000549316406,152.73245239257812
14-08-2018,151.8699951171875,152.9199981689453,726800,154.2100067138672,154.02000427246094,153.50985717773438
15-08-2018,147.5399932861328,153.3800048828125,724300,153.3800048828125,148.5399932861328,148.0480194091797
16-08-2018,147.7100067138672,149.02000427246094,610800,149.75999450683594,148.25,147.7589874267578
17-08-2018,147.88999938964844,148.58999633789062,816800,150.08999633789062,149.19000244140625,148.6958770751953
20-08-2018,149.86000061035156,150.27999877929688,846400,151.77000427246094,151.55999755859375,151.05799865722656
21-08-2018,151.69000244140625,152.22000122070312,1132300,153.99000549316406,152.5500030517578,152.04473876953125
22-08-2018,152.1300048828125,152.1300048828125,1137600,156.33999633789062,154.69000244140625,154.1776580810547
23-08-2018,153.5399932861328,154.4199981689453,873400,156.08999633789062,153.97999572753906,153.46998596191406
24-08-2018,151.61000061035156,153.8800048828125,919300,154.83999633789062,154.52999877929688,154.01815795898438
27-08-2018,153.69000244140625,155.6199951171875,897300,156.58999633789062,154.66000366210938,154.1477508544922
28-08-2018,153.69000244140625,155.33999633789062,1026500,157.1999969482422,155.94000244140625,155.46170043945312
29-08-2018,153.05999755859375,155.27999877929688,1989300,157.11000061035156,156.6699981689453,156.189453125
30-08-2018,141.0,156.0,5233600,156.47000122070312,141.6699981689453,141.23545837402344
31-08-2018,140.25,142.2899932861328,2709000,144.30999755859375,143.16000366210938,142.7209014892578
04-09-2018,136.3000030517578,142.35000610351562,2526600,143.0800018310547,136.42999267578125,136.0115203857422
05-09-2018,134.7899932861328,136.27999877929688,2004700,137.27999877929688,136.94000244140625,136.5199737548828
06-09-2018,136.22000122070312,137.72999572753906,1908300,140.4600067138672,136.39999389648438,135.9816436767578
07-09-2018,131.60000610351562,135.5399932861328,2113400,136.07000732421875,132.5500030517578,132.14344787597656
10-09-2018,132.77999877929688,132.8300018310547,1599000,136.82000732421875,136.55999755859375,136.14112854003906
11-09-2018,135.33999633789062,136.35000610351562,1617400,138.42999267578125,138.32000732421875,137.895751953125
12-09-2018,137.6199951171875,138.2100067138672,1109200,139.85000610351562,139.58999633789062,139.16183471679688
13-09-2018,139.24000549316406,140.16000366210938,905600,141.5500030517578,139.67999267578125,139.25155639648438
14-09-2018,138.0,139.99000549316406,1093700,140.83999633789062,139.5399932861328,139.11196899414062
17-09-2018,138.02999877929688,139.11000061035156,950200,139.6999969482422,138.61000061035156,138.18484497070312
18-09-2018,137.22999572753906,138.69000244140625,1069100,139.58999633789062,137.8000030517578,137.37734985351562
19-09-2018,137.02000427246094,138.52999877929688,1040000,139.1199951171875,139.0500030517578,138.6234893798828
20-09-2018,140.22999572753906,141.2100067138672,1350800,142.9199981689453,142.57000732421875,142.13270568847656
21-09-2018,141.07000732421875,143.69000244140625,1465100,143.69000244140625,141.6199951171875,141.1856231689453
24-09-2018,139.7100067138672,140.97999572753906,1373400,141.6999969482422,140.5,140.06906127929688
25-09-2018,138.89999389648438,140.44000244140625,885900,140.4600067138672,140.0399932861328,139.61045837402344
26-09-2018,139.6699981689453,140.7899932861328,1002400,144.30999755859375,142.69000244140625,142.2523651123047
27-09-2018,142.30999755859375,142.72999572753906,966900,144.72999572753906,144.0500030517578,143.60816955566406
28-09-2018,143.1199951171875,143.38999938964844,972700,144.72999572753906,144.39999389648438,143.95709228515625
01-10-2018,141.3000030517578,144.5,854200,145.25,141.32000732421875,140.8865509033203
02-10-2018,137.0800018310547,141.16000366210938,1143100,141.72000122070312,137.1300048828125,136.7093963623047
03-10-2018,137.00999450683594,137.5800018310547,902300,139.89999389648438,138.7100067138672,138.28456115722656
04-10-2018,133.5,138.08999633789062,1288800,138.6199951171875,134.14999389648438,133.73854064941406
05-10-2018,130.89999389648438,134.58999633789062,1610900,135.02999877929688,132.89999389648438,132.4923553466797
08-10-2018,131.75999450683594,132.35000610351562,992700,134.86000061035156,134.42999267578125,134.0176544189453
09-10-2018,132.91000366210938,133.77999877929688,995400,136.3000030517578,134.6199951171875,134.2071075439453
10-10-2018,124.58000183105469,133.80999755859375,1865800,133.80999755859375,124.75,124.36736297607422
11-10-2018,123.26000213623047,124.5,1321700,127.80999755859375,124.30000305175781,123.91874694824219
12-10-2018,124.86000061035156,126.69000244140625,947600,127.5999984741211,126.05000305175781,125.66339111328125
15-10-2018,125.19999694824219,125.48999786376953,633300,127.75,126.58999633789062,126.20171356201172
16-10-2018,126.16000366210938,127.62000274658203,691300,130.02000427246094,129.72000122070312,129.3220977783203
17-10-2018,127.52999877929688,129.67999267578125,770700,130.9199981689453,127.95999908447266,127.56752014160156
18-10-2018,125.72000122070312,127.6500015258789,844300,128.80999755859375,126.30000305175781,125.91260528564453
19-10-2018,121.08999633789062,126.37000274658203,1267500,126.94000244140625,121.20999908447266,120.83822631835938
22-10-2018,120.05999755859375,121.63999938964844,868900,122.29000091552734,121.58000183105469,121.20709228515625
23-10-2018,117.66000366210938,119.5999984741211,831500,120.9800033569336,120.51000213623047,120.14036560058594
24-10-2018,118.9800033569336,120.69000244140625,1096600,124.0,119.19000244140625,118.82442474365234
25-10-2018,119.62000274658203,119.8499984741211,728700,121.77999877929688,120.69999694824219,120.32978820800781
26-10-2018,116.5199966430664,119.29000091552734,800500,121.05000305175781,118.55000305175781,118.18639373779297
29-10-2018,116.70999908447266,120.23999786376953,906400,122.06999969482422,118.38999938964844,118.0268783569336
30-10-2018,117.33999633789062,119.43000030517578,1105000,121.08999633789062,118.05999755859375,117.69789123535156
31-10-2018,119.54000091552734,119.69999694824219,1120600,123.27999877929688,120.79000091552734,120.41950988769531
01-11-2018,119.62000274658203,120.63999938964844,1157300,126.3499984741211,125.80999755859375,125.42410278320312
02-11-2018,124.04000091552734,126.98999786376953,842300,128.72999572753906,126.19000244140625,125.8029556274414
05-11-2018,123.88999938964844,126.5199966430664,676800,127.55000305175781,127.2300033569336,126.83975982666016
06-11-2018,124.26000213623047,126.31999969482422,669500,126.63999938964844,125.23999786376953,124.85586547851562
07-11-2018,121.01000213623047,124.91000366210938,1471100,124.91000366210938,124.20999908447266,123.82902526855469
08-11-2018,123.02999877929688,123.91999816894531,1292000,126.94000244140625,126.27999877929688,125.89266967773438
09-11-2018,121.01000213623047,126.02999877929688,604600,126.2699966430664,121.41000366210938,121.03761291503906
12-11-2018,119.44000244140625,121.70999908447266,1038900,123.63999938964844,119.83999633789062,119.47241973876953
13-11-2018,119.98999786376953,120.75,528400,122.69999694824219,120.43000030517578,120.06061553955078
14-11-2018,120.37999725341797,122.44000244140625,1090200,124.94999694824219,121.06999969482422,120.69865417480469
15-11-2018,115.05000305175781,119.41000366210938,1320800,120.44999694824219,117.3499984741211,116.99005126953125
16-11-2018,114.12999725341797,116.38999938964844,1336400,116.38999938964844,115.6500015258789,115.2952651977539
19-11-2018,110.0,114.91999816894531,1086800,115.52999877929688,110.9000015258789,110.5598373413086
20-11-2018,106.62999725341797,108.12000274658203,1681000,109.5199966430664,107.91000366210938,107.57901763916016
21-11-2018,108.36000061035156,109.0,1149400,112.04000091552734,111.69000244140625,111.34741973876953
23-11-2018,110.04000091552734,110.79000091552734,405500,111.44000244140625,110.12000274658203,109.78224182128906
26-11-2018,110.91000366210938,111.33999633789062,1222300,113.4000015258789,112.55999755859375,112.21475219726562
27-11-2018,108.54000091552734,111.0,1731500,112.0,110.0999984741211,109.79936981201172
28-11-2018,108.62999725341797,110.30999755859375,2314800,111.79000091552734,110.91000366210938,110.6071548461914
29-11-2018,109.13999938964844,110.91000366210938,1848400,112.0,109.7699966430664,109.47026824951172
30-11-2018,109.11000061035156,109.11000061035156,3135600,115.36000061035156,110.51000213623047,110.208251953125
03-12-2018,113.27999877929688,113.29000091552734,2579900,116.88999938964844,114.25,113.93803405761719
04-12-2018,106.2300033569336,113.97000122070312,1444200,115.48999786376953,107.29000091552734,106.9970474243164
06-12-2018,102.76000213623047,105.75,1322100,106.7300033569336,106.6500015258789,106.35879516601562
07-12-2018,101.66999816894531,106.04000091552734,1169400,107.77999877929688,102.44000244140625,102.16029357910156
10-12-2018,99.3499984741211,102.44000244140625,1136300,103.16999816894531,100.79000091552734,100.5147933959961
11-12-2018,98.58000183105469,101.83999633789062,1234000,103.0,99.08999633789062,98.81942749023438
12-12-2018,98.29000091552734,100.2699966430664,1271800,100.86000061035156,98.58000183105469,98.31082153320312
13-12-2018,94.5,98.91000366210938,1194200,99.30999755859375,94.58999633789062,94.33171844482422
14-12-2018,92.7300033569336,93.37999725341797,1222000,96.27999877929688,93.20999908447266,92.95549011230469
17-12-2018,90.51000213623047,92.04000091552734,1795300,94.33999633789062,91.33999633789062,91.09059143066406
18-12-2018,91.58999633789062,92.11000061035156,1799000,94.43000030517578,92.31999969482422,92.06791687011719
19-12-2018,90.68000030517578,92.91000366210938,1906600,94.27999877929688,91.47000122070312,91.22023010253906
20-12-2018,89.08999633789062,91.6500015258789,1606100,92.81999969482422,90.33999633789062,90.09333038330078
21-12-2018,88.69000244140625,90.91999816894531,1663400,92.9800033569336,88.72000122070312,88.47775268554688
24-12-2018,86.45999908447266,88.1500015258789,689900,88.7699966430664,86.83000183105469,86.59291076660156
26-12-2018,86.79000091552734,86.94999694824219,1249000,92.20999908447266,92.16000366210938,91.90835571289062
27-12-2018,88.47000122070312,90.58000183105469,885000,91.86000061035156,91.86000061035156,91.60916900634766
28-12-2018,91.05000305175781,92.30999755859375,1475600,93.86000061035156,92.33999633789062,92.08786010742188
31-12-2018,91.91999816894531,92.55000305175781,909500,93.5199966430664,92.94999694824219,92.6961898803711
02-01-2019,90.6500015258789,91.25,897300,94.31999969482422,93.48999786376953,93.23472595214844
03-01-2019,89.93000030517578,92.97000122070312,1286200,92.97000122070312,90.70999908447266,90.46231079101562
04-01-2019,92.16000366210938,92.20999908447266,1061700,95.4000015258789,93.87000274658203,93.61367797851562
07-01-2019,96.0999984741211,96.0999984741211,1860500,99.80999755859375,98.55999755859375,98.29087829589844
08-01-2019,99.38999938964844,100.37999725341797,1437200,101.95999908447266,101.3499984741211,101.0732650756836
09-01-2019,101.19000244140625,102.87000274658203,1055500,103.33999633789062,102.61000061035156,102.32981872558594
10-01-2019,97.33000183105469,97.76000213623047,1558800,99.95999908447266,98.94000244140625,98.66983795166016
11-01-2019,104.37999725341797,105.5999984741211,2323500,107.63999938964844,105.7699966430664,105.48118591308594
14-01-2019,103.38999938964844,104.76000213623047,1757900,105.41999816894531,104.4800033569336,104.19470977783203
15-01-2019,103.26000213623047,105.0,1011800,105.16000366210938,104.41999816894531,104.13487243652344
16-01-2019,104.30999755859375,104.4800033569336,909200,105.9800033569336,104.55000305175781,104.2645263671875
17-01-2019,103.68000030517578,103.73999786376953,1164900,108.04000091552734,107.55999755859375,107.26629638671875
18-01-2019,108.58000183105469,109.5999984741211,1634300,110.83999633789062,110.18000030517578,109.879150390625
22-01-2019,104.63999938964844,108.5999984741211,1257700,109.45999908447266,105.05000305175781,104.76315307617188
23-01-2019,102.66999816894531,106.16000366210938,1268600,106.23999786376953,104.19999694824219,103.91547393798828
24-01-2019,103.91999816894531,104.20999908447266,581600,106.08999633789062,105.98999786376953,105.7005844116211
25-01-2019,106.91999816894531,107.4800033569336,590300,108.9800033569336,108.37000274658203,108.07408905029297
28-01-2019,106.76000213623047,106.95999908447266,537800,108.48999786376953,108.44999694824219,108.15386962890625
29-01-2019,106.38999938964844,108.41999816894531,792400,108.87000274658203,108.25,107.95442199707031
30-01-2019,107.51000213623047,109.05000305175781,806100,110.37999725341797,110.3499984741211,110.04867553710938
31-01-2019,108.47000122070312,110.37999725341797,803900,110.43000030517578,109.11000061035156,108.81207275390625
01-02-2019,108.05999755859375,109.5,1067200,109.68000030517578,108.76000213623047,108.4630355834961
04-02-2019,107.7300033569336,108.79000091552734,1011600,109.25,108.91000366210938,108.61262512207031
05-02-2019,110.48999786376953,110.48999786376953,1007900,112.97000122070312,111.80999755859375,111.50469970703125
06-02-2019,111.23999786376953,112.1500015258789,677700,112.48999786376953,112.2699966430664,111.96344757080078
07-02-2019,109.86000061035156,111.3499984741211,1091000,111.83999633789062,111.19999694824219,110.8963623046875
08-02-2019,109.58000183105469,109.86000061035156,851100,110.91000366210938,110.88999938964844,110.58721160888672
11-02-2019,111.30000305175781,111.30000305175781,691700,113.44999694824219,112.77999877929688,112.4720458984375
12-02-2019,112.5999984741211,113.23999786376953,1096400,114.83000183105469,114.33000183105469,114.01781463623047
13-02-2019,112.27999877929688,114.5999984741211,759900,114.91999816894531,112.52999877929688,112.22274017333984
14-02-2019,110.97000122070312,111.20999908447266,846900,112.7300033569336,112.38999938964844,112.08312225341797
15-02-2019,112.66000366210938,113.54000091552734,765600,114.33999633789062,112.9000015258789,112.59172821044922
19-02-2019,112.52999877929688,112.95999908447266,987500,113.37999725341797,112.72000122070312,112.41221618652344
20-02-2019,112.52999877929688,113.06999969482422,1054200,114.66000366210938,114.05999755859375,113.74855041503906
21-02-2019,113.69999694824219,113.91000366210938,911500,115.38999938964844,115.0999984741211,114.78571319580078
22-02-2019,115.4000015258789,116.0199966430664,1082000,117.69999694824219,117.62000274658203,117.29883575439453
25-02-2019,115.62000274658203,118.8499984741211,1512400,118.93000030517578,115.81999969482422,115.50374603271484
26-02-2019,115.08000183105469,115.80999755859375,707300,117.68000030517578,115.72000122070312,115.4040298461914
27-02-2019,114.91000366210938,115.44999694824219,816800,116.83999633789062,116.30999755859375,116.03050994873047
28-02-2019,114.73999786376953,116.13999938964844,927100,116.13999938964844,114.83999633789062,114.56404113769531
01-03-2019,114.36000061035156,116.37000274658203,951000,118.43000030517578,115.12000274658203,114.84336853027344
04-03-2019,111.76000213623047,115.33000183105469,1276200,115.51000213623047,112.0999984741211,111.83062744140625
05-03-2019,110.83000183105469,112.4800033569336,1163900,112.5,111.2300033569336,110.96271514892578
06-03-2019,109.37999725341797,111.45999908447266,1108500,111.75,110.0999984741211,109.83543395996094
07-03-2019,108.56999969482422,109.73999786376953,1079300,110.52999877929688,110.26000213623047,109.99505615234375
08-03-2019,107.94000244140625,109.23999786376953,835900,110.3499984741211,110.27999877929688,110.01499938964844
11-03-2019,110.37000274658203,110.83999633789062,601900,112.02999877929688,111.98999786376953,111.72088623046875
12-03-2019,110.79000091552734,112.30999755859375,662300,112.37999725341797,112.02999877929688,111.76078796386719
13-03-2019,112.41999816894531,112.45999908447266,652200,114.01000213623047,113.12000274658203,112.84818267822266
14-03-2019,112.33999633789062,113.0,483700,113.22000122070312,112.72000122070312,112.44913482666016
15-03-2019,110.45999908447266,112.7699966430664,1294100,113.0999984741211,110.51000213623047,110.24445343017578
18-03-2019,110.05999755859375,110.5199966430664,1215400,111.5199966430664,111.44999694824219,111.18218994140625
19-03-2019,109.76000213623047,111.73999786376953,844400,111.94999694824219,110.06999969482422,109.80551147460938
20-03-2019,106.86000061035156,109.77999877929688,1228500,110.36000061035156,107.08999633789062,106.8326644897461
21-03-2019,106.19000244140625,106.87999725341797,1019200,108.79000091552734,108.69000244140625,108.42881774902344
22-03-2019,106.66000366210938,108.2699966430664,1444900,108.5999984741211,107.20999908447266,106.95238494873047
25-03-2019,106.44999694824219,107.1500015258789,1225900,109.66000366210938,109.19000244140625,108.92761993408203
26-03-2019,109.36000061035156,110.33999633789062,822300,111.19999694824219,110.0999984741211,109.83543395996094
27-03-2019,110.20999908447266,110.47000122070312,1628600,112.05999755859375,110.88999938964844,110.62353515625
28-03-2019,124.80000305175781,125.16000366210938,5484600,132.36000061035156,127.26000213623047,126.95419311523438
29-03-2019,121.44000244140625,127.93000030517578,2547300,127.93000030517578,121.94999694824219,121.6569595336914
01-04-2019,122.8499984741211,123.22000122070312,2051300,125.16000366210938,125.02999877929688,124.72955322265625
02-04-2019,123.30000305175781,125.20999908447266,1256700,125.31999969482422,124.19999694824219,123.90154266357422
03-04-2019,124.12999725341797,125.0,1153100,125.47000122070312,124.4800033569336,124.18087768554688
04-04-2019,123.76000213623047,124.44999694824219,1583000,129.08999633789062,128.49000549316406,128.18124389648438
05-04-2019,126.9000015258789,128.32000732421875,1385600,129.6999969482422,127.26000213623047,126.95419311523438
08-04-2019,126.04000091552734,126.83000183105469,1008600,128.24000549316406,127.4000015258789,127.09386444091797
09-04-2019,126.51000213623047,128.88999938964844,1165300,129.14999389648438,126.5999984741211,126.29578399658203
10-04-2019,126.45999908447266,126.76000213623047,796000,128.3000030517578,127.33000183105469,127.02404022216797
11-04-2019,126.25,127.04000091552734,725100,127.88999938964844,126.91000366210938,126.60504150390625
12-04-2019,127.05999755859375,127.37000274658203,955200,129.14999389648438,129.14999389648438,128.83966064453125
15-04-2019,127.97000122070312,129.16000366210938,904800,130.35000610351562,128.74000549316406,128.43063354492188
16-04-2019,128.07000732421875,128.7899932861328,852100,130.69000244140625,129.9499969482422,129.6377410888672
17-04-2019,130.38999938964844,130.38999938964844,1223300,132.63999938964844,132.3300018310547,132.0120086669922
18-04-2019,131.9199981689453,132.47000122070312,1048000,134.24000549316406,132.1999969482422,131.88232421875
22-04-2019,130.5,132.0,782500,132.3699951171875,130.92999267578125,130.61537170410156
23-04-2019,129.5,131.41000366210938,1280100,132.1999969482422,132.1300048828125,131.8125
24-04-2019,131.02000427246094,132.08999633789062,556200,133.3000030517578,132.7100067138672,132.39109802246094
25-04-2019,130.02000427246094,132.4499969482422,641700,132.60000610351562,130.02999877929688,129.71754455566406
26-04-2019,128.97000122070312,130.02000427246094,713900,131.27999877929688,131.02000427246094,130.70516967773438
29-04-2019,129.94000244140625,130.55999755859375,738900,131.5800018310547,130.63999938964844,130.32608032226562
30-04-2019,128.66000366210938,130.19000244140625,789100,131.27999877929688,128.99000549316406,128.6800537109375
01-05-2019,128.27999877929688,129.63999938964844,551900,130.2899932861328,128.32000732421875,128.01165771484375
02-05-2019,127.5999984741211,128.61000061035156,737200,130.19000244140625,127.8499984741211,127.54277801513672
03-05-2019,126.4000015258789,128.10000610351562,682300,128.6300048828125,127.18000030517578,126.8743896484375
06-05-2019,123.0999984741211,124.63999938964844,752700,124.98999786376953,123.9800033569336,123.68209075927734
07-05-2019,120.2699966430664,123.0,1051100,123.36000061035156,121.81999969482422,121.52726745605469
08-05-2019,120.61000061035156,121.54000091552734,885400,123.41000366210938,121.44000244140625,121.148193359375
09-05-2019,118.33999633789062,121.12000274658203,1085000,121.58000183105469,120.6500015258789,120.3600845336914
10-05-2019,116.31999969482422,120.13999938964844,983800,120.91999816894531,119.38999938964844,119.10311126708984
13-05-2019,112.0199966430664,116.26000213623047,1568800,117.31999969482422,112.5,112.22966766357422
14-05-2019,110.8499984741211,112.83000183105469,1316900,113.5999984741211,112.37000274658203,112.09999084472656
15-05-2019,110.61000061035156,111.76000213623047,1180500,112.44000244140625,110.93000030517578,110.66343688964844
16-05-2019,110.18000030517578,110.97000122070312,805900,111.94000244140625,110.4000015258789,110.13471221923828
17-05-2019,108.6500015258789,109.47000122070312,802000,110.63999938964844,108.70999908447266,108.44876098632812
20-05-2019,105.7300033569336,107.61000061035156,1065300,108.01000213623047,106.05999755859375,105.80514526367188
21-05-2019,105.86000061035156,106.43000030517578,1077200,108.8499984741211,108.5199966430664,108.29803466796875
22-05-2019,109.37999725341797,109.55000305175781,1970700,112.05999755859375,109.56999969482422,109.34588623046875
23-05-2019,104.80999755859375,108.70999908447266,1586300,108.70999908447266,107.29000091552734,107.07054901123047
24-05-2019,106.44000244140625,107.77999877929688,1347500,108.94000244140625,106.95999908447266,106.74121856689453
28-05-2019,105.27999877929688,106.76000213623047,1416000,107.9800033569336,105.9000015258789,105.68339538574219
29-05-2019,98.75,104.0,2504700,104.5199966430664,99.25,99.0469970703125
30-05-2019,84.31999969482422,89.98999786376953,7940500,91.38999938964844,84.48999786376953,84.31717681884766
31-05-2019,82.51000213623047,82.83999633789062,2876800,85.73999786376953,85.19000244140625,85.0157470703125
03-06-2019,84.63999938964844,84.63999938964844,3332900,89.66999816894531,87.72000122070312,87.54058074951172
04-06-2019,88.23999786376953,89.26000213623047,2020000,91.55999755859375,91.05000305175781,90.86376190185547
05-06-2019,87.94999694824219,91.69000244140625,1557800,92.41000366210938,89.26000213623047,89.07742309570312
06-06-2019,86.62999725341797,88.94999694824219,1111500,89.19999694824219,87.87999725341797,87.70024871826172
07-06-2019,86.8499984741211,87.87999725341797,1352000,89.0999984741211,88.37000274658203,88.18924713134766
10-06-2019,88.52999877929688,88.52999877929688,922800,91.5,89.7699966430664,89.58638763427734
11-06-2019,88.58999633789062,90.44999694824219,1135600,92.01000213623047,88.69999694824219,88.51856994628906
12-06-2019,87.12999725341797,88.43000030517578,1436200,88.81999969482422,87.30000305175781,87.1214370727539
13-06-2019,87.87000274658203,88.2300033569336,741400,89.93000030517578,89.7699966430664,89.58638763427734
14-06-2019,87.56999969482422,89.4000015258789,1214500,89.4800033569336,88.05000305175781,87.86990356445312
17-06-2019,87.30999755859375,87.70999908447266,1061100,89.47000122070312,88.31999969482422,88.13934326171875
18-06-2019,89.06999969482422,89.11000061035156,1324500,92.25,89.63999938964844,89.45664978027344
19-06-2019,87.55999755859375,89.7300033569336,940600,90.37999725341797,87.87000274658203,87.69026947021484
20-06-2019,88.86000061035156,89.1500015258789,1065500,90.48999786376953,90.43000030517578,90.24503326416016
21-06-2019,89.97000122070312,90.5,2188600,93.29000091552734,93.26000213623047,93.06925201416016
24-06-2019,91.98999786376953,92.83999633789062,1248300,94.18000030517578,92.62999725341797,92.44053649902344
25-06-2019,91.04000091552734,92.4800033569336,990500,92.4800033569336,91.29000091552734,91.103271484375
26-06-2019,91.54000091552734,91.80999755859375,1048100,94.51000213623047,93.55999755859375,93.3686294555664
27-06-2019,92.37000274658203,94.94000244140625,863100,95.5,93.27999877929688,93.08920288085938
28-06-2019,93.11000061035156,93.11000061035156,1174300,94.94999694824219,94.63999938964844,94.44642639160156
01-07-2019,94.11000061035156,97.22000122070312,2029200,98.79000091552734,95.26000213623047,95.06514739990234
02-07-2019,92.37999725341797,95.16999816894531,1011300,95.16999816894531,93.72000122070312,93.52831268310547
03-07-2019,92.98999786376953,94.12999725341797,661700,94.55000305175781,93.66000366210938,93.46843719482422
05-07-2019,91.5199966430664,93.87999725341797,901700,93.9000015258789,92.81999969482422,92.63014221191406
08-07-2019,91.83999633789062,92.31999969482422,852200,93.66999816894531,91.9000015258789,91.71202087402344
09-07-2019,89.88999938964844,91.75,1229600,91.75,90.06999969482422,89.88577270507812
10-07-2019,87.30999755859375,90.30999755859375,1659600,90.45999908447266,87.47000122070312,87.29109191894531
11-07-2019,86.91999816894531,87.70999908447266,1757200,88.4800033569336,88.23999786376953,88.05950927734375
12-07-2019,88.41000366210938,88.66000366210938,1284700,90.45999908447266,89.19000244140625,89.00757598876953
15-07-2019,89.55999755859375,89.76000213623047,1815000,91.58000183105469,90.4800033569336,90.29493713378906
16-07-2019,90.38999938964844,90.76000213623047,1041600,92.9000015258789,92.5,92.31079864501953
17-07-2019,88.16000366210938,88.16000366210938,2941400,90.13999938964844,89.56999969482422,89.38678741455078
18-07-2019,87.16000366210938,89.5199966430664,1618600,89.7300033569336,87.87000274658203,87.69026947021484
19-07-2019,87.8499984741211,88.33000183105469,1096500,89.5999984741211,88.25,88.06948852539062
22-07-2019,86.61000061035156,88.6500015258789,866400,89.45999908447266,86.68000030517578,86.50270080566406
23-07-2019,86.5999984741211,87.19000244140625,996800,88.6500015258789,88.05999755859375,87.8798828125
24-07-2019,87.93000030517578,88.5,925500,90.27999877929688,89.20999908447266,89.02753448486328
25-07-2019,89.13999938964844,89.36000061035156,1068900,90.93000030517578,89.37999725341797,89.19718170166016
26-07-2019,88.04000091552734,89.58000183105469,938100,90.05000305175781,89.30999755859375,89.12732696533203
29-07-2019,87.62000274658203,88.9000015258789,971400,89.5199966430664,89.08000183105469,88.89779663085938
30-07-2019,87.05999755859375,88.9000015258789,1481800,89.52999877929688,89.08000183105469,88.89779663085938
31-07-2019,87.30999755859375,88.97000122070312,1417600,89.5199966430664,88.91999816894531,88.73812103271484
01-08-2019,80.80000305175781,88.47000122070312,1807300,88.91999816894531,82.80000305175781,82.63064575195312
02-08-2019,80.48999786376953,82.62999725341797,2198200,84.4000015258789,80.5,80.33534240722656
05-08-2019,75.5999984741211,78.91999816894531,2211100,78.9800033569336,76.5999984741211,76.44332122802734
06-08-2019,76.16999816894531,76.98999786376953,1418400,78.2699966430664,77.86000061035156,77.70073699951172
07-08-2019,76.41999816894531,77.30000305175781,1386000,78.20999908447266,77.86000061035156,77.70073699951172
08-08-2019,77.77999877929688,78.37000274658203,1352600,79.0199966430664,78.58000183105469,78.41927337646484
09-08-2019,74.61000061035156,78.05999755859375,1104000,78.1500015258789,74.66000366210938,74.50729370117188
12-08-2019,71.47000122070312,74.0199966430664,1318600,74.25,72.0999984741211,71.95252227783203
13-08-2019,71.5,71.7300033569336,2110200,77.16999816894531,74.66999816894531,74.51726531982422
14-08-2019,68.5999984741211,72.0,1876500,72.0,69.36000061035156,69.21812438964844
15-08-2019,67.41000366210938,69.55000305175781,2416200,69.97000122070312,69.19000244140625,69.0484848022461
16-08-2019,69.19999694824219,69.58999633789062,1361200,71.44000244140625,70.72000122070312,70.57534790039062
19-08-2019,71.91000366210938,72.25,1135500,72.94999694824219,71.95999908447266,71.81280517578125
20-08-2019,70.7699966430664,71.4000015258789,871800,72.0199966430664,71.83999633789062,71.69304656982422
21-08-2019,71.33000183105469,72.58000183105469,730000,72.75,71.98999786376953,71.8427505493164
22-08-2019,71.73999786376953,72.0,1322400,73.33999633789062,72.73999786376953,72.59121704101562
23-08-2019,68.76000213623047,71.55999755859375,2124300,72.37000274658203,69.01000213623047,68.86884307861328
26-08-2019,69.12000274658203,69.87999725341797,1136300,70.80999755859375,70.4800033569336,70.33584594726562
27-08-2019,69.62999725341797,71.08000183105469,1113400,71.5,69.80999755859375,69.66720581054688
28-08-2019,69.0,69.30999755859375,1450200,71.91999816894531,71.56999969482422,71.4236068725586
29-08-2019,73.41000366210938,77.56999969482422,3998200,79.36000061035156,76.0,75.88484191894531
30-08-2019,75.7300033569336,76.5,1878800,78.62999725341797,75.80000305175781,75.68515014648438
03-09-2019,74.08000183105469,75.55000305175781,2436000,76.01000213623047,74.30000305175781,74.18741607666016
04-09-2019,78.55000305175781,79.05999755859375,3310000,81.7699966430664,81.08000183105469,80.95714569091797
05-09-2019,82.5199966430664,82.5199966430664,2163300,84.73999786376953,84.55999755859375,84.43186950683594
06-09-2019,84.0,84.9800033569336,1916300,85.94999694824219,85.38999938964844,85.26061248779297
09-09-2019,85.5,85.7300033569336,1972000,89.30999755859375,89.19000244140625,89.05486297607422
10-09-2019,88.61000061035156,88.83000183105469,2017900,90.77999877929688,90.54000091552734,90.4028091430664
11-09-2019,87.54000091552734,90.37000274658203,1459600,91.0199966430664,90.4000015258789,90.26301574707031
12-09-2019,87.70999908447266,89.79000091552734,1405300,90.91000366210938,90.38999938964844,90.25303649902344
13-09-2019,90.38999938964844,91.05999755859375,1030500,92.80000305175781,90.61000061035156,90.47270202636719
16-09-2019,88.75,89.36000061035156,1221900,91.2699966430664,90.62000274658203,90.4826889038086
17-09-2019,87.41000366210938,90.30999755859375,1378900,90.30999755859375,88.44999694824219,88.31597137451172
18-09-2019,87.26000213623047,87.80000305175781,977000,89.12000274658203,89.0199966430664,88.8851089477539
19-09-2019,86.12999725341797,89.16000366210938,1055200,89.16000366210938,86.73999786376953,86.60855865478516
20-09-2019,86.01000213623047,87.36000061035156,1428500,88.75,86.11000061035156,85.97952270507812
23-09-2019,84.43000030517578,85.26000213623047,1078600,87.72000122070312,87.0,86.86817932128906
24-09-2019,84.7699966430664,87.52999877929688,845000,87.52999877929688,85.75,85.62007141113281
25-09-2019,85.5999984741211,85.95999908447266,917100,87.73999786376953,87.26000213623047,87.1277847290039
26-09-2019,86.41000366210938,87.37000274658203,917100,87.62000274658203,86.77999877929688,86.64849853515625
27-09-2019,86.87999725341797,87.0999984741211,764500,89.06999969482422,87.72000122070312,87.58708190917969
30-09-2019,87.45999908447266,88.0199966430664,733000,88.68000030517578,88.2300033569336,88.09630584716797
01-10-2019,85.66000366210938,88.69999694824219,1580200,89.69999694824219,85.66000366210938,85.53020477294922
02-10-2019,82.63999938964844,84.58999633789062,1213500,85.08999633789062,82.9000015258789,82.77438354492188
03-10-2019,81.12000274658203,82.87999725341797,1222900,84.0199966430664,83.87000274658203,83.742919921875
04-10-2019,82.77999877929688,83.93000030517578,1359500,84.68000030517578,84.4800033569336,84.35199737548828
07-10-2019,83.5199966430664,84.2699966430664,978500,84.76000213623047,83.70999908447266,83.5831527709961
08-10-2019,80.43000030517578,82.45999908447266,1070500,82.76000213623047,80.80999755859375,80.68754577636719
09-10-2019,81.62999725341797,81.94000244140625,913300,83.25,82.76000213623047,82.63459777832031
10-10-2019,82.56999969482422,83.01000213623047,1124700,84.86000061035156,83.80000305175781,83.67302703857422
11-10-2019,85.22000122070312,85.22000122070312,1194600,88.70999908447266,87.72000122070312,87.58708190917969
14-10-2019,85.27999877929688,86.91999816894531,823200,87.72000122070312,86.94000244140625,86.80826568603516
15-10-2019,86.54000091552734,87.16999816894531,583200,88.66999816894531,87.55999755859375,87.42732238769531
16-10-2019,87.36000061035156,87.43000030517578,634100,88.75,87.6500015258789,87.5171890258789
17-10-2019,86.70999908447266,88.5,939500,88.98999786376953,87.37999725341797,87.24759674072266
18-10-2019,85.5199966430664,86.06999969482422,797600,87.56999969482422,87.38999938964844,87.25757598876953
21-10-2019,88.47000122070312,88.47000122070312,888400,90.33000183105469,89.3499984741211,89.21461486816406
22-10-2019,88.97000122070312,89.4800033569336,1141400,92.73999786376953,92.38999938964844,92.25
23-10-2019,90.70999908447266,92.29000091552734,888600,92.47000122070312,91.75,91.61096954345703
24-10-2019,89.58000183105469,92.12999725341797,654700,92.41999816894531,90.83999633789062,90.70235443115234
25-10-2019,89.0199966430664,89.0199966430664,798400,93.37000274658203,92.7699966430664,92.62943267822266
28-10-2019,89.61000061035156,90.94999694824219,1118500,93.22000122070312,89.66999816894531,89.53412628173828
29-10-2019,88.2300033569336,89.41999816894531,867200,89.61000061035156,88.41999816894531,88.28601837158203
30-10-2019,87.44000244140625,88.58999633789062,624600,89.0999984741211,88.37999725341797,88.24607849121094
31-10-2019,85.2300033569336,87.9000015258789,906000,88.30000305175781,87.16000366210938,87.02793884277344
01-11-2019,88.08999633789062,88.08999633789062,665800,90.19000244140625,90.08999633789062,89.9534912109375
04-11-2019,90.91000366210938,91.01000213623047,891300,93.44999694824219,93.37999725341797,93.2385025024414
05-11-2019,93.41999816894531,93.66000366210938,1254400,96.93000030517578,94.94999694824219,94.80612182617188
06-11-2019,92.3499984741211,94.58000183105469,1022600,94.73999786376953,93.19999694824219,93.05877685546875
07-11-2019,96.72000122070312,96.94999694824219,1486900,100.91999816894531,97.66000366210938,97.51202392578125
08-11-2019,95.43000030517578,97.47000122070312,891100,98.12000274658203,97.95999908447266,97.81156158447266
11-11-2019,96.19999694824219,97.20999908447266,602100,97.76000213623047,96.72000122070312,96.57344818115234
12-11-2019,96.08000183105469,97.0999984741211,591600,97.95999908447266,96.87999725341797,96.73320007324219
13-11-2019,95.47000122070312,96.16000366210938,609500,96.94999694824219,96.7300033569336,96.58343505859375
14-11-2019,96.88999938964844,97.16999816894531,596900,98.5999984741211,97.83999633789062,97.69174194335938
15-11-2019,97.75,98.56999969482422,745400,99.94999694824219,99.91999816894531,99.76859283447266
18-11-2019,97.80999755859375,99.58999633789062,790900,99.91999816894531,99.80999755859375,99.65876007080078
19-11-2019,97.70999908447266,99.5199966430664,865600,99.75,98.19999694824219,98.05119323730469
20-11-2019,96.2699966430664,98.16999816894531,1024500,98.19000244140625,97.80999755859375,97.66178894042969
21-11-2019,96.77999877929688,97.7699966430664,1675200,98.7300033569336,97.16000366210938,97.01277923583984
22-11-2019,97.38999938964844,98.47000122070312,1066600,100.33999633789062,99.81999969482422,99.66874694824219
25-11-2019,99.0,100.72000122070312,2015100,100.98999786376953,100.58000183105469,100.42759704589844
26-11-2019,99.41000366210938,102.0,2388700,103.0,100.05000305175781,99.93566131591797
27-11-2019,96.5999984741211,99.56999969482422,1123700,99.86000061035156,97.44999694824219,97.338623046875
29-11-2019,95.87999725341797,96.87000274658203,559900,98.05999755859375,96.95999908447266,96.84918975830078
02-12-2019,96.02999877929688,97.13999938964844,977000,97.94000244140625,96.7300033569336,96.61945343017578
03-12-2019,93.29000091552734,94.7300033569336,1222200,94.95999908447266,94.06999969482422,93.96249389648438
04-12-2019,93.51000213623047,94.19000244140625,1040300,97.7699966430664,97.3499984741211,97.23873901367188
05-12-2019,97.87999725341797,98.13999938964844,1262300,100.76000213623047,100.7300033569336,100.61488342285156
06-12-2019,101.20999908447266,101.27999877929688,955200,103.44000244140625,101.41000366210938,101.29410552978516
09-12-2019,101.0,101.37000274658203,800300,102.80999755859375,102.2699966430664,102.15311431884766
10-12-2019,101.27999877929688,102.23999786376953,832100,103.7699966430664,101.36000061035156,101.2441635131836
11-12-2019,100.30000305175781,100.95999908447266,775900,102.66999816894531,102.5,102.38285827636719
12-12-2019,101.62999725341797,102.7699966430664,799300,105.37000274658203,105.12999725341797,105.00984954833984
13-12-2019,104.23999786376953,105.83000183105469,883500,106.98999786376953,104.41000366210938,104.29067993164062
16-12-2019,104.12999725341797,105.44000244140625,647100,106.19999694824219,104.5,104.38056945800781
17-12-2019,103.52999877929688,104.43000030517578,946500,105.5199966430664,105.37000274658203,105.24958038330078
18-12-2019,105.08000183105469,105.7699966430664,753700,107.30000305175781,106.91000366210938,106.7878189086914
19-12-2019,104.58999633789062,106.47000122070312,847700,106.86000061035156,104.66000366210938,104.54039001464844
20-12-2019,104.63999938964844,105.30000305175781,966900,105.9000015258789,105.2300033569336,105.1097412109375
23-12-2019,104.08999633789062,105.29000091552734,674600,105.41999816894531,104.9000015258789,104.78011322021484
24-12-2019,103.9800033569336,105.06999969482422,190900,105.12000274658203,104.66999816894531,104.55037689208984
26-12-2019,104.33999633789062,105.0,290900,105.72000122070312,104.9000015258789,104.78011322021484
27-12-2019,103.86000061035156,104.80999755859375,497900,105.7300033569336,104.05000305175781,103.93109130859375
30-12-2019,103.13999938964844,104.08000183105469,356900,105.08000183105469,104.01000213623047,103.8911361694336
31-12-2019,103.5999984741211,104.01000213623047,383300,105.5999984741211,105.1500015258789,105.02983093261719
02-01-2020,104.55000305175781,105.94000244140625,835400,106.41000366210938,105.3499984741211,105.22959899902344
03-01-2020,102.8499984741211,103.56999969482422,642000,104.83999633789062,103.29000091552734,103.17195129394531
06-01-2020,101.97000122070312,102.37999725341797,684100,105.70999908447266,105.63999938964844,105.5192642211914
07-01-2020,104.69000244140625,105.63999938964844,549700,106.80000305175781,105.6500015258789,105.52925872802734
08-01-2020,105.61000061035156,106.72000122070312,631900,108.05999755859375,106.2300033569336,106.10859680175781
09-01-2020,100.33000183105469,106.54000091552734,1921000,107.4000015258789,103.30000305175781,103.18194580078125
10-01-2020,100.41999816894531,103.2699966430664,930700,103.43000030517578,100.4800033569336,100.36516571044922
13-01-2020,99.75,100.62999725341797,657700,101.25,100.25,100.13542938232422
14-01-2020,99.81999969482422,100.01000213623047,792200,101.2699966430664,99.9000015258789,99.78582763671875
15-01-2020,98.19000244140625,99.20999908447266,741700,99.94000244140625,98.73999786376953,98.62715148925781
16-01-2020,99.04000091552734,99.5199966430664,603200,100.77999877929688,99.38999938964844,99.27641296386719
17-01-2020,99.4000015258789,99.9800033569336,717000,100.9800033569336,100.94999694824219,100.83462524414062
21-01-2020,98.76000213623047,100.43000030517578,840400,100.62000274658203,98.7699966430664,98.65711975097656
22-01-2020,98.05000305175781,99.11000061035156,471200,99.48999786376953,98.08000183105469,97.96791076660156
23-01-2020,95.08999633789062,96.81999969482422,569400,97.48999786376953,96.88999938964844,96.77926635742188
24-01-2020,94.05999755859375,97.1500015258789,556200,97.47000122070312,94.94999694824219,94.84148406982422
27-01-2020,91.23999786376953,92.44000244140625,997900,93.23999786376953,91.41999816894531,91.31552124023438
28-01-2020,90.05999755859375,92.25,895300,92.47000122070312,90.19999694824219,90.09690856933594
29-01-2020,89.75,90.80000305175781,851400,91.76000213623047,89.91000366210938,89.8072509765625
30-01-2020,88.37999725341797,88.83999633789062,719500,91.55999755859375,91.4000015258789,91.29554748535156
31-01-2020,86.66999816894531,91.05999755859375,931600,91.16999816894531,87.16999816894531,87.07037353515625
03-02-2020,86.26000213623047,87.5999984741211,1042400,88.69000244140625,86.41999816894531,86.32123565673828
04-02-2020,87.02999877929688,88.41999816894531,1177400,89.98999786376953,87.1500015258789,87.05039978027344
05-02-2020,88.75,88.88999938964844,2265600,91.19999694824219,90.0,89.89714050292969
06-02-2020,88.61000061035156,90.62999725341797,951000,91.0,88.87999725341797,88.7784194946289
07-02-2020,86.27999877929688,87.87000274658203,883900,88.87999725341797,86.44999694824219,86.3511962890625
10-02-2020,85.0999984741211,85.93000030517578,1145400,86.80000305175781,85.37000274658203,85.2724380493164
11-02-2020,85.11000061035156,85.93000030517578,753600,86.98999786376953,86.16000366210938,86.06153869628906
12-02-2020,88.22000122070312,88.70999908447266,1486500,91.93000030517578,89.88999938964844,89.78726959228516
13-02-2020,88.12999725341797,88.61000061035156,901000,89.66999816894531,89.27999877929688,89.17796325683594
14-02-2020,88.2699966430664,89.25,863400,89.75,89.37000274658203,89.26786804199219
18-02-2020,85.72000122070312,88.05000305175781,1154800,89.0999984741211,86.3499984741211,86.25131225585938
19-02-2020,85.86000061035156,86.41999816894531,947100,86.93000030517578,86.12999725341797,86.03156280517578
20-02-2020,86.01000213623047,86.01000213623047,812500,88.11000061035156,86.87999725341797,86.78070831298828
21-02-2020,84.06999969482422,85.9000015258789,798000,86.08000183105469,84.66999816894531,84.57323455810547
24-02-2020,79.51000213623047,80.4000015258789,1162600,82.4000015258789,81.2300033569336,81.13716888427734
25-02-2020,76.45999908447266,81.88999938964844,1255600,82.02999877929688,76.95999908447266,76.8720474243164
26-02-2020,73.3499984741211,77.45999908447266,1389000,78.26000213623047,74.04000091552734,73.95538330078125
27-02-2020,70.0999984741211,72.04000091552734,1697800,76.5199966430664,73.05999755859375,72.97650146484375
28-02-2020,70.30000305175781,70.30000305175781,1834300,74.80000305175781,74.11000061035156,74.02530670166016
02-03-2020,71.93000030517578,74.80000305175781,1294300,75.04000091552734,74.58999633789062,74.50475311279297
03-03-2020,70.68000030517578,74.22000122070312,1167300,76.5,71.93000030517578,71.84779357910156
04-03-2020,71.31999969482422,72.58999633789062,1045600,73.87999725341797,73.79000091552734,73.7056655883789
05-03-2020,68.95999908447266,71.26000213623047,1307600,71.9800033569336,69.83999633789062,69.76017761230469
06-03-2020,67.31999969482422,68.0,1371500,70.56999969482422,69.18000030517578,69.10093688964844
09-03-2020,60.349998474121094,63.86000061035156,1518800,64.5999984741211,61.5,61.42971420288086
10-03-2020,60.91999816894531,63.86000061035156,1319100,65.27999877929688,63.59000015258789,63.51732635498047
11-03-2020,56.349998474121094,61.689998626708984,1393100,61.709999084472656,56.630001068115234,56.56528091430664
12-03-2020,44.02000045776367,53.040000915527344,2822900,53.040000915527344,44.25,44.19942855834961
13-03-2020,42.77000045776367,46.91999816894531,1918500,50.34000015258789,50.34000015258789,50.282466888427734
16-03-2020,40.310001373291016,43.689998626708984,1442200,45.459999084472656,40.75,40.70343017578125
17-03-2020,36.279998779296875,41.31999969482422,2230500,43.849998474121094,37.43000030517578,37.38722229003906
18-03-2020,29.40999984741211,35.63999938964844,1793800,36.18000030517578,33.25,33.21200180053711
19-03-2020,29.510000228881836,32.060001373291016,1835100,35.5099983215332,33.900001525878906,33.900001525878906
20-03-2020,31.3799991607666,34.59000015258789,2139300,35.4900016784668,31.56999969482422,31.56999969482422
23-03-2020,28.399999618530273,31.520000457763672,1573200,32.34000015258789,29.049999237060547,29.049999237060547
24-03-2020,31.010000228881836,31.440000534057617,1338900,35.900001525878906,35.52000045776367,35.52000045776367
25-03-2020,34.599998474121094,36.52000045776367,2013800,39.5,37.459999084472656,37.459999084472656
26-03-2020,36.0099983215332,37.61000061035156,2979100,43.0,39.029998779296875,39.029998779296875
27-03-2020,34.040000915527344,36.869998931884766,1890200,39.150001525878906,38.0,38.0
30-03-2020,34.13999938964844,38.02000045776367,1550500,38.599998474121094,38.220001220703125,38.220001220703125
31-03-2020,37.29999923706055,37.95000076293945,1444900,40.2599983215332,37.63999938964844,37.63999938964844
01-04-2020,31.81999969482422,35.33000183105469,2372000,35.869998931884766,32.630001068115234,32.630001068115234
02-04-2020,30.540000915527344,35.0,3786300,35.560001373291016,31.8700008392334,31.8700008392334
03-04-2020,29.020000457763672,30.84000015258789,2238300,31.729999542236328,30.989999771118164,30.989999771118164
06-04-2020,33.04999923706055,33.290000915527344,3774700,40.41999816894531,39.709999084472656,39.709999084472656
07-04-2020,43.68000030517578,43.68000030517578,3517500,49.290000915527344,46.72999954223633,46.72999954223633
08-04-2020,46.72999954223633,47.58000183105469,1972200,48.70000076293945,47.88999938964844,47.88999938964844
09-04-2020,48.59000015258789,50.0,2631800,52.9900016784668,49.5099983215332,49.5099983215332
13-04-2020,44.25,49.380001068115234,1461400,49.5099983215332,46.060001373291016,46.060001373291016
14-04-2020,46.13999938964844,47.619998931884766,1277500,48.38999938964844,47.959999084472656,47.959999084472656
15-04-2020,41.11000061035156,44.83000183105469,1884200,45.5099983215332,42.33000183105469,42.33000183105469
16-04-2020,39.869998931884766,42.11000061035156,1340200,42.47999954223633,40.040000915527344,40.040000915527344
17-04-2020,42.91999816894531,42.91999816894531,1823100,45.70000076293945,44.880001068115234,44.880001068115234
20-04-2020,40.619998931884766,43.08000183105469,1942700,44.02000045776367,40.880001068115234,40.880001068115234
21-04-2020,38.29999923706055,38.599998474121094,1494200,39.79999923706055,39.33000183105469,39.33000183105469
22-04-2020,39.15999984741211,40.900001525878906,1451000,41.2400016784668,39.189998626708984,39.189998626708984
23-04-2020,38.77000045776367,39.0,1484300,41.099998474121094,39.70000076293945,39.70000076293945
24-04-2020,39.79999923706055,40.13999938964844,2371600,42.560001373291016,41.36000061035156,41.36000061035156
27-04-2020,42.060001373291016,42.15999984741211,2198900,48.130001068115234,47.63999938964844,47.63999938964844
28-04-2020,47.68000030517578,52.0,2985600,53.4900016784668,50.619998931884766,50.619998931884766
29-04-2020,52.970001220703125,53.58000183105469,3059800,56.689998626708984,53.95000076293945,53.95000076293945
30-04-2020,49.060001373291016,52.08000183105469,2212300,52.7599983215332,49.22999954223633,49.22999954223633
01-05-2020,44.04999923706055,47.02000045776367,1910500,47.54999923706055,44.66999816894531,44.66999816894531
04-05-2020,41.77000045776367,43.08000183105469,1310900,45.70000076293945,44.43000030517578,44.43000030517578
05-05-2020,43.959999084472656,45.65999984741211,1546900,47.58000183105469,44.27000045776367,44.27000045776367
06-05-2020,41.369998931884766,44.68000030517578,1478800,45.61000061035156,42.5,42.5
07-05-2020,42.88999938964844,43.099998474121094,1391500,45.310001373291016,42.939998626708984,42.939998626708984
08-05-2020,43.77000045776367,44.59000015258789,1290900,46.099998474121094,46.02000045776367,46.02000045776367
11-05-2020,41.90999984741211,44.790000915527344,2070500,44.970001220703125,43.529998779296875,43.529998779296875
12-05-2020,42.119998931884766,44.41999816894531,1262400,45.29999923706055,42.150001525878906,42.150001525878906
13-05-2020,38.130001068115234,41.22999954223633,1801500,41.22999954223633,39.52000045776367,39.52000045776367
14-05-2020,36.34000015258789,38.0,1739500,41.2400016784668,41.22999954223633,41.22999954223633
15-05-2020,39.36000061035156,40.13999938964844,1619800,42.130001068115234,40.209999084472656,40.209999084472656
18-05-2020,42.939998626708984,43.369998931884766,1981100,45.56999969482422,44.47999954223633,44.47999954223633
19-05-2020,41.38999938964844,43.939998626708984,1569900,44.459999084472656,41.650001525878906,41.650001525878906
20-05-2020,41.779998779296875,42.349998474121094,1707900,43.58000183105469,41.9900016784668,41.9900016784668
21-05-2020,40.5099983215332,42.16999816894531,2129600,44.900001525878906,44.310001373291016,44.310001373291016
22-05-2020,43.2599983215332,44.5,1276300,45.20000076293945,44.150001525878906,44.150001525878906
26-05-2020,47.5,47.75,2172800,50.290000915527344,49.83000183105469,49.83000183105469
27-05-2020,51.59000015258789,52.779998779296875,2647600,55.310001373291016,53.849998474121094,53.849998474121094
28-05-2020,49.029998779296875,53.970001220703125,1946400,54.20000076293945,49.560001373291016,49.560001373291016
29-05-2020,44.91999816894531,48.439998626708984,7481900,48.439998626708984,45.470001220703125,45.470001220703125
01-06-2020,45.400001525878906,45.5,1588900,49.060001373291016,47.619998931884766,47.619998931884766
02-06-2020,47.86000061035156,48.599998474121094,1289700,50.16999816894531,49.61000061035156,49.61000061035156
03-06-2020,51.189998626708984,51.41999816894531,2112800,55.43000030517578,55.0099983215332,55.0099983215332
04-06-2020,52.56999969482422,54.529998779296875,2191800,57.47999954223633,57.130001068115234,57.130001068115234
05-06-2020,61.650001525878906,62.84000015258789,2233200,64.44000244140625,62.75,62.75
08-06-2020,63.599998474121094,64.37000274658203,2913500,69.80999755859375,69.45999908447266,69.45999908447266
09-06-2020,61.810001373291016,66.05000305175781,2169700,66.44999694824219,63.58000183105469,63.58000183105469
10-06-2020,59.04999923706055,62.38999938964844,1902100,62.58000183105469,59.61000061035156,59.61000061035156
11-06-2020,52.220001220703125,53.79999923706055,2609500,55.939998626708984,52.720001220703125,52.720001220703125
12-06-2020,46.16999816894531,54.0,5811300,54.880001068115234,49.61000061035156,49.61000061035156
15-06-2020,46.880001068115234,47.4900016784668,2274400,50.33000183105469,50.16999816894531,50.16999816894531
16-06-2020,50.63999938964844,54.16999816894531,2462100,54.459999084472656,52.56999969482422,52.56999969482422
17-06-2020,49.58000183105469,52.0099983215332,1723900,52.560001373291016,49.59000015258789,49.59000015258789
18-06-2020,48.029998779296875,48.7599983215332,1209100,50.83000183105469,49.720001220703125,49.720001220703125
19-06-2020,46.81999969482422,50.529998779296875,3084000,50.81999969482422,46.849998474121094,46.849998474121094
22-06-2020,45.619998931884766,46.66999816894531,1674100,48.34000015258789,47.5,47.5
23-06-2020,46.95000076293945,48.79999923706055,1710500,49.63999938964844,49.20000076293945,49.20000076293945
24-06-2020,46.709999084472656,47.70000076293945,2095600,48.189998626708984,47.599998474121094,47.599998474121094
25-06-2020,45.63999938964844,46.41999816894531,1686700,47.52000045776367,46.880001068115234,46.880001068115234
26-06-2020,44.20000076293945,46.290000915527344,2571600,47.08000183105469,44.65999984741211,44.65999984741211
29-06-2020,45.189998626708984,45.54999923706055,2160300,48.93000030517578,48.66999816894531,48.66999816894531
30-06-2020,47.029998779296875,48.59000015258789,1126300,48.88999938964844,48.04999923706055,48.04999923706055
01-07-2020,46.369998931884766,47.88999938964844,1471400,50.25,46.689998626708984,46.689998626708984
02-07-2020,46.58000183105469,48.34000015258789,1507300,49.290000915527344,47.459999084472656,47.459999084472656
06-07-2020,45.5,48.7400016784668,1686200,48.7400016784668,46.5,46.5
07-07-2020,44.15999984741211,45.59000015258789,1354300,45.7599983215332,44.619998931884766,44.619998931884766
08-07-2020,43.880001068115234,44.290000915527344,1395300,45.43000030517578,45.11000061035156,45.11000061035156
09-07-2020,41.77000045776367,44.7400016784668,1751500,44.75,42.5099983215332,42.5099983215332
10-07-2020,42.220001220703125,42.650001525878906,1040000,44.59000015258789,44.369998931884766,44.369998931884766
13-07-2020,43.130001068115234,44.72999954223633,1578800,46.869998931884766,45.38999938964844,45.38999938964844
14-07-2020,44.31999969482422,45.29999923706055,1305900,47.2400016784668,46.5099983215332,46.5099983215332
15-07-2020,48.400001525878906,48.970001220703125,2363400,51.310001373291016,50.779998779296875,50.779998779296875
16-07-2020,49.2400016784668,49.709999084472656,1822700,52.58000183105469,51.2599983215332,51.2599983215332
17-07-2020,49.16999816894531,51.369998931884766,972600,51.779998779296875,49.22999954223633,49.22999954223633
20-07-2020,47.27000045776367,49.02000045776367,1284100,49.209999084472656,47.34000015258789,47.34000015258789
21-07-2020,48.02000045776367,48.029998779296875,1111500,49.70000076293945,49.02000045776367,49.02000045776367
22-07-2020,47.84000015258789,48.09000015258789,1146000,49.97999954223633,49.439998626708984,49.439998626708984
23-07-2020,48.5,49.0,1297800,51.880001068115234,50.900001525878906,50.900001525878906
24-07-2020,49.810001373291016,50.75,787100,51.209999084472656,50.08000183105469,50.08000183105469
27-07-2020,48.65999984741211,49.66999816894531,922200,50.20000076293945,50.119998931884766,50.119998931884766
28-07-2020,49.84000015258789,49.84000015258789,1195000,51.70000076293945,50.709999084472656,50.709999084472656
29-07-2020,51.11000061035156,51.380001068115234,938100,52.58000183105469,52.15999984741211,52.15999984741211
30-07-2020,49.45000076293945,50.88999938964844,1075400,51.029998779296875,50.18000030517578,50.18000030517578
31-07-2020,47.90999984741211,50.16999816894531,849800,50.61000061035156,48.65999984741211,48.65999984741211
03-08-2020,47.66999816894531,48.869998931884766,1045600,49.689998626708984,49.22999954223633,49.22999954223633
04-08-2020,47.209999084472656,48.65999984741211,1292100,49.75,47.720001220703125,47.720001220703125
05-08-2020,48.630001068115234,48.630001068115234,1273300,51.630001068115234,51.18000030517578,51.18000030517578
06-08-2020,50.20000076293945,51.790000915527344,997400,51.810001373291016,50.650001525878906,50.650001525878906
07-08-2020,49.279998779296875,50.61000061035156,812000,51.83000183105469,51.810001373291016,51.810001373291016
10-08-2020,51.9900016784668,52.45000076293945,1930900,54.189998626708984,54.029998779296875,54.029998779296875
11-08-2020,54.08000183105469,56.04999923706055,1654800,56.849998474121094,54.20000076293945,54.20000076293945
12-08-2020,52.09000015258789,55.09000015258789,989300,55.09000015258789,53.540000915527344,53.540000915527344
13-08-2020,52.47999954223633,53.43000030517578,964900,53.84000015258789,53.61000061035156,53.61000061035156
14-08-2020,52.95000076293945,53.02000045776367,945700,56.0,55.36000061035156,55.36000061035156
17-08-2020,53.15999984741211,55.06999969482422,752200,55.130001068115234,54.65999984741211,54.65999984741211
18-08-2020,51.2599983215332,54.15999984741211,1081700,54.220001220703125,51.5,51.5
19-08-2020,50.779998779296875,51.709999084472656,890300,53.0,51.040000915527344,51.040000915527344
20-08-2020,50.150001525878906,50.599998474121094,820300,51.9900016784668,50.18000030517578,50.18000030517578
21-08-2020,49.599998474121094,50.27000045776367,616200,50.70000076293945,50.130001068115234,50.130001068115234
24-08-2020,49.959999084472656,49.959999084472656,1534300,53.70000076293945,53.65999984741211,53.65999984741211
25-08-2020,52.9900016784668,54.5,905900,55.06999969482422,54.15999984741211,54.15999984741211
26-08-2020,53.0,54.290000915527344,825400,54.650001525878906,53.02000045776367,53.02000045776367
27-08-2020,53.630001068115234,53.630001068115234,955900,55.63999938964844,55.04999923706055,55.04999923706055
28-08-2020,54.79999923706055,55.31999969482422,956300,57.34000015258789,57.2400016784668,57.2400016784668
31-08-2020,55.41999816894531,56.779998779296875,1105400,57.130001068115234,55.7599983215332,55.7599983215332
01-09-2020,54.119998931884766,55.470001220703125,1560200,57.66999816894531,57.650001525878906,57.650001525878906
02-09-2020,58.2400016784668,58.58000183105469,2405400,60.599998474121094,59.5099983215332,59.5099983215332
03-09-2020,60.83000183105469,61.650001525878906,3319600,64.70999908447266,61.45000076293945,61.45000076293945
04-09-2020,60.959999084472656,62.72999954223633,1785500,63.93000030517578,63.41999816894531,63.41999816894531
08-09-2020,61.720001220703125,61.84000015258789,2063900,67.80999755859375,66.04000091552734,66.04000091552734
09-09-2020,63.83000183105469,65.87999725341797,1128500,66.16000366210938,65.02999877929688,65.02999877929688
10-09-2020,65.5999984741211,65.5999984741211,1408500,68.02999877929688,67.05000305175781,67.05000305175781
11-09-2020,66.08000183105469,67.44999694824219,1182400,67.75,67.06999969482422,67.06999969482422
14-09-2020,67.66999816894531,67.80000305175781,1559800,71.94999694824219,71.4000015258789,71.4000015258789
15-09-2020,69.0,71.81999969482422,1492000,72.19000244140625,70.93000030517578,70.93000030517578
16-09-2020,70.91000366210938,71.72000122070312,1516000,73.5999984741211,72.08000183105469,72.08000183105469
17-09-2020,69.27999877929688,70.83000183105469,1080500,72.26000213623047,70.51000213623047,70.51000213623047
18-09-2020,67.33000183105469,70.01000213623047,2609300,71.19999694824219,68.4800033569336,68.4800033569336
21-09-2020,63.650001525878906,66.19999694824219,1450900,66.47000122070312,64.68000030517578,64.68000030517578
22-09-2020,63.40999984741211,64.8499984741211,1402700,65.86000061035156,64.36000061035156,64.36000061035156
23-09-2020,61.95000076293945,65.5,958000,66.2699966430664,62.08000183105469,62.08000183105469
24-09-2020,59.68000030517578,61.79999923706055,1213100,62.58000183105469,61.880001068115234,61.880001068115234
25-09-2020,60.880001068115234,61.400001525878906,952100,61.970001220703125,61.5,61.5
28-09-2020,61.689998626708984,63.02000045776367,1338500,63.34000015258789,61.88999938964844,61.88999938964844
29-09-2020,58.59000015258789,61.529998779296875,1134300,61.689998626708984,58.689998626708984,58.689998626708984
30-09-2020,58.97999954223633,58.97999954223633,1708900,61.150001525878906,59.63999938964844,59.63999938964844
01-10-2020,59.560001373291016,60.099998474121094,1255800,61.40999984741211,60.59000015258789,60.59000015258789
02-10-2020,58.34000015258789,58.56999969482422,1117300,62.2400016784668,62.119998931884766,62.119998931884766
05-10-2020,62.20000076293945,62.88999938964844,934400,64.33999633789062,63.790000915527344,63.790000915527344
06-10-2020,61.349998474121094,64.68000030517578,883800,65.31999969482422,61.63999938964844,61.63999938964844
07-10-2020,62.119998931884766,62.5,1181600,64.83000183105469,64.44000244140625,64.44000244140625
08-10-2020,64.51000213623047,64.87000274658203,969200,67.66000366210938,67.61000061035156,67.61000061035156
09-10-2020,65.54000091552734,68.0999984741211,1113100,68.4800033569336,66.12999725341797,66.12999725341797
12-10-2020,65.12000274658203,66.5,754100,66.5,65.58999633789062,65.58999633789062
13-10-2020,62.06999969482422,64.94999694824219,1555700,66.19999694824219,62.540000915527344,62.540000915527344
14-10-2020,61.880001068115234,62.54999923706055,730700,63.779998779296875,62.209999084472656,62.209999084472656
15-10-2020,60.61000061035156,61.189998626708984,1042700,63.959999084472656,63.86000061035156,63.86000061035156
16-10-2020,62.09000015258789,64.20999908447266,1145400,64.62999725341797,62.15999984741211,62.15999984741211
19-10-2020,61.9900016784668,62.849998474121094,1165800,64.33000183105469,62.04999923706055,62.04999923706055
20-10-2020,61.220001220703125,62.560001373291016,821200,64.05999755859375,61.59000015258789,61.59000015258789
21-10-2020,60.63999938964844,61.290000915527344,848400,62.790000915527344,61.41999816894531,61.41999816894531
22-10-2020,61.619998931884766,61.619998931884766,912200,65.05999755859375,64.9800033569336,64.9800033569336
23-10-2020,63.77000045776367,65.87999725341797,943800,65.87999725341797,64.94000244140625,64.94000244140625
26-10-2020,61.0099983215332,64.55000305175781,1067300,64.55999755859375,62.279998779296875,62.279998779296875
27-10-2020,60.93000030517578,62.13999938964844,669900,63.400001525878906,60.9900016784668,60.9900016784668
28-10-2020,58.369998931884766,59.0,986300,60.290000915527344,58.5099983215332,58.5099983215332
29-10-2020,57.56999969482422,58.459999084472656,2277700,61.75,61.119998931884766,61.119998931884766
30-10-2020,57.349998474121094,61.189998626708984,1450300,61.29999923706055,58.290000915527344,58.290000915527344
02-11-2020,58.66999816894531,59.33000183105469,1750400,61.290000915527344,59.77000045776367,59.77000045776367
03-11-2020,60.529998779296875,60.7599983215332,1413800,63.90999984741211,63.20000076293945,63.20000076293945
04-11-2020,60.5099983215332,62.220001220703125,983700,63.150001525878906,61.08000183105469,61.08000183105469
05-11-2020,60.79999923706055,61.529998779296875,1188300,62.709999084472656,62.439998626708984,62.439998626708984
06-11-2020,58.81999969482422,61.970001220703125,1371000,62.9900016784668,59.099998474121094,59.099998474121094
09-11-2020,66.1500015258789,66.16000366210938,2402400,73.23999786376953,70.83999633789062,70.83999633789062
10-11-2020,70.69999694824219,71.30000305175781,1219500,73.36000061035156,71.9000015258789,71.9000015258789
11-11-2020,67.02999877929688,72.88999938964844,1640600,72.94000244140625,67.63999938964844,67.63999938964844
12-11-2020,64.19999694824219,67.26000213623047,1145000,67.9000015258789,65.37000274658203,65.37000274658203
13-11-2020,66.58999633789062,66.62000274658203,779500,70.69000244140625,70.08999633789062,70.08999633789062
16-11-2020,72.43000030517578,74.0,1588300,75.83000183105469,75.5199966430664,75.5199966430664
17-11-2020,73.81999969482422,74.29000091552734,1457600,79.44999694824219,78.94000244140625,78.94000244140625
18-11-2020,78.4800033569336,79.5,989200,81.12999725341797,78.66999816894531,78.66999816894531
19-11-2020,76.05000305175781,77.16000366210938,1104500,80.31999969482422,78.77999877929688,78.77999877929688
20-11-2020,75.0999984741211,78.54000091552734,1065700,79.0,76.76000213623047,76.76000213623047
23-11-2020,77.66999816894531,78.62999725341797,1111800,81.4000015258789,81.0999984741211,81.0999984741211
24-11-2020,82.83000183105469,85.70999908447266,1496100,87.4000015258789,86.37999725341797,86.37999725341797
25-11-2020,82.83000183105469,84.56999969482422,1130700,84.93000030517578,84.72000122070312,84.72000122070312
27-11-2020,83.13999938964844,85.0,633700,85.0199966430664,83.87000274658203,83.87000274658203
30-11-2020,79.44999694824219,84.56999969482422,1388100,84.76000213623047,79.48999786376953,79.48999786376953
01-12-2020,80.52999877929688,82.3499984741211,1957600,84.06999969482422,81.80000305175781,81.80000305175781
02-12-2020,79.44999694824219,80.54000091552734,1613900,84.0999984741211,83.29000091552734,83.29000091552734
03-12-2020,82.5,83.33999633789062,2393300,90.94999694824219,88.13999938964844,88.13999938964844
04-12-2020,87.58000183105469,88.73999786376953,2048100,91.75,91.52999877929688,91.52999877929688
07-12-2020,89.72000122070312,90.83999633789062,1069200,92.68000030517578,92.26000213623047,92.26000213623047
08-12-2020,90.31999969482422,90.44000244140625,1264000,92.77999877929688,91.68000030517578,91.68000030517578
09-12-2020,90.5199966430664,92.12000274658203,1241000,94.48999786376953,93.66000366210938,93.66000366210938
10-12-2020,93.12999725341797,94.30999755859375,1197500,96.08999633789062,94.63999938964844,94.63999938964844
11-12-2020,92.94999694824219,96.29000091552734,909200,96.69999694824219,94.33000183105469,94.33000183105469
14-12-2020,93.3499984741211,96.0,1167700,96.3499984741211,93.5999984741211,93.5999984741211
15-12-2020,92.23999786376953,93.76000213623047,635600,95.58999633789062,95.52999877929688,95.52999877929688
16-12-2020,92.91000366210938,95.04000091552734,977800,96.01000213623047,94.36000061035156,94.36000061035156
17-12-2020,93.31999969482422,94.6500015258789,892200,97.12000274658203,96.4000015258789,96.4000015258789
18-12-2020,94.44999694824219,95.75,1447700,97.45999908447266,95.26000213623047,95.26000213623047
21-12-2020,91.66999816894531,93.66000366210938,901400,95.76000213623047,94.63999938964844,94.63999938964844
22-12-2020,91.25,94.37000274658203,653200,94.63999938964844,91.68000030517578,91.68000030517578
23-12-2020,92.29000091552734,92.29000091552734,670200,95.16000366210938,94.58000183105469,94.58000183105469
24-12-2020,92.44000244140625,94.62000274658203,295700,94.62000274658203,93.81999969482422,93.81999969482422
28-12-2020,93.94999694824219,95.0,513500,96.04000091552734,94.91000366210938,94.91000366210938
29-12-2020,92.12999725341797,94.9000015258789,428500,94.91000366210938,93.44000244140625,93.44000244140625
30-12-2020,94.26000213623047,94.54000091552734,417700,96.87999725341797,95.5199966430664,95.5199966430664
31-12-2020,93.55999755859375,94.5999984741211,491800,95.72000122070312,93.88999938964844,93.88999938964844
04-01-2021,93.69999694824219,97.33999633789062,2440300,97.4800033569336,96.5,96.5
05-01-2021,95.36000061035156,95.36000061035156,1089400,97.87999725341797,96.62000274658203,96.62000274658203
06-01-2021,97.54000091552734,97.58999633789062,1292500,104.12000274658203,102.7699966430664,102.7699966430664
07-01-2021,102.22000122070312,102.22000122070312,1398800,107.87000274658203,105.5,105.5
08-01-2021,102.7300033569336,105.93000030517578,873400,106.11000061035156,103.97000122070312,103.97000122070312
11-01-2021,101.23999786376953,101.83000183105469,603100,105.20999908447266,104.58000183105469,104.58000183105469
12-01-2021,104.7699966430664,105.19999694824219,738300,108.83999633789062,108.79000091552734,108.79000091552734
13-01-2021,104.62999725341797,107.4000015258789,719700,108.2300033569336,104.83999633789062,104.83999633789062
14-01-2021,100.86000061035156,105.27999877929688,917700,105.9800033569336,101.2300033569336,101.2300033569336
15-01-2021,98.25,100.05000305175781,755800,101.6500015258789,100.27999877929688,100.27999877929688
19-01-2021,96.61000061035156,100.5,751400,101.81999969482422,97.31999969482422,97.31999969482422
20-01-2021,97.69000244140625,98.0,702000,100.7300033569336,99.2300033569336,99.2300033569336
21-01-2021,98.51000213623047,99.63999938964844,692000,100.2699966430664,99.37999725341797,99.37999725341797
22-01-2021,96.83000183105469,97.80999755859375,692700,99.69000244140625,97.79000091552734,97.79000091552734
25-01-2021,92.87999725341797,96.87000274658203,986800,97.81999969482422,95.8499984741211,95.8499984741211
26-01-2021,91.20999908447266,96.91999816894531,960900,96.91999816894531,91.5199966430664,91.5199966430664
27-01-2021,84.55999755859375,89.37000274658203,1549900,89.7699966430664,85.11000061035156,85.11000061035156
28-01-2021,86.0,86.8499984741211,1110700,90.5999984741211,88.72000122070312,88.72000122070312
29-01-2021,84.41000366210938,88.08999633789062,880500,88.83000183105469,85.26000213623047,85.26000213623047
01-02-2021,78.76000213623047,82.66999816894531,3213200,84.98999786376953,82.44999694824219,82.44999694824219
02-02-2021,83.54000091552734,84.0,2040300,87.04000091552734,85.61000061035156,85.61000061035156
03-02-2021,85.43000030517578,86.44000244140625,860900,88.5,87.5999984741211,87.5999984741211
04-02-2021,88.0999984741211,88.36000061035156,1283800,93.05000305175781,92.61000061035156,92.61000061035156
05-02-2021,93.4000015258789,94.02999877929688,774100,95.31999969482422,95.19000244140625,95.19000244140625
08-02-2021,94.33999633789062,95.93000030517578,919900,96.47000122070312,95.23999786376953,95.23999786376953
09-02-2021,93.58000183105469,94.51000213623047,763200,95.19000244140625,93.79000091552734,93.79000091552734
10-02-2021,93.13999938964844,94.83999633789062,623200,97.0199966430664,95.86000061035156,95.86000061035156
11-02-2021,94.5199966430664,95.48999786376953,673800,97.76000213623047,97.72000122070312,97.72000122070312
12-02-2021,95.37000274658203,96.83999633789062,539800,97.27999877929688,96.1500015258789,96.1500015258789
16-02-2021,95.76000213623047,96.63999938964844,839600,97.87999725341797,97.58000183105469,97.58000183105469
17-02-2021,93.02999877929688,97.0,1106800,97.08999633789062,93.44999694824219,93.44999694824219
18-02-2021,89.33000183105469,92.63999938964844,746700,92.9000015258789,91.08999633789062,91.08999633789062
19-02-2021,91.33999633789062,91.41000366210938,1084200,94.20999908447266,93.9800033569336,93.9800033569336
22-02-2021,93.41999816894531,94.5999984741211,775900,98.19999694824219,97.4800033569336,97.4800033569336
23-02-2021,93.9000015258789,97.27999877929688,721900,97.88999938964844,97.05999755859375,97.05999755859375
24-02-2021,97.18000030517578,97.72000122070312,1277300,102.52999877929688,102.29000091552734,102.29000091552734
25-02-2021,99.58999633789062,102.81999969482422,749600,104.29000091552734,99.91999816894531,99.91999816894531
26-02-2021,96.4800033569336,100.0199966430664,800200,101.05999755859375,99.95999908447266,99.95999908447266
01-03-2021,100.0,102.2699966430664,1108100,102.62999725341797,100.20999908447266,100.20999908447266
02-03-2021,99.56999969482422,99.80000305175781,596400,102.83999633789062,102.11000061035156,102.11000061035156
03-03-2021,101.70999908447266,102.54000091552734,1000900,106.33000183105469,104.25,104.25
04-03-2021,96.68000030517578,103.9800033569336,1117300,104.73999786376953,99.55000305175781,99.55000305175781
05-03-2021,97.44000244140625,100.6500015258789,1089900,105.02999877929688,104.38999938964844,104.38999938964844
08-03-2021,105.30000305175781,105.5199966430664,1228300,110.88999938964844,106.75,106.75
09-03-2021,103.94000244140625,106.44000244140625,673900,107.95999908447266,104.12999725341797,104.12999725341797
10-03-2021,103.27999877929688,104.62999725341797,776100,106.48999786376953,105.36000061035156,105.36000061035156
11-03-2021,103.91999816894531,105.73999786376953,653000,106.79000091552734,104.9800033569336,104.9800033569336
12-03-2021,105.81999969482422,106.0,690300,108.80000305175781,107.30000305175781,107.30000305175781
15-03-2021,105.83999633789062,106.94999694824219,661600,108.69000244140625,108.44000244140625,108.44000244140625
16-03-2021,104.20999908447266,107.98999786376953,898600,109.0,106.0,106.0
17-03-2021,102.19999694824219,106.2300033569336,827000,106.80000305175781,105.0,105.0
18-03-2021,104.9000015258789,106.23999786376953,851200,110.55999755859375,105.4000015258789,105.4000015258789
19-03-2021,102.44999694824219,104.11000061035156,973100,107.75,105.77999877929688,105.77999877929688
22-03-2021,101.80000305175781,105.52999877929688,700200,105.62000274658203,103.47000122070312,103.47000122070312
23-03-2021,93.76000213623047,101.37000274658203,1696300,101.6500015258789,94.94000244140625,94.94000244140625
24-03-2021,95.5999984741211,96.70999908447266,1326700,99.79000091552734,95.69000244140625,95.69000244140625
25-03-2021,91.48999786376953,93.97000122070312,1093900,98.69000244140625,98.25,98.25
26-03-2021,99.0,99.75,929800,102.75,101.9000015258789,101.9000015258789
29-03-2021,97.44000244140625,101.13999938964844,1102500,102.33999633789062,97.95999908447266,97.95999908447266
30-03-2021,97.3499984741211,97.5,1119400,100.86000061035156,100.12000274658203,100.12000274658203
31-03-2021,100.0999984741211,100.58999633789062,1509100,107.44999694824219,105.69999694824219,105.69999694824219
01-04-2021,99.68000030517578,105.0,1398700,105.93000030517578,100.9800033569336,100.9800033569336
05-04-2021,100.98999786376953,102.41000366210938,1123600,105.05999755859375,104.30000305175781,104.30000305175781
06-04-2021,103.2699966430664,103.62999725341797,1037900,105.66000366210938,104.08000183105469,104.08000183105469
07-04-2021,102.55999755859375,104.87000274658203,610200,105.66000366210938,102.94999694824219,102.94999694824219
08-04-2021,101.16999816894531,102.4800033569336,636200,104.73999786376953,104.55999755859375,104.55999755859375
09-04-2021,104.48999786376953,105.0999984741211,1708000,110.63999938964844,110.5,110.5
12-04-2021,110.0199966430664,110.12000274658203,1827300,114.18000030517578,113.0999984741211,113.0999984741211
13-04-2021,107.26000213623047,112.11000061035156,1937300,112.30999755859375,108.29000091552734,108.29000091552734
14-04-2021,107.01000213623047,107.80000305175781,775000,109.9800033569336,107.73999786376953,107.73999786376953
15-04-2021,106.37999725341797,109.1500015258789,787100,109.1500015258789,107.19000244140625,107.19000244140625
16-04-2021,105.3499984741211,108.51000213623047,1048800,109.0,106.16999816894531,106.16999816894531
19-04-2021,103.33999633789062,105.33000183105469,1034700,106.75,103.93000030517578,103.93000030517578
20-04-2021,99.56999969482422,102.93000030517578,1722900,103.2699966430664,101.9000015258789,101.9000015258789
21-04-2021,101.29000091552734,101.6500015258789,1563800,107.9000015258789,107.55000305175781,107.55000305175781
22-04-2021,106.72000122070312,108.26000213623047,987400,109.94999694824219,107.01000213623047,107.01000213623047
23-04-2021,106.26000213623047,108.31999969482422,722200,109.9000015258789,109.44000244140625,109.44000244140625
26-04-2021,107.48999786376953,110.0,739000,112.3499984741211,108.48999786376953,108.48999786376953
27-04-2021,107.86000061035156,108.48999786376953,544000,111.80999755859375,111.44000244140625,111.44000244140625
28-04-2021,110.69000244140625,111.27999877929688,1280800,114.23999786376953,113.5,113.5
29-04-2021,113.37999725341797,114.98999786376953,924800,116.0,114.05000305175781,114.05000305175781
30-04-2021,111.87000274658203,113.55999755859375,776800,114.38999938964844,113.18000030517578,113.18000030517578
03-05-2021,113.66000366210938,114.31999969482422,696100,117.19999694824219,116.63999938964844,116.63999938964844
04-05-2021,114.45999908447266,116.56999969482422,509600,116.98999786376953,116.23999786376953,116.23999786376953
05-05-2021,116.4800033569336,116.98999786376953,557900,118.6500015258789,117.38999938964844,117.38999938964844
06-05-2021,114.75,118.31999969482422,618700,118.5,115.77999877929688,115.77999877929688
07-05-2021,114.58000183105469,114.79000091552734,752800,119.79000091552734,118.66999816894531,118.66999816894531
10-05-2021,114.81999969482422,118.77999877929688,953900,121.18000030517578,115.01000213623047,115.01000213623047
11-05-2021,110.04000091552734,112.83999633789062,905900,114.02999877929688,111.79000091552734,111.79000091552734
12-05-2021,105.44000244140625,111.27999877929688,795400,112.4800033569336,105.94999694824219,105.94999694824219
13-05-2021,105.87000274658203,106.63999938964844,518600,109.66000366210938,107.63999938964844,107.63999938964844
14-05-2021,108.45999908447266,108.45999908447266,965200,113.77999877929688,113.36000061035156,113.36000061035156
17-05-2021,111.79000091552734,113.37999725341797,624700,116.88999938964844,116.4800033569336,116.4800033569336
18-05-2021,115.45999908447266,116.72000122070312,1530800,117.9800033569336,116.66999816894531,116.66999816894531
19-05-2021,110.58999633789062,114.1500015258789,808900,114.1500015258789,112.66000366210938,112.66000366210938
20-05-2021,106.33999633789062,112.19999694824219,1240600,113.0199966430664,110.02999877929688,110.02999877929688
21-05-2021,108.58999633789062,110.58999633789062,789700,111.12000274658203,109.25,109.25
24-05-2021,108.05000305175781,109.83999633789062,570200,110.94999694824219,110.11000061035156,110.11000061035156
25-05-2021,110.02999877929688,111.12000274658203,595500,112.8499984741211,110.26000213623047,110.26000213623047
26-05-2021,110.43000030517578,111.3499984741211,543500,114.70999908447266,114.37000274658203,114.37000274658203
27-05-2021,114.80000305175781,116.1500015258789,550900,116.9800033569336,116.62999725341797,116.62999725341797
28-05-2021,112.7699966430664,117.55999755859375,815800,117.55999755859375,114.81999969482422,114.81999969482422
01-06-2021,113.20999908447266,115.75,1339100,116.44999694824219,114.11000061035156,114.11000061035156
02-06-2021,108.63999938964844,114.19999694824219,2081600,114.36000061035156,109.41000366210938,109.41000366210938
03-06-2021,107.30000305175781,110.86000061035156,2079300,112.16000366210938,110.58999633789062,110.58999633789062
04-06-2021,106.66999816894531,111.20999908447266,973800,111.33999633789062,110.04000091552734,110.04000091552734
07-06-2021,110.55999755859375,111.58000183105469,777400,113.22000122070312,110.66000366210938,110.66000366210938
08-06-2021,109.58999633789062,110.41999816894531,472900,113.52999877929688,112.91999816894531,112.91999816894531
09-06-2021,110.58000183105469,112.87000274658203,561600,113.11000061035156,110.8499984741211,110.8499984741211
10-06-2021,108.52999877929688,111.48999786376953,608900,112.26000213623047,108.72000122070312,108.72000122070312
11-06-2021,109.2699966430664,109.4800033569336,666900,113.08999633789062,113.04000091552734,113.04000091552734
14-06-2021,108.43000030517578,112.63999938964844,947000,113.22000122070312,108.9800033569336,108.9800033569336
15-06-2021,106.80000305175781,109.04000091552734,490600,109.47000122070312,108.9800033569336,108.9800033569336
16-06-2021,106.11000061035156,108.33999633789062,451900,109.2300033569336,108.58000183105469,108.58000183105469
17-06-2021,103.18000030517578,108.55000305175781,930800,108.81999969482422,105.23999786376953,105.23999786376953
18-06-2021,101.41999816894531,102.7699966430664,1656500,104.94000244140625,101.70999908447266,101.70999908447266
21-06-2021,102.37000274658203,103.16000366210938,945400,104.81999969482422,103.87999725341797,103.87999725341797
22-06-2021,101.62000274658203,103.16000366210938,464500,105.19000244140625,104.7300033569336,104.7300033569336
23-06-2021,105.5,105.51000213623047,1458300,109.77999877929688,107.7699966430664,107.7699966430664
24-06-2021,106.5,107.7300033569336,867400,109.62000274658203,108.30999755859375,108.30999755859375
25-06-2021,108.5,108.5,1716300,111.23999786376953,110.91000366210938,110.91000366210938
28-06-2021,106.12999725341797,110.55000305175781,1126400,110.66000366210938,106.2699966430664,106.2699966430664
29-06-2021,104.83000183105469,106.51000213623047,741000,107.69999694824219,105.0,105.0
30-06-2021,104.30000305175781,105.02999877929688,677200,107.75,107.58999633789062,107.58999633789062
01-07-2021,108.08999633789062,108.81999969482422,702600,110.6500015258789,109.9000015258789,109.9000015258789
02-07-2021,108.33999633789062,110.0,483400,110.0,109.33999633789062,109.33999633789062
06-07-2021,104.7699966430664,108.70999908447266,829500,108.72000122070312,106.80000305175781,106.80000305175781
07-07-2021,102.19999694824219,105.66999816894531,827100,107.12999725341797,103.73999786376953,103.73999786376953
08-07-2021,98.83000183105469,101.33999633789062,1390200,103.01000213623047,102.95999908447266,102.95999908447266
09-07-2021,104.98999786376953,105.68000030517578,863400,108.66999816894531,108.05000305175781,108.05000305175781
12-07-2021,104.76000213623047,106.01000213623047,549700,108.2300033569336,107.7300033569336,107.7300033569336
13-07-2021,103.69000244140625,106.80999755859375,734400,107.06999969482422,104.66999816894531,104.66999816894531
14-07-2021,103.12000274658203,106.36000061035156,733800,107.38999938964844,103.3499984741211,103.3499984741211
15-07-2021,99.13999938964844,101.80000305175781,1063100,102.55999755859375,100.8499984741211,100.8499984741211
16-07-2021,96.70999908447266,101.61000061035156,2109700,102.04000091552734,98.0,98.0
19-07-2021,92.47000122070312,94.70999908447266,1569800,96.06999969482422,93.80000305175781,93.80000305175781
20-07-2021,92.79000091552734,93.7300033569336,1145700,100.38999938964844,99.80000305175781,99.80000305175781
21-07-2021,100.62999725341797,100.69999694824219,677900,104.43000030517578,101.80000305175781,101.80000305175781
22-07-2021,100.0999984741211,101.79000091552734,798600,101.95999908447266,101.36000061035156,101.36000061035156
23-07-2021,100.9800033569336,102.79000091552734,588200,103.68000030517578,101.9000015258789,101.9000015258789
26-07-2021,101.77999877929688,102.04000091552734,446500,104.04000091552734,103.80000305175781,103.80000305175781
27-07-2021,101.1500015258789,102.87000274658203,442200,103.5999984741211,102.25,102.25
28-07-2021,99.9800033569336,103.05000305175781,443500,104.3499984741211,101.63999938964844,101.63999938964844
29-07-2021,102.91000366210938,103.47000122070312,491200,104.66999816894531,103.44999694824219,103.44999694824219
30-07-2021,102.9800033569336,103.43000030517578,1037900,107.4000015258789,104.62000274658203,104.62000274658203
02-08-2021,104.16999816894531,105.91999816894531,692800,109.5199966430664,104.29000091552734,104.29000091552734
03-08-2021,104.16999816894531,106.0199966430664,1218600,110.6500015258789,109.36000061035156,109.36000061035156
04-08-2021,105.6500015258789,107.83999633789062,740600,109.55999755859375,105.77999877929688,105.77999877929688
05-08-2021,105.94999694824219,106.41999816894531,628000,108.97000122070312,108.93000030517578,108.93000030517578
06-08-2021,109.7300033569336,110.80999755859375,574000,111.8499984741211,110.23999786376953,110.23999786376953
09-08-2021,107.5999984741211,109.11000061035156,550900,109.61000061035156,108.05999755859375,108.05999755859375
10-08-2021,107.5199966430664,107.5999984741211,643300,112.83000183105469,110.9800033569336,110.9800033569336
11-08-2021,109.98999786376953,110.91999816894531,626200,114.37000274658203,113.8499984741211,113.8499984741211
12-08-2021,112.58000183105469,114.23999786376953,452500,114.76000213623047,114.2699966430664,114.2699966430664
13-08-2021,113.18000030517578,113.88999938964844,677100,116.69000244140625,116.62000274658203,116.62000274658203
16-08-2021,112.62000274658203,114.9000015258789,657900,115.12999725341797,112.80000305175781,112.80000305175781
17-08-2021,105.41999816894531,110.4800033569336,968100,110.83999633789062,106.69999694824219,106.69999694824219
18-08-2021,104.5999984741211,105.79000091552734,908800,108.47000122070312,106.12999725341797,106.12999725341797
19-08-2021,102.94999694824219,102.9800033569336,957500,107.0999984741211,105.38999938964844,105.38999938964844
20-08-2021,102.3499984741211,105.83000183105469,1926500,106.94999694824219,104.55000305175781,104.55000305175781
23-08-2021,104.30999755859375,106.6500015258789,1737700,108.94000244140625,107.12000274658203,107.12000274658203
24-08-2021,107.55000305175781,107.55000305175781,1570000,112.29000091552734,110.62000274658203,110.62000274658203
25-08-2021,107.8499984741211,110.45999908447266,1713100,111.30999755859375,110.44999694824219,110.44999694824219
26-08-2021,104.38999938964844,111.0999984741211,1091200,111.0999984741211,105.77999877929688,105.77999877929688
27-08-2021,105.5999984741211,105.88999938964844,907700,109.61000061035156,108.87000274658203,108.87000274658203
30-08-2021,106.52999877929688,109.56999969482422,1047600,109.75,106.69999694824219,106.69999694824219
31-08-2021,103.5999984741211,106.05999755859375,1344900,107.23999786376953,104.79000091552734,104.79000091552734
01-09-2021,117.45999908447266,118.83999633789062,3713300,121.55999755859375,120.58000183105469,120.58000183105469
02-09-2021,118.37000274658203,121.37000274658203,1999200,121.94000244140625,119.73999786376953,119.73999786376953
03-09-2021,114.37000274658203,119.29000091552734,1158200,120.12000274658203,115.18000030517578,115.18000030517578
07-09-2021,111.7300033569336,114.91000366210938,957000,115.05000305175781,112.69999694824219,112.69999694824219
08-09-2021,107.22000122070312,111.62000274658203,1719700,112.16999816894531,108.56999969482422,108.56999969482422
09-09-2021,107.91999816894531,108.69999694824219,905800,111.5999984741211,110.77999877929688,110.77999877929688
10-09-2021,109.08999633789062,112.36000061035156,887700,113.9800033569336,109.12999725341797,109.12999725341797
13-09-2021,109.02999877929688,110.5,844400,112.33999633789062,111.23999786376953,111.23999786376953
14-09-2021,107.31999969482422,111.69000244140625,784800,111.69000244140625,109.08999633789062,109.08999633789062
15-09-2021,107.16999816894531,108.63999938964844,600900,110.20999908447266,109.97000122070312,109.97000122070312
16-09-2021,110.0,110.0,814800,112.0,110.19000244140625,110.19000244140625
17-09-2021,108.7699966430664,109.38999938964844,1098900,111.80000305175781,109.9800033569336,109.9800033569336
20-09-2021,104.33000183105469,106.73999786376953,940600,107.83000183105469,106.41999816894531,106.41999816894531
21-09-2021,104.79000091552734,108.16999816894531,745600,108.7300033569336,105.48999786376953,105.48999786376953
22-09-2021,106.6500015258789,107.13999938964844,692200,109.43000030517578,107.55999755859375,107.55999755859375
23-09-2021,108.98999786376953,109.37000274658203,899500,113.72000122070312,111.69999694824219,111.69999694824219
24-09-2021,108.81999969482422,110.0,795900,111.6500015258789,110.4800033569336,110.4800033569336
27-09-2021,111.12000274658203,111.12000274658203,916800,115.19000244140625,113.37999725341797,113.37999725341797
28-09-2021,111.76000213623047,113.37000274658203,1043900,114.5,111.95999908447266,111.95999908447266
29-09-2021,108.30999755859375,112.95999908447266,721500,112.95999908447266,109.37999725341797,109.37999725341797
30-09-2021,102.58000183105469,108.81999969482422,1674500,109.54000091552734,102.79000091552734,102.79000091552734
01-10-2021,102.5999984741211,104.66999816894531,1244700,106.38999938964844,106.18000030517578,106.18000030517578
04-10-2021,106.63999938964844,106.7300033569336,1125500,111.12000274658203,107.45999908447266,107.45999908447266
05-10-2021,108.25,108.97000122070312,1378900,112.0,108.41000366210938,108.41000366210938
06-10-2021,102.76000213623047,105.62000274658203,1157300,107.45999908447266,104.36000061035156,104.36000061035156
07-10-2021,106.12999725341797,107.12000274658203,799900,109.61000061035156,107.0,107.0
08-10-2021,103.93000030517578,106.41999816894531,762100,107.0,104.75,104.75
11-10-2021,104.12000274658203,104.58000183105469,745400,106.62000274658203,104.1500015258789,104.1500015258789
12-10-2021,104.05000305175781,104.05000305175781,653000,107.4800033569336,106.76000213623047,106.76000213623047
13-10-2021,105.80000305175781,107.18000030517578,478900,108.3499984741211,107.55999755859375,107.55999755859375
14-10-2021,108.44999694824219,109.16999816894531,799100,111.30999755859375,110.30999755859375,110.30999755859375
15-10-2021,109.69000244140625,111.19999694824219,804200,112.38999938964844,110.01000213623047,110.01000213623047
18-10-2021,107.51000213623047,108.91999816894531,542000,109.7300033569336,109.5,109.5
19-10-2021,108.58999633789062,110.27999877929688,893500,111.22000122070312,110.3499984741211,110.3499984741211
20-10-2021,109.37000274658203,109.37000274658203,588900,113.5,111.13999938964844,111.13999938964844
21-10-2021,111.58000183105469,111.58000183105469,796800,114.77999877929688,112.70999908447266,112.70999908447266
22-10-2021,110.41999816894531,112.19999694824219,626900,113.0999984741211,111.95999908447266,111.95999908447266
25-10-2021,111.73999786376953,112.44999694824219,558200,113.61000061035156,112.20999908447266,112.20999908447266
26-10-2021,111.66999816894531,113.12000274658203,565783,114.09500122070312,111.75,111.75
